0.07874878
0.53892076
0.74488699
0.71459091
0.75939894
0.73366302
0.79880548
0.84402567
0.80099440
0.80723596
0.81157309
0.81579459
0.85261256
0.87734431
0.81643748
0.83192337
0.78202546
0.82759064
0.78122604
0.74750739
0.84676123
0.86354059
0.87033826
0.80404425
0.84018707
0.82151419
0.82155901
0.82781583
0.80257636
0.77966410
0.84404290
0.81193805
0.82269347
0.83305669
0.75537646
0.73915213
0.75530279
0.81636357
0.80742937
0.87581581
0.75199598
0.77333367
0.71016997
0.85081679
0.82577062
0.82788688
0.81415009
0.82567251
0.82695383
0.80169386
0.81513458
0.76633763
0.70591998
0.69181114
0.80626106
0.82599276
0.83393973
0.83448774
0.77784646
0.76906568
0.79487282
0.84063321
0.81766772
0.84726697
0.84330362
0.86619169
0.85209394
0.83213735
0.83980578
0.81244189
0.85215080
0.83350217
0.76714152
0.79618180
0.84627432
0.83054870
0.71949953
0.78957796
0.84800798
0.81553161
0.80498254
0.81892997
0.85886729
0.80518538
0.77931768
0.76253206
0.86850786
0.84584773
0.81528330
0.83602524
0.76917642
0.87400115
0.83226538
0.85086608
0.81632513
0.80315536
0.85397041
0.82245225
0.74029756
0.80744851
0.78869557