0.10072691
0.68045038
0.88661253
0.93124855
0.90967947
0.90202409
0.91620857
0.92291045
0.92453170
0.93040746
0.94639295
0.91956735
0.92060560
0.90998489
0.92725348
0.93246371
0.89856964
0.91022360
0.94502783
0.91942245
0.91631758
0.90637660
0.92060906
0.92912918
0.86131448
0.88879186
0.92506111
0.91695666
0.94173163
0.94462425
0.93589628
0.94114929
0.94072688
0.93132722
0.93946755
0.89539415
0.92878580
0.94519538
0.94936484
0.95750761
0.95023382
0.93812913
0.94020581
0.94284379
0.94330335
0.94352752
0.93794793
0.95185333
0.95326865
0.94162375
0.92680377
0.94214648
0.93118781
0.93929619
0.94678313
0.95892543
0.95633036
0.94598007
0.91518724
0.90416366
0.93493348
0.90503955
0.93080544
0.92692590
0.94269443
0.95591336
0.93945855
0.92562425
0.91273135
0.92928368
0.89945215
0.90746909
0.91913635
0.91869497
0.92333430
0.90189087
0.93738604
0.92070931
0.91727263
0.92091042
0.92523295
0.91532952
0.92234659
0.93734384
0.93096167
0.92808312
0.95514810
0.94408816
0.93390840
0.94199866
0.93741012
0.94515139
0.95212865
0.94838560
0.94919747
0.92584521
0.93208390
0.94668335
0.96407890
0.95450979
0.95557165