0.07852264
0.10795079
0.23582178
0.21707812
0.21894467
0.15883122
0.16741781
0.20983370
0.13987190
0.19311140
0.17860664
0.20010817
0.16896921
0.08943303
0.05290017
0.11292872
0.07155081
0.23176821
0.21088511
0.11516713
0.25136939
0.14349765
0.11323456
0.13436803
0.13285728
0.17530365
0.20811842
0.01848503
0.22930117
0.27234787
0.07315645
0.26452577
0.03293036
0.15501192
0.08655303
0.08446869
0.19898781
0.22360641
0.33147797
0.16841291
0.09903748
0.27785864
0.22191885
0.17258775
0.19624013
0.07237051
0.16865599
0.08972421
0.28096366
0.21589662
0.16818848
0.12103710
0.31867495
0.11460645
0.03972554
0.10196498
0.06674313
0.09099266
0.07760434
0.13974020
0.10638461
0.17338133
0.16444862
0.11261556
0.08362602
0.07484424
0.09500016
0.09155044
0.08898991
0.14781369
0.16888596
0.11156569
0.16898662
0.09362162
0.13732253
0.10546162
0.01140432
0.14008430
0.05869342
0.26784936
0.13176416
0.04138948
0.16186538
0.15152901
0.20317434
0.16268753
0.12187091
0.14381599
0.09104651
0.12001278
0.06778196
0.26348683
0.19722053
0.27610922
0.26251715
0.13916732
0.11167976
0.11005405
0.12221864
0.20552786
0.17405730