0.06721490
0.22967149
0.47748393
0.67777628
0.84323585
0.85209674
0.74116117
0.77091455
0.82383138
0.82356149
0.77869153
0.77398700
0.72036546
0.79286093
0.82850492
0.82558638
0.77730644
0.79654294
0.84684944
0.79588968
0.77059591
0.83947569
0.79391885
0.67593557
0.76539034
0.81823659
0.75970507
0.79160196
0.80956984
0.86996132
0.79116011
0.75791532
0.81083244
0.85300696
0.84552211
0.83851832
0.81095827
0.88276321
0.82529205
0.81460798
0.81280518
0.83561236
0.84410936
0.80404198
0.82234430
0.81683892
0.84655821
0.81522280
0.81167483
0.85266823
0.81251407
0.76001519
0.82232004
0.80379510
0.87442100
0.83301699
0.74373645
0.80534816
0.87652206
0.79170448
0.81379783
0.84475929
0.84577334
0.83737695
0.83791280
0.84453273
0.79865885
0.81714839
0.86254609
0.82383817
0.85122991
0.84006613
0.86006439
0.83837622
0.85146952
0.76004988
0.81638449
0.85471797
0.75772178
0.83126396
0.83646894
0.84982955
0.85156626
0.83962500
0.79193169
0.85890418
0.82643831
0.80788279
0.85314995
0.85210633
0.89576167
0.86519974
0.86125964
0.88391203
0.86812693
0.86545891
0.82623601
0.82849783
0.87108403
0.86022478
0.78573585