0.05321941
0.12371701
0.04670548
0.06174970
0.07599673
0.05871641
0.15387976
0.06887862
0.14359815
0.05777537
0.03134500
0.08101289
0.08759163
0.12935928
0.09937456
0.09169217
0.02111944
0.11042645
0.06268191
0.09766378
0.10010464
0.11924328
0.12962459
0.11860711
0.09882921
0.03511354
0.10740861
0.07351468
0.10686779
0.04370550
0.05548649
0.07466071
0.11406701
0.12206811
0.16938385
0.06068449
0.06132415
0.14147548
0.12123422
0.08263733
0.03138269
0.16346046
0.13422151
0.12175505
0.12314489
0.12933241
0.09578740
0.04485253
0.10820129
0.07508129
0.06492435
0.08813623
0.05142787
0.05209625
0.12857245
0.12953484
0.09859740
0.10766626
0.07228340
0.10059185
0.06494674
0.12736258
0.12988023
0.12468668
0.05925480
0.12592213
0.08099943
0.06647758
0.06988177
0.10284963
0.07246872
0.24745198
0.19702375
0.06772701
0.11657488
0.10357898
0.06223783
0.19477940
0.11080378
0.12413961
0.15239511
0.08842543
0.11040207
0.08182348
0.12852390
0.05309153
0.15472876
0.18020153
0.10985692
0.04012989
0.06952412
0.07617746
0.09131310
0.17735460
0.05355940
0.08609087
0.02976358
0.04025323
0.12552401
0.07769551
0.04776797