0.06721490
0.24334233
0.26462027
0.43564460
0.37372902
0.61409414
0.63709009
0.62536967
0.57963878
0.51556957
0.54817462
0.52640510
0.48943797
0.30684564
0.32638541
0.35878551
0.46984482
0.63482845
0.58258104
0.50038946
0.55274272
0.61951619
0.54090589
0.52114439
0.68206263
0.62822497
0.64122462
0.60899371
0.64514571
0.62734997
0.59978080
0.61063355
0.55629879
0.41368690
0.56177229
0.53401083
0.51147592
0.52052695
0.60268992
0.57349020
0.65518808
0.57977057
0.56596011
0.47161210
0.51233208
0.58946633
0.64079130
0.66489911
0.69857955
0.66552806
0.60890126
0.65108955
0.65900159
0.60548174
0.70550454
0.66924250
0.61548495
0.63650268
0.67572838
0.65731359
0.44885665
0.56928194
0.57784045
0.42612332
0.30583030
0.41682395
0.57676184
0.60149884
0.54194909
0.56094420
0.56630802
0.46116379
0.30014378
0.37282470
0.58408797
0.65592146
0.60508609
0.58132416
0.60682160
0.43280613
0.66705495
0.69498336
0.62466502
0.53079528
0.50063682
0.57966018
0.58294439
0.59439200
0.54750288
0.59884334
0.63141775
0.68529069
0.66996628
0.58986503
0.71289259
0.60722762
0.53182667
0.65029311
0.62751788
0.49597493
0.68217027