0.14325123
0.09268370
0.10912526
0.04920043
0.09186006
0.10084429
0.14046220
0.14843875
0.08101422
0.05370307
0.08685913
0.13342617
0.06039947
0.12291986
0.06337383
0.13767286
0.13732144
0.11548612
0.11616419
0.09332195
0.10418682
0.07104757
0.03764196
0.11731927
0.20724700
0.05289406
0.11485593
0.10998048
0.06176191
0.08553638
0.08294851
0.06726041
0.05074811
0.08215795
0.03494259
0.11545579
0.06807835
0.06700450
0.03668096
0.08467459
0.20238084
0.05945518
0.14079845
0.10552584
0.15022457
0.05592167
0.07456911
0.10963819
0.06773444
0.06619266
0.18070784
0.05200796
0.14770859
0.05016283
0.14704104
0.06181082
0.11586679
0.11784863
0.18654320
0.11798989
0.04006440
0.15606533
0.13187890
0.11144397
0.12079764
0.20180933
0.11572123
0.09067471
0.14861350
0.10470121
0.12180556
0.20053747
0.13826384
0.07416043
0.03691511
0.13207360
0.07487725
0.09796871
0.09220732
0.13166781
0.07613471
0.13274390
0.10705566
0.10074063
0.10048823
0.03507269
0.02835412
0.13823739
0.13186327
0.11879090
0.13152957
0.12336504
0.09519232
0.06478810
0.07738133
0.08613963
0.09566735
0.02221963
0.10975074
0.19806367
0.13493203