0.03732009
0.11896986
0.11829825
0.01897201
0.07948209
0.08947301
0.09807006
0.05741430
0.09243233
0.08578473
0.11136863
0.04262756
0.20182125
0.11886182
0.15130208
0.04701531
0.07565556
0.09094159
0.13170964
0.11940663
0.07349407
0.09445737
0.12844616
0.13707978
0.10010532
0.10075688
0.08240917
0.13734227
0.08312398
0.08496683
0.14362980
0.06146334
0.14213510
0.13863456
0.09427717
0.12598971
0.09655213
0.16255550
0.10244428
0.09878547
0.05749808
0.07001531
0.17370015
0.07184856
0.07252666
0.14826582
0.08924238
0.09120451
0.07674374
0.23271912
0.02860458
0.15723327
0.16814132
0.20390886
0.14115934
0.07274307
0.06807163
0.09553167
0.08114731
0.05836975
0.10694487
0.07567789
0.11711324
0.06702737
0.07280347
0.08008602
0.10188270
0.08594302
0.11853664
0.07697161
0.11052240
0.06920681
0.06211343
0.12554282
0.12993348
0.09246754
0.04116855
0.14606866
0.04472523
0.08059554
0.11033203
0.20578104
0.10484882
0.06663232
0.15456562
0.06936405
0.09167304
0.04723004
0.10559978
0.14805853
0.06862551
0.08339056
0.15001483
0.07387441
0.09769262
0.18465793
0.10266437
0.04811675
0.18505888
0.05030593
0.03814221