0.11377785
0.18482336
0.46253169
0.71658766
0.69091338
0.62984359
0.58400643
0.73268121
0.71052897
0.61642843
0.63447201
0.59639001
0.73422360
0.59941298
0.73184347
0.72697622
0.60696799
0.59354860
0.63888681
0.58807290
0.51647401
0.68390191
0.62916422
0.59838754
0.62498730
0.61344337
0.62749076
0.65024638
0.67153567
0.70072371
0.61508924
0.64756632
0.65467966
0.69782257
0.67306757
0.73208284
0.65671813
0.61142141
0.71928674
0.63386065
0.66456139
0.61816150
0.57334852
0.67393303
0.71551973
0.76116705
0.59318769
0.56977046
0.67998910
0.65606517
0.61051792
0.71134406
0.70571029
0.71400017
0.65066367
0.74167341
0.71408784
0.57328135
0.64154053
0.60034078
0.63362670
0.71031034
0.67756772
0.76962733
0.70511061
0.67986524
0.68585253
0.67279923
0.56760061
0.58903474
0.61244124
0.59734255
0.65852284
0.69714868
0.71701622
0.70233554
0.68468499
0.67109835
0.66848159
0.68970221
0.64862472
0.73740959
0.72280848
0.72823691
0.75698900
0.76794618
0.68372679
0.60869998
0.68724692
0.68987793
0.59058303
0.70789099
0.62370431
0.73705351
0.70823592
0.73396897
0.68001193
0.71672255
0.71580243
0.75121003
0.65104985