0.06924482
0.10903187
0.17243691
0.08022894
0.19750282
0.09538924
0.16057265
0.22299814
0.23770741
0.07556552
0.26087245
0.16609283
0.13023633
0.17597640
0.09096214
0.19822760
0.21751027
0.04825323
0.16333115
0.19866604
0.20236896
0.15055552
0.07597157
0.14304122
0.23850781
0.15142071
0.05835833
0.10377973
0.19609164
0.20032039
0.07273896
0.15455711
0.09740455
0.08592228
0.20908098
0.13944510
0.12113971
0.15968376
0.23364349
0.22351518
0.14333183
0.08998279
0.28452432
0.04737682
0.10712466
0.11665181
0.09877712
0.17210788
0.17688288
0.16213864
0.20797139
0.11523379
0.04799633
0.08847603
0.06728764
0.07641250
0.14901169
0.19922343
0.11464251
0.06757594
0.25734416
0.12532164
0.12841806
0.15917225
0.10143051
0.08559115
0.15805645
0.05678954
0.19532205
0.13929552
0.23837125
0.09717224
0.17219508
0.08897305
0.17353942
0.10002093
0.11395229
0.20378025
0.21546406
0.09807019
0.11714505
0.15551369
0.06687817
0.14054273
0.22065076
0.19247597
0.13550140
0.09514222
0.12317844
0.14184052
0.13243234
0.14472841
0.09277126
0.19326760
0.11703543
0.09735124
0.30921504
0.18513884
0.18071765
0.21939808
0.15908018