0.12927887
0.15646161
0.06466348
0.25792617
0.02433112
0.03874975
0.06773426
0.09694055
0.07912493
0.09024544
0.09660051
0.12801434
0.06912049
0.11674593
0.10637127
0.12624371
0.10417555
0.10735893
0.09760833
0.10958648
0.06745045
0.12365590
0.14064144
0.10341860
0.10087183
0.10480125
0.01505828
0.16530648
0.07212541
0.05964003
0.16487338
0.05693340
0.16823372
0.07035060
0.14344177
0.08173110
0.11011775
0.13794924
0.15085262
0.10118543
0.12050975
0.08746918
0.07491409
0.14978959
0.06066591
0.05814725
0.09825477
0.05438836
0.05482887
0.04904189
0.10422687
0.08278972
0.14259119
0.19148915
0.09509022
0.07072169
0.02766923
0.11722681
0.09146442
0.06234448
0.13383621
0.07859500
0.15447912
0.07474444
0.03472860
0.04263551
0.09056991
0.04807658
0.06861800
0.03650894
0.03498102
0.08041062
0.08013198
0.13034332
0.15808700
0.07284834
0.17890508
0.20316207
0.12944332
0.05955341
0.04745258
0.10546160
0.09106491
0.09080271
0.05513872
0.06923588
0.07107318
0.17967059
0.12529038
0.11945648
0.13403863
0.10528484
0.12913191
0.19390869
0.08537912
0.16032396
0.04593904
0.12437347
0.03182847
0.15805924
0.04689525