0.05636942
0.62747312
0.86305374
0.97043455
0.98449987
0.98302269
0.98428339
0.97969854
0.98186350
0.98447192
0.98633689
0.98692441
0.98731560
0.98215556
0.98063779
0.97975433
0.97982907
0.98241162
0.97828788
0.98051184
0.97170419
0.97968602
0.97799677
0.98333228
0.98539305
0.98267853
0.98121834
0.98146760
0.98137742
0.98500788
0.98518175
0.98155153
0.98032033
0.98426652
0.98354691
0.98259383
0.98295617
0.98453361
0.98258626
0.98314863
0.97799212
0.98380774
0.98331785
0.98628801
0.98347574
0.98044807
0.98208922
0.98593241
0.98282266
0.98869437
0.98610193
0.98770875
0.98530406
0.98453414
0.98350334
0.98478436
0.98360604
0.98752975
0.98327422
0.98264146
0.98137772
0.98322415
0.98529792
0.98236978
0.98891377
0.97875762
0.97979552
0.98242462
0.98527151
0.98519373
0.98026419
0.98619169
0.98662698
0.98387915
0.98163295
0.97744346
0.97938430
0.97734606
0.98219872
0.98649359
0.98672462
0.98005712
0.98473984
0.98710257
0.98937547
0.98801130
0.98639792
0.98616433
0.98577988
0.98210055
0.98943448
0.98709071
0.98431784
0.98858881
0.98440081
0.98660898
0.98227060
0.98257357
0.98714936
0.98680884
0.98569781