0.08533442
0.33079457
0.79762018
0.86461157
0.88868952
0.89404267
0.89245981
0.89522225
0.85572267
0.89050126
0.85521728
0.88760680
0.90642822
0.87974119
0.84724021
0.85031325
0.87402582
0.87593859
0.92697769
0.84869355
0.85184598
0.86239660
0.91502100
0.88985664
0.87856466
0.86027199
0.88259995
0.87405425
0.81676519
0.83446687
0.85589731
0.85084635
0.86982834
0.83005190
0.78393632
0.85953712
0.82862008
0.77596468
0.82849532
0.81636643
0.84769225
0.88936228
0.85559386
0.83810526
0.83043867
0.89132112
0.88398778
0.90490073
0.87941015
0.89152914
0.90201944
0.92468524
0.91416824
0.91020525
0.92776132
0.93763578
0.91170472
0.92308885
0.90029877
0.85765994
0.87988776
0.84369940
0.89484674
0.89037234
0.90351695
0.90135825
0.88343298
0.89759117
0.86669278
0.88505816
0.88099688
0.86256498
0.86318070
0.87712324
0.87952828
0.90552521
0.91422236
0.90691370
0.89317441
0.91387987
0.91422844
0.89770615
0.87037474
0.86332458
0.85122108
0.86710048
0.88090724
0.88549882
0.86829215
0.87137800
0.87221450
0.84885949
0.88897204
0.88743967
0.89460295
0.88046175
0.83076280
0.87539488
0.87909842
0.92783552
0.91373307