0.09416495
0.82434756
0.94107789
0.95485079
0.98139358
0.97927767
0.98230010
0.98264146
0.97294211
0.97367460
0.98189825
0.97551382
0.98337483
0.97896028
0.97712570
0.98226237
0.98586363
0.98359865
0.98544711
0.98146117
0.98601687
0.98666793
0.98617470
0.98440814
0.97778112
0.98283446
0.98494029
0.98701978
0.98293024
0.98138022
0.98369426
0.98229891
0.98139554
0.98339099
0.97855848
0.98429579
0.98602587
0.97458267
0.98133504
0.97788405
0.98364294
0.98275542
0.98306775
0.98333573
0.98065287
0.98661405
0.97767425
0.97825599
0.97526139
0.98418516
0.98400980
0.98662478
0.97996694
0.97839797
0.97713768
0.98057234
0.98754340
0.98182404
0.98005313
0.98270535
0.98464811
0.98548704
0.98441309
0.97923058
0.98439324
0.98136657
0.98112845
0.98612630
0.97930002
0.98417926
0.97948289
0.98377168
0.97947800
0.97995657
0.98144794
0.98100924
0.98091942
0.98335296
0.98107183
0.98215407
0.97767538
0.98004359
0.98579270
0.98608679
0.98663086
0.98455757
0.98640794
0.98509902
0.98462462
0.97720367
0.98564249
0.98476905
0.98327196
0.98418164
0.98561859
0.98460615
0.98691922
0.98837328
0.98941767
0.98319674
0.98104042