0.02160217
0.18020710
0.58963561
0.79217148
0.88611853
0.91641963
0.93554825
0.91880345
0.91904402
0.92414683
0.90259606
0.91886663
0.91383189
0.84609914
0.80778235
0.85052866
0.90918231
0.89806581
0.91750151
0.91648179
0.91196913
0.90822673
0.90764731
0.90303779
0.90079468
0.91734767
0.92198980
0.87658113
0.88326955
0.87439948
0.88243979
0.85142660
0.88849330
0.90518606
0.91132706
0.82622927
0.83192515
0.85401368
0.85746759
0.87109399
0.86043310
0.84846652
0.92316246
0.89780134
0.91645378
0.92168862
0.88921905
0.90486616
0.91070175
0.88550842
0.91159272
0.84288615
0.88800603
0.90199661
0.86510831
0.87910384
0.90312189
0.83580154
0.86425078
0.86653328
0.85193110
0.87222159
0.86045736
0.78211612
0.86473382
0.89886427
0.91513878
0.92182183
0.89558417
0.92672098
0.84866530
0.89605188
0.90669042
0.92712480
0.90238261
0.91045707
0.93207860
0.92147607
0.88614792
0.92821229
0.84827960
0.89777201
0.90681952
0.90826273
0.85386831
0.88332158
0.91088021
0.92058325
0.88668573
0.82378840
0.76287979
0.70963854
0.84630686
0.85415459
0.85052758
0.88685125
0.89624238
0.91729045
0.88369834
0.89623976
0.91197050