0.11598152
0.67870283
0.91654849
0.97263253
0.99251020
0.99619591
0.99787933
0.99654925
0.99695444
0.99775290
0.99712545
0.99725091
0.99642050
0.99753594
0.99703372
0.99655014
0.99773371
0.99715334
0.99749720
0.99656439
0.99762267
0.99708194
0.99700111
0.99734068
0.99633276
0.99781638
0.99770701
0.99708664
0.99683332
0.99559486
0.99733281
0.99585170
0.99693048
0.99748963
0.99762774
0.99713624
0.99705344
0.99607956
0.99790412
0.99694878
0.99663627
0.99647886
0.99607801
0.99707735
0.99669784
0.99606073
0.99687821
0.99769956
0.99594980
0.99760902
0.99760556
0.99704576
0.99684787
0.99703711
0.99684805
0.99728334
0.99630523
0.99607795
0.99596071
0.99671233
0.99654120
0.99486840
0.99740893
0.99508440
0.99686682
0.99672025
0.99647874
0.99658704
0.99269843
0.99016541
0.99544418
0.99771410
0.99570394
0.99571937
0.99536878
0.99759674
0.99644339
0.99700427
0.99664038
0.99726546
0.99746704
0.99744993
0.99696088
0.99657059
0.99739999
0.99715120
0.99686533
0.99694908
0.99735922
0.99758315
0.99774069
0.99598533
0.99715805
0.99746686
0.99802607
0.99726504
0.99724853
0.99717081
0.99658006
0.99621177
0.99649787