0.08263307
0.08125482
0.10230160
0.07312061
0.04280107
0.14731516
0.15017007
0.11101925
0.06149209
0.17458019
0.06718720
0.11642821
0.13489164
0.06752933
0.10051467
0.07130082
0.06547005
0.11439008
0.10465240
0.19004598
0.06850247
0.09232634
0.15858470
0.06616797
0.06230983
0.12716731
0.10329897
0.14630325
0.12852226
0.08316419
0.15308988
0.16134016
0.09915093
0.08759985
0.02120817
0.02738690
0.09676617
0.08562275
0.08177772
0.14470230
0.08365096
0.18153316
0.07341326
0.20140003
0.12755042
0.16749468
0.17861320
0.14815260
0.08804223
0.10066587
0.24164495
0.05766371
0.10569920
0.13860206
0.11629716
0.11879298
0.08196241
0.08148967
0.10646844
0.07385033
0.10434727
0.08202557
0.09647881
0.02992412
0.08271835
0.10116810
0.09481620
0.03638320
0.10115273
0.07639471
0.07701205
0.12473902
0.09363541
0.11538210
0.06655701
0.08199854
0.09679739
0.12150107
0.11429460
0.10188555
0.18855247
0.11992501
0.05406918
0.08362120
0.14156894
0.11566219
0.07385125
0.12350768
0.10824650
0.12127005
0.02551135
0.10379669
0.23142959
0.11250605
0.11357977
0.08628914
0.09134470
0.04205362
0.10945858
0.07294971
0.17339000