0.08263307
0.14502871
0.13237791
0.06153903
0.13692170
0.07441732
0.15808652
0.12267389
0.11042788
0.06099011
0.07604881
0.09774641
0.13316712
0.04643963
0.11426163
0.05281771
0.05906720
0.11444996
0.11180755
0.12566957
0.12579367
0.10849868
0.10816020
0.14467733
0.01324030
0.06897590
0.08767813
0.08534783
0.10058928
0.21128224
0.07623287
0.07306316
0.17150635
0.18967661
0.05288708
0.15340234
0.13811319
0.05330719
0.21467261
0.10058526
0.06507841
0.06043323
0.14221683
0.08239844
0.05336845
0.11044030
0.14379938
0.02501511
0.13117604
0.04324291
0.13028857
0.06998611
0.14592090
0.09306042
0.08284110
0.09939953
0.13796440
0.06318293
0.09460606
0.12487966
0.13305646
0.11289223
0.02009165
0.11446401
0.11334927
0.14263754
0.06859501
0.09039323
0.06688502
0.18931396
0.12228444
0.05779842
0.12741540
0.14534384
0.11496473
0.16820000
0.03986251
0.08150580
0.10295922
0.01743314
0.08602116
0.08086501
0.17844601
0.13375206
0.14018540
0.03042407
0.08632639
0.07832915
0.10640520
0.07927094
0.06755018
0.13199034
0.10089655
0.11904018
0.07066336
0.16034319
0.05532365
0.06916725
0.05142512
0.06033999
0.12461083