0.14674504
0.67921257
0.85437399
0.90247703
0.86487013
0.83305502
0.85051328
0.85910124
0.86226255
0.88866019
0.90300769
0.89044207
0.91403466
0.90326792
0.92135423
0.92073435
0.91771215
0.90848702
0.90921229
0.89208788
0.90783256
0.90234202
0.91434050
0.88186705
0.89621305
0.88839579
0.91087121
0.90638626
0.92834473
0.91548431
0.91687638
0.90730578
0.90629697
0.93910873
0.87726051
0.90479398
0.90030706
0.91668135
0.90866750
0.90444356
0.87403989
0.90054512
0.86783767
0.87226558
0.88512594
0.91417265
0.92491990
0.91261673
0.89301842
0.91115499
0.91112906
0.92946076
0.92211342
0.91646940
0.91867328
0.92037642
0.92340028
0.88902020
0.91104120
0.92377490
0.92366546
0.89721471
0.91178757
0.90654969
0.90338081
0.90664321
0.88025963
0.90108728
0.92080873
0.88921165
0.92484307
0.89732832
0.87192446
0.84639853
0.90559518
0.88219148
0.85289747
0.87771279
0.86128753
0.85620695
0.89599884
0.89492583
0.87237334
0.89043528
0.89299154
0.89066625
0.88981086
0.88824403
0.89379466
0.89835221
0.88761938
0.89949316
0.88658041
0.90971029
0.90525359
0.91475111
0.89904666
0.88058418
0.85976881
0.91408736
0.92874932