0.03732009
0.08109000
0.16799732
0.05730265
0.12963770
0.09375848
0.14677449
0.13939209
0.12169537
0.04067902
0.10083166
0.07900712
0.16496895
0.23700339
0.13270466
0.08090984
0.01872937
0.02532952
0.05900412
0.12285809
0.13173884
0.16575436
0.10391318
0.12249885
0.12674727
0.05396195
0.12042423
0.16205510
0.12122600
0.13940047
0.08122359
0.09739882
0.21152033
0.10550064
0.19284324
0.08623502
0.14934914
0.07040048
0.13407303
0.10984568
0.10075647
0.16811943
0.11363564
0.12433967
0.10584711
0.19118471
0.08617619
0.11476060
0.23277922
0.07933955
0.13677238
0.25939351
0.06954399
0.14759405
0.12079535
0.11459336
0.11403336
0.05709900
0.14527079
0.11453355
0.07900287
0.08544187
0.16233313
0.06420603
0.10384966
0.12220116
0.08385143
0.02237228
0.15876146
0.20140101
0.03688757
0.12094368
0.08370908
0.11120030
0.18438250
0.13363422
0.09393553
0.11724041
0.04132562
0.30142239
0.09921676
0.06880670
0.12312399
0.08470096
0.23342822
0.13740303
0.14115931
0.10814128
0.14133185
0.09874576
0.05680700
0.14775272
0.17641012
0.05841045
0.15024130
0.13550204
0.13049188
0.06764621
0.13693041
0.20200628
0.10516231