0.11512381
0.06153053
0.26343593
0.04345728
0.08156988
0.03944980
0.08338356
0.15287417
0.14144450
0.05307721
0.06716391
0.12994023
0.12453393
0.09883842
0.11431357
0.07428066
0.11950386
0.12071810
0.03534257
0.05041397
0.11365322
0.10441677
0.15863863
0.08441279
0.07804158
0.05511044
0.11135890
0.08945612
0.15315317
0.07484423
0.11251617
0.02948351
0.11150562
0.06304874
0.11663427
0.10054711
0.08150807
0.04631561
0.08881491
0.00626046
0.14804429
0.21297628
0.17656910
0.06625780
0.11546056
0.05392898
0.04758617
0.15913779
0.13353446
0.17882767
0.07760029
0.14637262
0.15825304
0.18346444
0.11165524
0.13397409
0.19719860
0.12645242
0.04574337
0.11738054
0.06318221
0.07167706
0.03721679
0.13117887
0.11084761
0.19879341
0.03002271
0.10282896
0.12856540
0.02164682
0.15582803
0.12548476
0.09809156
0.05621863
0.13156880
0.01466388
0.13334873
0.05511944
0.09409953
0.10574351
0.05382916
0.11625327
0.07020605
0.16870219
0.22718023
0.08218203
0.11311013
0.15203653
0.08609366
0.11820991
0.10631973
0.08779673
0.12316458
0.11036235
0.12478894
0.13454384
0.07439536
0.15964480
0.05882355
0.14899011
0.11127788