0.05855872
0.09755234
0.08493286
0.19054289
0.16183728
0.13967983
0.12242379
0.12311939
0.17021307
0.09239279
0.10449886
0.05735002
0.22856134
0.17605224
0.17214821
0.18275160
0.13274430
0.11809561
0.13486609
0.09152653
0.05849302
0.20486595
0.09482741
0.18409860
0.10243592
0.13928759
0.11748838
0.17561471
0.13981187
0.16988809
0.17739236
0.12771617
0.14861172
0.11582983
0.04426595
0.16467255
0.15490417
0.17836800
0.13936202
0.11413806
0.21262303
0.12258632
0.18185988
0.02029385
0.07664452
0.04513671
0.12529434
0.13257271
0.12248074
0.15285231
0.19480249
0.08401658
0.07726052
0.07934557
0.21283697
0.15676565
0.16866976
0.10339355
0.10856693
0.06620721
0.20345490
0.27679867
0.05416412
0.06856681
0.06414632
0.13509738
0.16528702
0.20216382
0.07085688
0.03404116
0.16363832
0.13354775
0.14183235
0.28120804
0.11603747
0.03082204
0.09399791
0.05060787
0.20879596
0.08192689
0.04640151
0.13953941
0.21008109
0.06093855
0.13666111
0.16983038
0.14133547
0.12427954
0.08858664
0.09104922
0.10072383
0.08447389
0.13732097
0.21603103
0.03161077
0.27530611
0.14741522
0.19281024
0.19692872
0.08912022
0.04721295