0.26633909
0.04602636
0.17330143
0.20717950
0.33614919
0.40544620
0.31419984
0.31526929
0.28506756
0.48826697
0.26884076
0.30185995
0.24017981
0.27136794
0.26724091
0.29916257
0.35860160
0.25529674
0.12039323
0.18579714
0.37810889
0.19296525
0.15875372
0.39801949
0.24197029
0.19131540
0.29846951
0.14095840
0.36096093
0.10743958
0.20267363
0.23145974
0.30950156
0.31840950
0.30345312
0.35303673
0.30471376
0.38078994
0.35111347
0.38314927
0.24081741
0.48463595
0.27846470
0.32990247
0.31708917
0.25629821
0.38027096
0.29024833
0.43199790
0.11460502
0.27463478
0.14102118
0.11527375
0.17481172
0.10797340
0.10551669
0.13115245
0.25744551
0.26803908
0.09916174
0.28040019
0.24024847
0.41051868
0.35040787
0.40240070
0.48688415
0.33708978
0.41291100
0.33501038
0.21458572
0.25240567
0.16487807
0.10261540
0.18672128
0.11351445
0.17670088
0.30260757
0.33268738
0.33671138
0.34426266
0.21284190
0.42306557
0.13257463
0.08691698
0.17732897
0.28271970
0.23420383
0.25211316
0.33943474
0.41481587
0.18836452
0.36224091
0.30413991
0.34260258
0.27048507
0.20518774
0.09337898
0.06826935
0.27921832
0.09988315
0.24891330