0.06718107
0.03097032
0.16330813
0.09604590
0.12746187
0.08873465
0.12861075
0.04807739
0.11930930
0.06095861
0.04560346
0.09256378
0.04985761
0.01591335
0.05847207
0.09998547
0.09636050
0.05233287
0.08866576
0.07608011
0.08834532
0.06993540
0.11881614
0.06094946
0.07193217
0.08909991
0.17423339
0.19813141
0.07927482
0.19120272
0.09291792
0.06547270
0.15452914
0.04822633
0.06173167
0.14837897
0.06259137
0.16493109
0.09571696
0.11402600
0.06256630
0.07941774
0.08485720
0.13380219
0.09159936
0.08556256
0.14134970
0.07403540
0.10768114
0.12669407
0.05913821
0.02697233
0.12838638
0.20538180
0.14615884
0.07798262
0.10579592
0.13982710
0.16748980
0.24027540
0.09768402
0.11115344
0.10404424
0.07957606
0.16354832
0.09654675
0.16316611
0.16267116
0.11663128
0.11572710
0.16209351
0.12509209
0.10978307
0.08567143
0.10833555
0.18397413
0.11434295
0.10598242
0.21845448
0.12819105
0.13668801
0.12124377
0.05820974
0.11481645
0.08556108
0.14795378
0.12097862
0.19802134
0.04708380
0.25606674
0.09997922
0.06908572
0.06675749
0.06235515
0.12906541
0.14323619
0.07162917
0.18076405
0.08886485
0.14443298
0.23159876