0.10303149
0.09443166
0.10309947
0.10035142
0.11028671
0.06699784
0.17016822
0.11782017
0.08524645
0.11494783
0.13877288
0.10881471
0.09421270
0.15714692
0.09435036
0.07009336
0.05006390
0.09084562
0.09916535
0.09052254
0.09709059
0.09424001
0.15932132
0.03387208
0.18168825
0.13394007
0.07312063
0.12102982
0.09777698
0.05988833
0.14367144
0.12029876
0.10106315
0.08547992
0.22105263
0.09457913
0.08576074
0.07410818
0.03672519
0.08763821
0.08526507
0.12490232
0.05477732
0.13097490
0.05837298
0.11105442
0.13349187
0.12598945
0.06012501
0.11366372
0.03991939
0.09173450
0.20885749
0.06420451
0.14578886
0.08660129
0.11253922
0.05286631
0.02863398
0.11564531
0.09607720
0.08882675
0.04444604
0.08993679
0.05108517
0.10393845
0.12398113
0.13655044
0.08435950
0.03652622
0.08081539
0.15431532
0.08736737
0.06884228
0.10391852
0.12577671
0.05332335
0.07464159
0.10586769
0.11961817
0.12273040
0.04078222
0.14393134
0.05932118
0.06161127
0.11890649
0.13658066
0.12898178
0.21173114
0.08913449
0.08363800
0.12975137
0.07047293
0.07004026
0.15243644
0.08831216
0.13344719
0.11122205
0.12489796
0.05408846
0.06036691