0.06916220
0.61798221
0.88105547
0.93327069
0.93815774
0.94601387
0.93359894
0.89649063
0.88368887
0.95025057
0.93027848
0.92294633
0.93888032
0.91327071
0.94159800
0.94155741
0.93612838
0.89487624
0.91450292
0.91580927
0.90746939
0.92679137
0.90957618
0.92075163
0.95108151
0.92119682
0.92039222
0.94126219
0.93557054
0.95017552
0.93677366
0.94857895
0.93459952
0.90255243
0.92831057
0.93443060
0.91412431
0.92958504
0.93147415
0.93634504
0.93807930
0.95390940
0.93556517
0.93323481
0.90395010
0.91080457
0.92663491
0.89567399
0.93473357
0.92731500
0.92841691
0.91782683
0.92516732
0.95093393
0.93743116
0.93175161
0.93522608
0.93224466
0.92105299
0.91706657
0.91246504
0.93859458
0.93780196
0.90742713
0.92647028
0.92733920
0.94009799
0.89829856
0.92199051
0.92111319
0.94066888
0.94197524
0.91609436
0.92002869
0.92929095
0.93577307
0.93454379
0.92569900
0.90672356
0.90843600
0.92818946
0.89365596
0.90379411
0.94739133
0.92828393
0.93637568
0.90780258
0.93120193
0.93255186
0.94382113
0.93525064
0.90945214
0.92081201
0.90462267
0.94720268
0.91041106
0.93689018
0.91194642
0.92935789
0.93361020
0.93252122