0.06998644
0.24537760
0.36892086
0.37734193
0.52881849
0.61566496
0.56084263
0.54384786
0.39610130
0.56046712
0.50728256
0.61410642
0.41554046
0.59465402
0.56123996
0.45220730
0.39026272
0.37943870
0.56083077
0.53247905
0.53297848
0.46086353
0.50647664
0.55452299
0.59223628
0.50011671
0.47900024
0.45936382
0.54555821
0.49412227
0.46720421
0.53878510
0.54705906
0.64335501
0.60476142
0.49723294
0.63640249
0.32443812
0.52252436
0.50148964
0.64433026
0.37432149
0.54198897
0.58634484
0.52828163
0.49697816
0.46186298
0.37956521
0.42631572
0.51203704
0.59485376
0.41444579
0.46934259
0.53808075
0.66469604
0.63470161
0.48163268
0.51109982
0.54272884
0.60031116
0.54132289
0.65587926
0.63509703
0.62607032
0.67997444
0.67043579
0.62795538
0.67775118
0.65780604
0.71445131
0.69760340
0.69518477
0.66313165
0.60978699
0.52657801
0.68301970
0.53759927
0.49364257
0.60091764
0.70355409
0.51543981
0.65706480
0.52754807
0.51217991
0.55565542
0.64203459
0.49389565
0.57422709
0.64886802
0.53049165
0.56049991
0.48166302
0.47683048
0.52844644
0.54754990
0.58778864
0.38782448
0.33720893
0.50682461
0.67385042
0.59377980