0.08449510
0.38590771
0.70683831
0.72856599
0.62845975
0.60900354
0.71958178
0.61174697
0.44613686
0.54278713
0.69134849
0.69539022
0.78619576
0.67741197
0.72745651
0.75644362
0.77293617
0.71901947
0.69639748
0.61687917
0.39673346
0.38960510
0.50333887
0.67379892
0.77334571
0.76410079
0.66951638
0.68857145
0.60375011
0.68080062
0.62000221
0.61272126
0.55709863
0.63899362
0.52161628
0.44580966
0.51393187
0.47733280
0.19095147
0.36598817
0.48749125
0.57749999
0.66963929
0.62510628
0.58141816
0.56787759
0.68309569
0.68512189
0.68002760
0.54970664
0.50540447
0.51409364
0.59877622
0.40965453
0.24218525
0.35763600
0.16737835
0.20540914
0.27953240
0.48391509
0.39518380
0.56941980
0.54273468
0.65737975
0.68470293
0.62238264
0.62462801
0.72912270
0.79048979
0.67461282
0.53713477
0.47723958
0.73019928
0.75409073
0.67752576
0.60509443
0.70075625
0.70921874
0.70075631
0.58063453
0.68003935
0.69844103
0.52242774
0.66854346
0.76957285
0.72867358
0.69908994
0.71676207
0.65571016
0.74858397
0.66337281
0.75486928
0.73041952
0.72727168
0.79794121
0.70253718
0.65953463
0.68158948
0.59413987
0.70714289
0.73297691