0.11506237
0.06200329
0.13924158
0.06365465
0.17538901
0.23560525
0.09974190
0.11438350
0.10008423
0.06983804
0.11293823
0.11613449
0.06232548
0.08039322
0.10230532
0.08770964
0.21163990
0.12008501
0.22379540
0.11578737
0.18767530
0.04402138
0.18831770
0.17537346
0.21286240
0.11565413
0.09438971
0.05358041
0.10132018
0.05028154
0.08339715
0.02869407
0.08227240
0.11044137
0.08573763
0.07600590
0.14087448
0.09624536
0.15736336
0.07536086
0.04709739
0.06988069
0.07059881
0.07759419
0.15998238
0.14231883
0.08835714
0.04540425
0.13577306
0.04802631
0.06520948
0.08059778
0.13830520
0.06687909
0.16335768
0.13015825
0.11987472
0.04566861
0.17509113
0.12207334
0.14392628
0.04885814
0.05975650
0.18430451
0.14233842
0.06002432
0.10518514
0.07477485
0.21061102
0.09044728
0.06804901
0.05281840
0.07232933
0.09393942
0.05817068
0.20519616
0.03796817
0.12824325
0.08410177
0.12190304
0.08865792
0.13982777
0.04265818
0.06236618
0.09490004
0.20628978
0.15608260
0.11188527
0.03548718
0.11153705
0.11488846
0.09651531
0.14727792
0.08520232
0.12721762
0.09938186
0.10447121
0.08934422
0.09384462
0.02621063
0.15117416