0.14341784
0.15047994
0.03189906
0.11450309
0.11834963
0.09883007
0.11272406
0.07182255
0.11237684
0.11171778
0.07121447
0.15274668
0.17622599
0.07981256
0.06751223
0.02863100
0.09342058
0.06027087
0.06448097
0.07897736
0.10562402
0.05773069
0.09528988
0.14447044
0.06520315
0.16136488
0.18172535
0.08558276
0.06178793
0.18154797
0.12641214
0.10092116
0.04121755
0.20023541
0.08012844
0.07354975
0.10034043
0.07916173
0.04895363
0.05524193
0.07844242
0.05987128
0.16188051
0.16579615
0.12764370
0.05624859
0.12459543
0.16422890
0.13624431
0.06299083
0.07116447
0.09314860
0.15830907
0.20294008
0.04640995
0.11935010
0.18101810
0.10044054
0.13152918
0.06073944
0.14007665
0.12197913
0.15134494
0.13702753
0.07865094
0.03151572
0.06923823
0.07917176
0.14864343
0.08520127
0.06500192
0.16398592
0.05778435
0.03934292
0.04104853
0.09687433
0.09685110
0.05766152
0.15703852
0.11081158
0.13145456
0.08206128
0.14809266
0.09451457
0.07575889
0.06753519
0.10638811
0.14994662
0.06111168
0.12776521
0.13656408
0.08075085
0.12711586
0.05486991
0.05663853
0.11074577
0.11837580
0.05188233
0.11830347
0.07248062
0.22202165