0.16700435
0.87502837
0.97061574
0.98482126
0.97823787
0.98041147
0.98349792
0.98527247
0.98320681
0.98255926
0.98622483
0.98301977
0.98195028
0.97902596
0.98411989
0.98306334
0.98662621
0.98056811
0.98385787
0.98594958
0.98048592
0.98538482
0.98299581
0.98094505
0.97587705
0.97857165
0.98183268
0.96746010
0.98119950
0.98379487
0.98217666
0.98699242
0.98414803
0.98802674
0.98468870
0.98758775
0.98308569
0.98323214
0.98890746
0.98656011
0.98604894
0.97818792
0.98688692
0.98764157
0.98948282
0.98732424
0.98613924
0.98995185
0.98479348
0.98503548
0.98365104
0.98266333
0.98600256
0.98203987
0.98448420
0.98653418
0.98618937
0.98424268
0.98760408
0.98756713
0.98785943
0.98943323
0.98681569
0.99046814
0.98883456
0.98697388
0.99051058
0.98898625
0.99121726
0.99045253
0.98982489
0.98858917
0.98946786
0.99181497
0.99123406
0.99029589
0.99204016
0.99037904
0.99326515
0.99092954
0.99084258
0.99042624
0.98859322
0.99322075
0.98735452
0.98675072
0.99228364
0.98830009
0.98906660
0.98978025
0.98859519
0.99122530
0.99049878
0.99158239
0.99132478
0.99101013
0.99050659
0.98827779
0.98927522
0.98845512
0.98813361