0.05636942
0.11477548
0.13799483
0.16286010
0.06946355
0.21997358
0.10898855
0.05032199
0.02248806
0.13116303
0.10616216
0.14223717
0.11190782
0.17856126
0.07461870
0.05187682
0.08930357
0.13560943
0.11021188
0.26969531
0.07249168
0.07150897
0.13907883
0.12142352
0.15532842
0.17068596
0.20880181
0.07668433
0.09203085
0.13168471
0.21621150
0.07325481
0.17354371
0.14173302
0.10457295
0.06036476
0.14601839
0.05813827
0.10965157
0.15787552
0.07765433
0.21988079
0.16380905
0.06108041
0.11068822
0.18120481
0.07743886
0.15640867
0.07593326
0.07184428
0.12181122
0.09857187
0.10663444
0.12084482
0.07989543
0.09993856
0.07710501
0.25386640
0.13440599
0.09716187
0.09755267
0.13608712
0.09555501
0.07385544
0.12724562
0.08520506
0.17659678
0.13007422
0.06417350
0.21904337
0.17425317
0.17751591
0.16580318
0.03816776
0.08189804
0.07995775
0.09566960
0.15173908
0.11116223
0.06522568
0.12744313
0.12687203
0.05864770
0.06879765
0.07613762
0.07453869
0.07996897
0.02425684
0.12295114
0.11749169
0.16817190
0.05997723
0.07865114
0.11747844
0.18621379
0.09696757
0.11891601
0.15744969
0.11435602
0.04698181
0.11832240