0.07874878
0.55836397
0.88993591
0.95750457
0.95608640
0.95213717
0.95315605
0.95222574
0.94400299
0.95315397
0.96271706
0.96490532
0.95544374
0.95749587
0.95516515
0.93964058
0.93390089
0.93739867
0.92800885
0.95024335
0.95539749
0.95875633
0.95215988
0.95319498
0.96193105
0.96749765
0.95276034
0.96434504
0.96602088
0.96437651
0.92398322
0.92355096
0.95041078
0.96026528
0.97205657
0.96462119
0.96469748
0.95172912
0.95661384
0.95306236
0.94988686
0.97423369
0.97072172
0.96373677
0.95447385
0.93971586
0.94200188
0.94496185
0.93053949
0.94750327
0.92780519
0.93589383
0.93535995
0.94075429
0.95325923
0.94703555
0.95073014
0.96229833
0.94687927
0.91742247
0.94175661
0.94456553
0.93909234
0.94052750
0.90577489
0.92384356
0.91075510
0.87692887
0.85871935
0.91687614
0.93566203
0.94413078
0.92771131
0.90940797
0.92593175
0.91652334
0.90578562
0.87965095
0.87864822
0.94154513
0.95022559
0.94420981
0.95590925
0.96070749
0.92315638
0.91362733
0.90387940
0.91786456
0.93933123
0.95208734
0.95990044
0.94975173
0.93464029
0.92862564
0.93558830
0.93031168
0.94378233
0.95401055
0.93512553
0.93207711
0.91885436