0.13953310
0.10692396
0.03985557
0.04955925
0.14743944
0.04910700
0.16693251
0.14693268
0.15194793
0.08058595
0.05384312
0.06924078
0.08414683
0.12857938
0.14855258
0.04840055
0.12585557
0.11650135
0.12285338
0.14656343
0.09387153
0.10899439
0.09002341
0.12408791
0.15821603
0.08573877
0.11505608
0.10697860
0.08712827
0.21549879
0.09695904
0.14493124
0.11327128
0.07631146
0.05609367
0.03032527
0.14277306
0.20523255
0.13248330
0.08509795
0.03320018
0.03312263
0.14013630
0.18955067
0.04385164
0.17087616
0.11675831
0.13781542
0.06721179
0.08525103
0.09146078
0.10652536
0.11449875
0.04534302
0.10762369
0.12477312
0.10742410
0.08371613
0.05040801
0.02749743
0.08565989
0.09646109
0.10207603
0.09907167
0.09742736
0.03386874
0.07145347
0.10571013
0.04808882
0.08538859
0.07679585
0.12987347
0.11103821
0.04464420
0.20188503
0.08888400
0.11025210
0.09191874
0.05402585
0.12671714
0.13958597
0.13492167
0.15382017
0.16666257
0.02033112
0.06168588
0.08553572
0.06210809
0.07689019
0.08309964
0.09485188
0.13150789
0.09100901
0.05024412
0.09700546
0.13268737
0.07610317
0.09815376
0.05031214
0.11334126
0.12079246