0.14325123
0.66576558
0.89089721
0.95817870
0.96949118
0.96916938
0.97222537
0.95192039
0.96151853
0.95194453
0.97185516
0.95828003
0.95368242
0.94843805
0.97064120
0.97467291
0.96095347
0.96529913
0.96658355
0.96501589
0.97277963
0.95957452
0.96026003
0.96942693
0.97325957
0.95584190
0.96517050
0.97356474
0.96335524
0.95788091
0.95981848
0.96549118
0.94880700
0.95719117
0.95394838
0.96857470
0.97628075
0.96069723
0.96367538
0.96845758
0.97621858
0.96526206
0.97854006
0.97248924
0.96557546
0.97165483
0.95223719
0.95562172
0.95584571
0.95964015
0.96972626
0.95681489
0.96720225
0.96915650
0.97408396
0.97819501
0.97327280
0.96751249
0.97398293
0.97193384
0.97182387
0.96675986
0.95750517
0.95479274
0.95535105
0.96088552
0.94892257
0.95996153
0.95889127
0.95059150
0.96226388
0.95345616
0.93608904
0.95131773
0.94303536
0.96055079
0.96086556
0.96193999
0.97173065
0.95683503
0.95640570
0.94661868
0.94545317
0.95332634
0.95592725
0.95063591
0.96732229
0.95538384
0.95650560
0.95714670
0.95163095
0.95614511
0.96041769
0.96523404
0.95772463
0.95827407
0.96551329
0.97233123
0.96371466
0.96854979
0.97180277