0.06721490
0.22722524
0.15549512
0.20770732
0.32675987
0.27248621
0.09735677
0.35120296
0.23777001
0.14752863
0.09074339
0.25787398
0.29887581
0.12242708
0.13046417
0.25808138
0.26949409
0.19066554
0.30123165
0.18985991
0.20683491
0.18009709
0.26460382
0.21848604
0.31662059
0.38947544
0.37667918
0.17094682
0.28842461
0.26787156
0.29273924
0.26141879
0.18963766
0.22890452
0.15537059
0.27617398
0.25235283
0.18228838
0.32254946
0.28820887
0.20497961
0.24193867
0.20456026
0.25718147
0.26568782
0.18818016
0.19948162
0.10777792
0.05014288
0.11305643
0.09518215
0.22948429
0.31315181
0.21750483
0.38581192
0.25544763
0.20486414
0.24884021
0.28642917
0.26609361
0.24744435
0.13381466
0.14476168
0.28262690
0.15004879
0.20446150
0.33594367
0.18341671
0.22925685
0.21459101
0.22219686
0.35535353
0.37320217
0.17417900
0.22548614
0.37174964
0.39377081
0.36757255
0.31035441
0.47052094
0.38256744
0.37938309
0.37402329
0.46678534
0.41533676
0.28703725
0.34153253
0.29298559
0.35886618
0.44964626
0.43938813
0.18671133
0.30933282
0.18291573
0.45121497
0.28107989
0.28744680
0.24640636
0.25147668
0.35937187
0.32597429