0.06709162
0.21320958
0.09289284
0.48846698
0.53657079
0.47252163
0.43591142
0.31228885
0.34438765
0.42458621
0.35009101
0.45054290
0.42597270
0.58245051
0.55755478
0.50183207
0.45096865
0.39700508
0.55871516
0.55290329
0.38343731
0.54546881
0.48892373
0.35472476
0.45340854
0.52395606
0.36952356
0.37455326
0.52518046
0.54327863
0.53939909
0.48773271
0.47079834
0.52894366
0.59879524
0.48189235
0.54162955
0.55147576
0.29404107
0.43530455
0.24569519
0.45195493
0.40113488
0.45950547
0.39418656
0.49943173
0.27019510
0.33973312
0.13692158
0.14679606
0.44798228
0.29230443
0.58703548
0.44922936
0.49591351
0.46481198
0.49703634
0.49739787
0.28561759
0.50188601
0.54893631
0.52825224
0.50110757
0.54163092
0.34676594
0.52057028
0.47247419
0.27603844
0.43799505
0.44309852
0.26772979
0.34920847
0.49920833
0.43603170
0.46850976
0.30471629
0.30207932
0.33990985
0.52975249
0.33068904
0.45729432
0.18502221
0.17437173
0.34065306
0.29655108
0.40576169
0.49566710
0.39254057
0.54666471
0.38035071
0.41716397
0.39087352
0.48449513
0.51921320
0.42003864
0.39787674
0.49062192
0.55281687
0.44915444
0.58868074
0.52697873