0.07657552
0.06829488
0.20961480
0.15326001
0.13287321
0.14067714
0.07692201
0.12743807
0.11199471
0.02869560
0.05738006
0.09421499
0.05827936
0.22342157
0.05319796
0.02546895
0.08188006
0.10082135
0.08740892
0.07251031
0.05758194
0.11854946
0.10578022
0.13470900
0.06950950
0.07138452
0.13700122
0.09437301
0.12044391
0.06853554
0.17134923
0.10729474
0.09014411
0.12014949
0.05742253
0.14599600
0.12603460
0.07149103
0.12669814
0.08543567
0.11882739
0.07265311
0.08451499
0.05893369
0.12366413
0.02871410
0.13588709
0.08689482
0.03211402
0.09412309
0.17313100
0.09919275
0.08346666
0.09979139
0.11642549
0.06355600
0.14939542
0.05222065
0.12234065
0.02610116
0.04983752
0.09973825
0.09348140
0.09026701
0.11748882
0.11447924
0.06056184
0.06910587
0.22565299
0.10686909
0.14914519
0.07586139
0.13040009
0.12290999
0.05978424
0.08472169
0.13750809
0.10795123
0.16004582
0.06911600
0.05475252
0.13918173
0.09668572
0.20189212
0.03619073
0.07284407
0.01934118
0.04519965
0.04565902
0.06608444
0.04587182
0.10112488
0.08279842
0.08728459
0.16428657
0.06837651
0.06180003
0.08942451
0.10283893
0.09178825
0.08589879