0.16837636
0.22267404
0.42245892
0.70902747
0.72097290
0.73732561
0.73588425
0.57216364
0.56683612
0.69199228
0.70427191
0.61062616
0.55724233
0.71451914
0.70842195
0.67957383
0.64964545
0.76339883
0.75658095
0.75468314
0.79333735
0.64853591
0.61758810
0.57507265
0.68143165
0.62359655
0.50988024
0.57595241
0.72084153
0.62328553
0.64103681
0.73986816
0.68905032
0.70074540
0.72557068
0.71526426
0.57724547
0.60715634
0.62901974
0.76910424
0.72929811
0.73167312
0.75196809
0.78588033
0.70750207
0.75158072
0.71185905
0.76117688
0.72494888
0.60925841
0.75309509
0.63979369
0.64356303
0.72581148
0.72294611
0.72700906
0.66925788
0.72712237
0.66007799
0.69365048
0.76898307
0.75313604
0.73011708
0.66044891
0.65275329
0.70298630
0.71076947
0.59002298
0.70182467
0.58050126
0.63994837
0.69659537
0.73345053
0.73550242
0.74253577
0.66133446
0.61792898
0.63530850
0.71847582
0.64528847
0.66861796
0.74197847
0.62145901
0.69072098
0.67434537
0.70522010
0.77957553
0.73495835
0.78538406
0.71855128
0.77539384
0.70668173
0.71631742
0.74448621
0.72597146
0.60432196
0.57404554
0.56294268
0.53517419
0.68352073
0.65835875