0.06709162
0.09078219
0.17855281
0.17656831
0.17792021
0.12430269
0.17989790
0.05198881
0.20733255
0.16082376
0.03891030
0.11328430
0.06493821
0.18401778
0.07138768
0.07240831
0.09205550
0.07911492
0.07614537
0.17760271
0.14866900
0.16458982
0.07389832
0.11567861
0.12042826
0.18244715
0.12882408
0.18864471
0.17123272
0.20504346
0.25551727
0.14474778
0.21478024
0.19058634
0.17719528
0.11207552
0.10347221
0.10418782
0.08053624
0.22681816
0.10776486
0.09078196
0.11373213
0.09012489
0.17847651
0.11650261
0.06919275
0.19316320
0.10213996
0.03498388
0.05210573
0.12594932
0.14570789
0.10629571
0.20639215
0.12234753
0.05141827
0.10797384
0.19169822
0.10353541
0.19024821
0.06946871
0.07897331
0.09916050
0.08085039
0.22005442
0.14090140
0.07650647
0.09161682
0.18882184
0.10485918
0.12493116
0.04917228
0.03066622
0.07077170
0.14362705
0.11810946
0.14534129
0.16511005
0.07650277
0.06636485
0.13457933
0.11870009
0.07793698
0.22795859
0.16917332
0.26714993
0.08890380
0.09457046
0.14411937
0.11232655
0.19317037
0.17561865
0.21736662
0.15598701
0.11578325
0.04365460
0.09971591
0.14580645
0.16655904
0.17787348