0.08449510
0.43604288
0.87335992
0.97774196
0.98590845
0.98873496
0.98797303
0.98008782
0.98610026
0.98477393
0.98891866
0.98392111
0.98862481
0.98413587
0.98438525
0.98513216
0.98844117
0.98630857
0.98327518
0.98552978
0.98518103
0.98699486
0.97713655
0.98605514
0.98536181
0.98658770
0.98239076
0.98686701
0.98432195
0.98531169
0.98003978
0.98491335
0.98436928
0.98708290
0.98447591
0.98616946
0.97601944
0.97853714
0.97643316
0.97523463
0.97738421
0.98171896
0.98116964
0.98153079
0.98553580
0.97655219
0.97916901
0.97254652
0.98082024
0.98043108
0.98120004
0.98189485
0.98201746
0.98568803
0.98948717
0.98537463
0.98673743
0.98524290
0.98407531
0.98465240
0.98238790
0.98801076
0.98447114
0.98289126
0.97933751
0.98321068
0.98606169
0.98533773
0.97858119
0.98929870
0.98717982
0.98189986
0.98365945
0.98276526
0.98344421
0.98958033
0.98492432
0.98706263
0.98619163
0.98433232
0.98546690
0.98508906
0.98703170
0.98135561
0.98508453
0.98288316
0.98362023
0.98402387
0.98830152
0.98774636
0.98422569
0.98711038
0.98791987
0.98532271
0.98293960
0.97727126
0.98731619
0.98148894
0.98757136
0.98538136
0.97923899