0.06360167
0.10598394
0.11033235
0.03438208
0.07781702
0.28231290
0.13928208
0.11886056
0.16044772
0.12378526
0.09617792
0.14892086
0.16200998
0.15158649
0.12001815
0.14510539
0.07603348
0.22957353
0.13775824
0.09100564
0.11807210
0.10383094
0.15283211
0.12887844
0.08460296
0.12935092
0.07315509
0.06877393
0.09914379
0.08076878
0.18288706
0.07672626
0.03357864
0.09630683
0.13258079
0.16339739
0.14558378
0.07296912
0.10361872
0.11000279
0.14192693
0.10592175
0.11348950
0.07828809
0.08343495
0.17044587
0.09303078
0.01923249
0.06292415
0.07826769
0.07644786
0.19519158
0.07033163
0.09396962
0.12780297
0.10391509
0.13132250
0.24804749
0.06559592
0.06509913
0.10224590
0.09626396
0.15926842
0.07525329
0.11640154
0.06861230
0.15480109
0.15033104
0.14973573
0.04680309
0.06077720
0.11845613
0.14407395
0.06068875
0.10113685
0.09555898
0.05474422
0.10698917
0.04553187
0.14699008
0.13197131
0.13550888
0.06857727
0.10704888
0.09493668
0.08152799
0.09697720
0.20300594
0.11425377
0.16728605
0.06625655
0.13673066
0.10868457
0.08043460
0.13187177
0.07107402
0.07120085
0.07608366
0.06615452
0.06288736
0.12157454