0.16700435
0.10595251
0.06871718
0.18321441
0.07097158
0.03864994
0.12168942
0.07324500
0.08495771
0.12252018
0.10311522
0.04769351
0.14027737
0.09413164
0.07683492
0.11451873
0.13308410
0.09662709
0.07852437
0.06917972
0.10301314
0.03859508
0.13353908
0.05089702
0.12237839
0.05460055
0.11290138
0.04802304
0.11261586
0.11385822
0.05149320
0.11809021
0.16120154
0.09626422
0.10457809
0.07535943
0.07424465
0.12465640
0.09081098
0.10100672
0.04634555
0.08809096
0.04803615
0.07753935
0.05204856
0.07870843
0.19728231
0.07647317
0.07876304
0.15111232
0.20306128
0.10117455
0.07572360
0.08258858
0.02379742
0.07782014
0.13038583
0.12572642
0.03387518
0.03063975
0.12744178
0.07179147
0.11266326
0.12317621
0.09055859
0.20906511
0.14503290
0.06760585
0.07910945
0.08691826
0.13669561
0.07230078
0.19848232
0.19023037
0.04685736
0.11616343
0.07410037
0.12089294
0.07317496
0.12872592
0.12535815
0.12323585
0.08187814
0.17304562
0.09350432
0.09375048
0.10234686
0.09864113
0.02985270
0.03684078
0.05840564
0.06640808
0.12896052
0.10029060
0.03676372
0.26328710
0.15805897
0.03009904
0.13155018
0.16744496
0.13219208