0.13413607
0.41531959
0.55877316
0.51363897
0.58706880
0.60531008
0.66593671
0.61804754
0.52030337
0.55376565
0.45194787
0.56113791
0.56874639
0.65036398
0.64294398
0.53541261
0.66832185
0.59488457
0.59794265
0.55752194
0.50773531
0.46106300
0.45032871
0.63697916
0.64301181
0.39339608
0.40608093
0.45560569
0.57096696
0.55312979
0.56981558
0.53415567
0.59428829
0.63232267
0.59809572
0.57920861
0.61387885
0.40976602
0.59195298
0.63481265
0.65610456
0.66071534
0.53385985
0.56025112
0.55858779
0.56386817
0.62879539
0.57142019
0.59284377
0.52926427
0.61307561
0.57093298
0.65324748
0.63964099
0.63959599
0.58113241
0.59006685
0.52462852
0.64572573
0.61199486
0.61592132
0.66008288
0.71309793
0.62456602
0.66633779
0.53928870
0.47802451
0.57838362
0.67661721
0.58536196
0.66909289
0.58145410
0.62557393
0.64118791
0.44172654
0.57962561
0.49013919
0.52532285
0.53894764
0.61800069
0.60898441
0.51559907
0.26059273
0.10485952
0.26170298
0.39924073
0.49939880
0.47347209
0.48552525
0.46338683
0.46801978
0.39522994
0.51559961
0.54837245
0.39475259
0.55092382
0.54786742
0.52238584
0.40401772
0.52229130
0.48830196