0.06998644
0.07685354
0.21949869
0.13289879
0.12415173
0.08497237
0.10477707
0.00670125
0.09197430
0.20476697
0.04546970
0.10328807
0.19121629
0.09266789
0.18047844
0.09726176
0.14924893
0.19249257
0.09897047
0.10849455
0.06099964
0.11809268
0.09857003
0.12679744
0.23788726
0.15011159
0.20788595
0.17785643
0.11829768
0.12866983
0.17350730
0.11970785
0.06365370
0.27642962
0.09908782
0.20368053
0.05256273
0.08062992
0.14420091
0.10485001
0.05515314
0.02648698
0.12796558
0.02357351
0.17624801
0.12064084
0.08156157
0.09702928
0.20263146
0.07357129
0.05183422
0.06463756
0.16577257
0.11205142
0.06989333
0.10871901
0.12132515
0.14030387
0.15989351
0.24360608
0.14889522
0.10380927
0.13772333
0.09875344
0.08022257
0.13426200
0.14416382
0.16130692
0.07613662
0.19952163
0.07720070
0.16173382
0.15451373
0.19094819
0.06030637
0.11958357
0.11047380
0.11076312
0.08394773
0.12560074
0.16576493
0.07366720
0.14305322
0.13826485
0.17148645
0.11969652
0.07569593
0.11671942
0.14990607
0.06761146
0.13506281
0.09581670
0.19697128
0.12685955
0.05807304
0.16529669
0.11362915
0.19156681
0.18375844
0.08847915
0.12864158