0.05169185
0.59038454
0.68871737
0.87380975
0.95954412
0.98200053
0.97966677
0.97984004
0.97061652
0.98075020
0.97993612
0.97312379
0.96844697
0.96324295
0.97685164
0.96736062
0.96289819
0.96929204
0.96715999
0.96818751
0.96344167
0.96376830
0.97268087
0.97158533
0.96862417
0.97285163
0.96590340
0.96091431
0.97321039
0.97509742
0.96762538
0.97228080
0.97399831
0.97364157
0.97709328
0.96134001
0.98005408
0.97017944
0.97421300
0.97484642
0.97382855
0.96808350
0.97405702
0.97805727
0.96961522
0.96995699
0.97393698
0.97710466
0.97820193
0.97265214
0.97560114
0.97443038
0.97294843
0.96595526
0.97636968
0.97786051
0.95679581
0.96998847
0.96906370
0.96428436
0.96618462
0.95456141
0.95941371
0.95932984
0.96659553
0.96924418
0.97360331
0.96132982
0.96418947
0.96628952
0.97576797
0.96406633
0.95477706
0.96349454
0.95524055
0.95154661
0.96099144
0.97847116
0.97755897
0.98098963
0.97820890
0.97352678
0.98134893
0.96560097
0.97933215
0.98251480
0.98093474
0.98252112
0.97920668
0.97481841
0.97596413
0.97348541
0.97749448
0.97801399
0.97253227
0.97618783
0.96924257
0.97277379
0.97343260
0.97168946
0.97729707