0.15928271
0.15533346
0.30172569
0.24586740
0.21968658
0.15739259
0.13490604
0.10087801
0.23021676
0.07079771
0.26972333
0.12111810
0.24214981
0.19685942
0.30115426
0.25865045
0.18798652
0.15360397
0.29550460
0.18160202
0.12283032
0.25330532
0.21600531
0.14367613
0.14831749
0.41908386
0.15557450
0.12782249
0.19585194
0.05445203
0.16455403
0.11601909
0.09729383
0.19823183
0.10104036
0.14141203
0.17287579
0.23228317
0.07149366
0.08573327
0.06332589
0.15325794
0.13257667
0.13815071
0.11815981
0.10915212
0.15507020
0.15866682
0.29178056
0.13731907
0.15816897
0.21462782
0.23001653
0.06206163
0.16351217
0.11650258
0.11095896
0.12928769
0.21080646
0.11200562
0.16979769
0.11564901
0.15866564
0.22566876
0.20015541
0.21718469
0.21615575
0.24211155
0.11999334
0.14569822
0.12696238
0.28277966
0.15804885
0.19104330
0.19649404
0.22371443
0.25584474
0.22140308
0.23239733
0.24450825
0.15624675
0.24901301
0.28843039
0.07639658
0.10337564
0.19855936
0.12455513
0.09834793
0.11888674
0.18583769
0.19989581
0.08551720
0.16342938
0.09498009
0.19744410
0.16584261
0.17844670
0.15093182
0.15538371
0.22637388
0.15057097