0.06721490
0.50415057
0.83238393
0.91364241
0.91860068
0.90506136
0.89699417
0.92008835
0.91237527
0.92255050
0.92837316
0.93195349
0.88971472
0.91537023
0.91399729
0.90747422
0.91375846
0.91613680
0.92770600
0.94383121
0.90494156
0.93602675
0.90879828
0.91869253
0.87906528
0.91471183
0.91995287
0.91038877
0.90723968
0.93093741
0.90310705
0.92183542
0.93951309
0.89882994
0.92664915
0.94447190
0.94714111
0.93227124
0.90370148
0.93747061
0.92234612
0.89725077
0.91246039
0.89704186
0.88834918
0.90991259
0.93418074
0.93906265
0.93456161
0.93031281
0.93661684
0.90849006
0.92044222
0.91714990
0.93604434
0.93120557
0.91872674
0.91474342
0.90627533
0.92027456
0.90563750
0.94757050
0.90233421
0.94308823
0.91876799
0.92364621
0.91844869
0.93106246
0.92363143
0.93903077
0.93320328
0.91651499
0.91537887
0.90780419
0.91821158
0.92288530
0.89938247
0.92662889
0.92083830
0.91266847
0.92365831
0.93134099
0.94371724
0.95539719
0.92308426
0.92616361
0.91496903
0.93032074
0.88179797
0.91332620
0.90451795
0.91641641
0.94804972
0.93665284
0.95099860
0.91851228
0.92353368
0.94301552
0.94572580
0.94266438
0.92189062