0.10519592
0.44013566
0.67303514
0.67201287
0.59781915
0.55457962
0.47997484
0.66982627
0.71818709
0.66421622
0.68268865
0.79337907
0.64580584
0.45385224
0.41384345
0.58470857
0.66884756
0.57271367
0.55788660
0.57684779
0.62789154
0.58086854
0.67395937
0.63841617
0.69651622
0.56457847
0.44212496
0.38308439
0.27386704
0.46155348
0.49182874
0.44871789
0.52780128
0.56631738
0.46899617
0.53271478
0.39128304
0.49934787
0.61103344
0.57094753
0.42829257
0.76911223
0.76578057
0.72869515
0.67143649
0.66398513
0.53606719
0.45841071
0.49350825
0.68278998
0.72491407
0.65918869
0.72365427
0.70531583
0.70209086
0.76388913
0.70890373
0.80068016
0.64931738
0.66938800
0.76748544
0.72478557
0.72402591
0.56444973
0.70969117
0.59339696
0.67065120
0.74585706
0.69968027
0.69677657
0.71406502
0.72323394
0.63924593
0.61549199
0.44929188
0.67841721
0.69433546
0.66260427
0.64607680
0.72303659
0.63613129
0.69697374
0.61013818
0.53004301
0.73052114
0.72904152
0.61493677
0.66678429
0.57417220
0.46876240
0.56092095
0.58678132
0.66384703
0.69487214
0.68583655
0.71429056
0.73297685
0.59732318
0.70152926
0.66569906
0.75877017