0.16837636
0.64068305
0.92274785
0.96147734
0.96634555
0.97778231
0.97625196
0.98028898
0.97633380
0.97413290
0.97734308
0.97382486
0.97879618
0.98345941
0.97622794
0.97213423
0.97371423
0.96625590
0.97004706
0.97668356
0.98083633
0.97995919
0.97599036
0.98074585
0.98259491
0.98275560
0.98452550
0.98578078
0.98559958
0.98337293
0.98172462
0.98244971
0.98066962
0.98274726
0.98248458
0.98248428
0.98403335
0.98372900
0.98583007
0.97921485
0.98284996
0.98364609
0.98315048
0.98101258
0.97593981
0.97935838
0.98155683
0.97412437
0.97931123
0.97806382
0.98560011
0.98362941
0.98322314
0.98363477
0.98500419
0.98392320
0.98366117
0.98117143
0.98585236
0.97902280
0.98455292
0.98387235
0.98063767
0.97517145
0.97197098
0.97376794
0.97919375
0.97866684
0.98398733
0.97828656
0.97311598
0.98151040
0.97796768
0.97140229
0.97476888
0.97950417
0.98121339
0.98040879
0.98084611
0.98096794
0.98618639
0.98022461
0.98290741
0.97388482
0.98407954
0.98462290
0.98125386
0.97379255
0.98139262
0.97366732
0.98273271
0.97235078
0.96898878
0.97795767
0.97637612
0.98155648
0.98449689
0.98146981
0.97921556
0.98418671
0.98097724