0.11438119
0.08683348
0.05770383
0.10267584
0.09063608
0.03547420
0.16103165
0.14054723
0.23527831
0.17681925
0.15411925
0.13956977
0.16114274
0.22950199
0.10766234
0.06163888
0.14154312
0.07953588
0.12693223
0.08363932
0.14061508
0.03236619
0.19115844
0.07583507
0.08465610
0.09732591
0.08124715
0.02945849
0.12140414
0.10670910
0.15650813
0.06417427
0.14371340
0.08644597
0.10111315
0.13603173
0.16607024
0.04490785
0.11521673
0.13203578
0.09585964
0.06311315
0.08199449
0.09142204
0.11447456
0.04045076
0.12512743
0.07981364
0.11798048
0.12264977
0.08796468
0.15335993
0.06536891
0.14982776
0.13154158
0.08776483
0.15158576
0.12895869
0.07203355
0.06262154
0.13482897
0.15820555
0.03968674
0.10392383
0.10406692
0.11604080
0.09868322
0.09061925
0.17193140
0.09602188
0.09327426
0.21039709
0.07557122
0.15627401
0.07548283
0.12052718
0.06293757
0.02768847
0.11348557
0.17345838
0.13754234
0.09006869
0.09215125
0.15963005
0.07974839
0.10998866
0.11569215
0.14540176
0.10816202
0.10090102
0.19801658
0.15724319
0.10632768
0.11269226
0.05048020
0.13438138
0.08743873
0.06966005
0.08237715
0.04421429
0.16990107