0.05855872
0.06205333
0.05824985
0.11245863
0.10267325
0.19611242
0.06087263
0.01966670
0.12501763
0.04136650
0.12544078
0.09226708
0.03439461
0.12250438
0.11569153
0.09394155
0.08857432
0.13113558
0.11041529
0.05329152
0.09551450
0.05888648
0.04024760
0.07581609
0.11078007
0.07875087
0.12370365
0.11658730
0.13034305
0.09730942
0.19926676
0.13228425
0.08888920
0.08114483
0.11708402
0.11977887
0.19498308
0.10918116
0.12118563
0.12967663
0.22048187
0.12388065
0.12309510
0.18234281
0.15438735
0.12938543
0.07428224
0.05643167
0.12355732
0.07752903
0.11112040
0.08924391
0.04278943
0.12584080
0.17605716
0.06097980
0.11389927
0.05923458
0.13142230
0.02727952
0.12123547
0.17408748
0.17430469
0.08266947
0.19849925
0.11535010
0.03563093
0.06516175
0.04455090
0.10476241
0.13013205
0.08084536
0.10317529
0.11063227
0.07319218
0.13425940
0.08533563
0.13085730
0.07627942
0.08838077
0.07261279
0.06126013
0.17374822
0.06122354
0.02135043
0.09825294
0.06443474
0.12716784
0.10819002
0.10413711
0.08110563
0.14261594
0.07385911
0.10399317
0.08418117
0.13741019
0.15265457
0.07624884
0.14893506
0.13678257
0.12690865