0.09072412
0.59010988
0.90839815
0.97755933
0.99161446
0.99059367
0.99441284
0.99214655
0.99223119
0.99414259
0.99359286
0.99433839
0.99282575
0.99211532
0.99431056
0.99236262
0.99247503
0.99352837
0.99403745
0.99417824
0.99194586
0.99311042
0.99260336
0.99393499
0.99517661
0.99193054
0.98849905
0.98593402
0.99260259
0.99191993
0.99407035
0.99060148
0.99077153
0.98852837
0.99031776
0.99242038
0.99217331
0.99138749
0.99093455
0.99191076
0.99140686
0.99431711
0.99395919
0.99045008
0.98958468
0.99264723
0.99321169
0.99238175
0.99246162
0.98909360
0.99260175
0.99351466
0.99225664
0.99046302
0.99383104
0.99162012
0.99355066
0.98927450
0.99360657
0.99247062
0.99184144
0.99093521
0.99170423
0.99313730
0.99377382
0.99394536
0.99347693
0.99328262
0.99186766
0.99393773
0.99396026
0.99339706
0.99212480
0.99187988
0.99466372
0.99193597
0.99065679
0.99396533
0.99341774
0.98995036
0.99184120
0.99315965
0.99337059
0.99198771
0.99454176
0.99527812
0.99287468
0.99283481
0.99264663
0.98946577
0.99044299
0.99373841
0.99486756
0.99485183
0.99269682
0.99400610
0.99419600
0.99269181
0.99414873
0.99359572
0.99435061