0.09090188
0.17143577
0.07278468
0.04012858
0.14560629
0.09846395
0.09493364
0.12388600
0.11756613
0.15713648
0.13807555
0.04368101
0.10506012
0.09603489
0.12113342
0.13443150
0.09817635
0.10158951
0.10504971
0.09364006
0.08955099
0.15111972
0.10154005
0.09173263
0.23899077
0.07940781
0.02943131
0.10558721
0.09124260
0.17945558
0.13487221
0.05702467
0.11454044
0.06353674
0.12482998
0.18281037
0.10012661
0.05343058
0.12251811
0.08457506
0.10353387
0.19344015
0.21234621
0.04067540
0.09619148
0.07162262
0.15345179
0.10708857
0.15322459
0.06145600
0.07228209
0.07764521
0.07446311
0.06442747
0.13119578
0.10992727
0.12130217
0.02496665
0.16189836
0.04149248
0.10928535
0.08273973
0.06569154
0.06798530
0.03932422
0.25499463
0.02150472
0.10510973
0.09551441
0.15700549
0.13531581
0.10424441
0.03060072
0.19761190
0.20817265
0.16199610
0.11706983
0.10735735
0.18224715
0.10005680
0.13564813
0.19508150
0.11588561
0.07208759
0.09395781
0.05583404
0.19055392
0.05173384
0.15241510
0.14920193
0.09411331
0.20919952
0.11409432
0.08060410
0.13767932
0.07123579
0.06944587
0.12188200
0.09434319
0.09174020
0.14120547