0.07450834
0.71505511
0.94523454
0.97619790
0.98617929
0.99176466
0.98851484
0.98974717
0.98872465
0.99019235
0.98913187
0.98735446
0.99092126
0.98926127
0.98897135
0.98869532
0.98895091
0.98952401
0.99060869
0.98779249
0.98778719
0.98499715
0.98070085
0.98069549
0.99049592
0.99203855
0.98733634
0.98942965
0.98904747
0.99217141
0.99231690
0.99166793
0.99286264
0.99308538
0.98874265
0.99043524
0.98927361
0.99232668
0.98983675
0.98816633
0.98740655
0.98977822
0.99106234
0.99354231
0.99048918
0.99265152
0.98903352
0.99061477
0.98969871
0.99070406
0.98837304
0.99163842
0.99018914
0.98904985
0.98259217
0.98701096
0.98874879
0.98886687
0.98384285
0.98427600
0.98615694
0.98617768
0.98439127
0.98346573
0.98778552
0.98705399
0.98367238
0.98284775
0.98426938
0.98490906
0.99098617
0.98731965
0.98693383
0.98544633
0.98823577
0.98322058
0.98704219
0.98886144
0.98753297
0.98693687
0.98454124
0.98589998
0.98274267
0.98574716
0.98332703
0.98637259
0.98469758
0.98632014
0.98905981
0.98804247
0.98754501
0.98908269
0.98671806
0.98149472
0.97640109
0.97956926
0.97738999
0.98096091
0.98884642
0.98759049
0.98484123