0.06360167
0.04804640
0.10150983
0.07441161
0.09519807
0.11674505
0.04503943
0.06162487
0.16513968
0.14371398
0.02496435
0.02496969
0.09056912
0.12576543
0.14736527
0.11083128
0.08978336
0.13956942
0.05999872
0.04533049
0.12110635
0.17057982
0.05930299
0.05124991
0.12249807
0.06491023
0.08362155
0.14436761
0.13408399
0.12564431
0.13339460
0.23051596
0.08527723
0.06147726
0.15628421
0.12185130
0.11069301
0.07424791
0.12895924
0.20146820
0.09676875
0.11910845
0.21075946
0.16484375
0.11854348
0.12186725
0.22397764
0.11547439
0.09372884
0.23391229
0.21998091
0.08181626
0.08895779
0.15625489
0.15902828
0.12716687
0.02562717
0.16937107
0.09761605
0.04035785
0.09680448
0.07608828
0.17781271
0.08944199
0.08534173
0.17569248
0.04066100
0.00402768
0.19103113
0.16130176
0.18585534
0.18372843
0.05917782
0.13886814
0.08741992
0.18749021
0.08045974
0.09290590
0.16482538
0.24783188
0.10055481
0.10005975
0.08198176
0.11549720
0.08862437
0.12989199
0.14772715
0.14463006
0.06416615
0.10797355
0.19250740
0.09377268
0.06903644
0.07327098
0.07788772
0.06778178
0.09070140
0.13568217
0.06787296
0.05351992
0.12699635