0.26633909
0.09053520
0.11399956
0.12214595
0.16981107
0.07222702
0.08579525
0.15808819
0.02786084
0.18318059
0.21680517
0.07161443
0.08995356
0.10291744
0.21214841
0.08559787
0.06604310
0.09991345
0.12683237
0.14802861
0.11464918
0.09242819
0.12655716
0.06621290
0.16440253
0.02775421
0.10671477
0.11991119
0.03619102
0.06199669
0.20116833
0.10180777
0.07245602
0.09927037
0.04713719
0.03295696
0.06750805
0.10333858
0.13151293
0.09786446
0.08112704
0.16886628
0.19352202
0.12412190
0.09405970
0.13355879
0.15285496
0.06331101
0.08861408
0.15682957
0.13081165
0.07307555
0.12726052
0.10832173
0.10736938
0.05985898
0.21154310
0.09774954
0.18896602
0.10251261
0.06391503
0.08371666
0.07037029
0.11386614
0.09892383
0.13915057
0.16198803
0.17265940
0.07720571
0.14904757
0.11537553
0.14798293
0.12125590
0.10894541
0.13111927
0.11798187
0.09624785
0.04861646
0.07481048
0.00827856
0.08876405
0.10711247
0.14626959
0.10425616
0.08135233
0.06194672
0.02675772
0.09997272
0.08675432
0.07423585
0.07655554
0.18967134
0.19403063
0.16510119
0.21686324
0.15785569
0.06082562
0.07175532
0.22004943
0.08726451
0.15358481