0.07657552
0.41075322
0.60028487
0.79941940
0.84572172
0.77562547
0.73616022
0.89045787
0.82995123
0.88292503
0.89266753
0.85551864
0.87360460
0.90474105
0.88419777
0.85762590
0.85931313
0.83876902
0.86647570
0.89910948
0.89394408
0.90362334
0.90379643
0.86413008
0.87018949
0.84090745
0.82860124
0.90833861
0.88037819
0.88116801
0.83380389
0.86517411
0.87447870
0.86347151
0.88638139
0.87615931
0.89052361
0.86391312
0.82217574
0.84963828
0.82072330
0.81101125
0.85129225
0.79593581
0.89086783
0.89081538
0.89420158
0.89687455
0.84416443
0.86969870
0.84263629
0.87987465
0.84035081
0.82869565
0.87432212
0.85346115
0.87077218
0.83296394
0.83305818
0.83741933
0.84250772
0.84148163
0.83053267
0.79301232
0.85415149
0.85157603
0.85042632
0.83517039
0.83205843
0.82261008
0.75101990
0.89475226
0.90492147
0.87197250
0.87994170
0.79556108
0.78939271
0.82347411
0.84093022
0.83364511
0.88966894
0.88088655
0.79857683
0.85614222
0.83813661
0.83971006
0.85596490
0.85110360
0.87648010
0.90812814
0.86000341
0.86151892
0.89833987
0.84579653
0.82899803
0.87505555
0.90704912
0.89412165
0.91003448
0.89067149
0.91048884