0.17097370
0.15256931
0.12496255
0.11261559
0.11356541
0.08583858
0.05780520
0.14547361
0.16002789
0.05290831
0.02774329
0.12431311
0.06176301
0.13028395
0.14988737
0.08193585
0.10653071
0.14373355
0.25683278
0.06572341
0.05435219
0.04349738
0.10390083
0.17976657
0.06715181
0.08175325
0.16716962
0.04566571
0.08487702
0.09535635
0.13851181
0.09365144
0.16160841
0.09867774
0.09085710
0.03067153
0.12451956
0.08694616
0.17249815
0.12011348
0.09733745
0.09294347
0.19400017
0.14361686
0.11674175
0.03607967
0.07781588
0.12088943
0.21427868
0.06549490
0.12046500
0.09655235
0.09537940
0.22940256
0.10402039
0.17277232
0.11296331
0.09986302
0.08269515
0.17677601
0.12891304
0.07565859
0.13934976
0.11673339
0.16629504
0.03058451
0.02620102
0.16437066
0.04848304
0.04877739
0.09331482
0.12704331
0.10885476
0.06234060
0.03816107
0.10042992
0.08276976
0.08248378
0.05987245
0.09470162
0.07782435
0.15527195
0.08006848
0.12076196
0.17981371
0.09679709
0.07463941
0.15129043
0.09239808
0.15220502
0.03981108
0.02091259
0.19836363
0.07707099
0.16319671
0.04414024
0.22773731
0.07603618
0.05997218
0.10821596
0.11703734