0.14325123
0.65980911
0.89116174
0.95951790
0.97781718
0.97187966
0.96978700
0.94844681
0.95106208
0.95564431
0.97192299
0.97041839
0.96306968
0.95245606
0.95425272
0.97733009
0.95944756
0.97167259
0.97059721
0.97853309
0.97457969
0.95036513
0.96756065
0.96430123
0.97533250
0.96459752
0.97115922
0.96793717
0.97321475
0.95805824
0.96575046
0.96122551
0.95472389
0.95989525
0.93786436
0.95333999
0.97079653
0.96732134
0.96536791
0.96734625
0.97129005
0.96967173
0.97654426
0.95863181
0.97654206
0.96366090
0.95766401
0.95949799
0.96376121
0.96172142
0.96228302
0.94927168
0.96379167
0.95405066
0.97104186
0.95764220
0.96362907
0.97158122
0.95535451
0.96603048
0.97011483
0.97074318
0.94956297
0.94448388
0.95627999
0.96949363
0.97493553
0.97349244
0.97373861
0.96376008
0.97825289
0.96348709
0.97648942
0.97385132
0.97274923
0.97217309
0.96577013
0.97353148
0.97681069
0.98206961
0.98039627
0.97902799
0.97342306
0.96360421
0.97002131
0.97481215
0.97000647
0.97276968
0.97471464
0.97277671
0.96576709
0.96784782
0.95790154
0.96069938
0.96129304
0.97220671
0.96236151
0.97460502
0.97086203
0.96844208
0.95620018