0.16700435
0.95660532
0.95608729
0.96038473
0.96789378
0.95890802
0.96231657
0.97490466
0.96693522
0.96628970
0.97062284
0.96935010
0.97074544
0.97262186
0.96540046
0.96358985
0.97105336
0.96455264
0.96810478
0.96977645
0.96214938
0.96621805
0.96489996
0.96190262
0.96353155
0.96648920
0.96971393
0.96402502
0.96930140
0.96550226
0.95919061
0.96571672
0.95363098
0.96678954
0.96135259
0.96079147
0.96960330
0.95707178
0.96132278
0.96060157
0.96023417
0.95778108
0.95993948
0.96527869
0.96679586
0.96196687
0.97062224
0.96865547
0.96952063
0.96645427
0.96138018
0.96597260
0.97114748
0.96867919
0.96327370
0.96402490
0.95529246
0.96872246
0.96469355
0.96781212
0.96751404
0.95792717
0.96880096
0.96377110
0.96825492
0.97254705
0.96831626
0.96542203
0.96583152
0.96513319
0.96743226
0.96178049
0.96361005
0.96659988
0.95207429
0.97064322
0.96563154
0.96381205
0.96570146
0.97271538
0.96638435
0.96274763
0.97169691
0.94593978
0.95810407
0.96610695
0.96423990
0.95227385
0.95802307
0.96118963
0.95868039
0.95975626
0.94959396
0.95166326
0.95798796
0.95525450
0.95679641
0.95241880
0.95561981
0.95795220
0.95793092