0.15928271
0.96171349
0.96124572
0.96526748
0.95977652
0.96152389
0.96244240
0.96238703
0.97043169
0.97194433
0.97089368
0.96911073
0.96890306
0.96545279
0.96522743
0.96892095
0.97543764
0.96399093
0.96763784
0.97315544
0.96894234
0.97508830
0.96665591
0.96887416
0.96446341
0.96995932
0.96905464
0.96858102
0.97018135
0.97058076
0.96704292
0.96609998
0.97328436
0.97158724
0.96411872
0.97136283
0.96108454
0.96740013
0.96309543
0.96429247
0.96279317
0.96807671
0.95590693
0.96345538
0.96269882
0.95804757
0.96379745
0.96019197
0.95820498
0.96265203
0.96980113
0.96261507
0.96162629
0.97020370
0.97012877
0.96508956
0.96823663
0.96826720
0.97373283
0.96532911
0.96727771
0.95467246
0.96719694
0.97552168
0.96638072
0.96416259
0.97038859
0.97372460
0.96827543
0.97340769
0.97281051
0.97279191
0.96348047
0.97246927
0.97321373
0.96518481
0.97226286
0.96269721
0.96087974
0.95648110
0.97040999
0.95974368
0.97200263
0.96421921
0.96398896
0.96230704
0.95139283
0.96777654
0.96367753
0.96300679
0.95509034
0.95585585
0.96428657
0.96031088
0.95930284
0.95561391
0.96187574
0.96176803
0.95802283
0.95733130
0.96219802