0.10072691
0.90456092
0.89576143
0.92980391
0.90552676
0.91638380
0.89639604
0.92141706
0.90937966
0.88874173
0.91685814
0.91099447
0.92327917
0.86278224
0.89800310
0.88191384
0.90369576
0.88830411
0.89143968
0.91229105
0.89713919
0.86285853
0.91515350
0.91327125
0.91505617
0.90392202
0.90040678
0.92341757
0.88770139
0.91834259
0.91801721
0.90985489
0.90270019
0.90247911
0.82347786
0.91089988
0.87471682
0.89740431
0.90130854
0.90216720
0.89336908
0.90155596
0.85427797
0.87114519
0.92093080
0.91198236
0.87654132
0.91640884
0.91267371
0.90340042
0.90515894
0.90068674
0.88364631
0.91807389
0.87988478
0.90838546
0.91108894
0.86135721
0.91074318
0.89341754
0.91542268
0.90523928
0.89143008
0.89862740
0.91996408
0.91675699
0.90157068
0.90226722
0.91116244
0.92908019
0.90081102
0.90964758
0.91888618
0.90049928
0.91174996
0.89847791
0.92305297
0.91486949
0.90546155
0.92041969
0.87943769
0.91603327
0.90549248
0.93047333
0.91699934
0.90977663
0.92387891
0.89557052
0.91340947
0.91314536
0.90430427
0.91354609
0.88521326
0.86278963
0.91564780
0.90898943
0.88126808
0.87102592
0.87497145
0.89603043
0.88784981