0.19788478
0.22850570
0.28835678
0.34786370
0.35900134
0.43039498
0.64504945
0.56003809
0.42766804
0.28492412
0.35591426
0.29655644
0.41224506
0.49615985
0.55372679
0.49257785
0.47182423
0.56143332
0.45285770
0.35579547
0.19421314
0.40309888
0.51878828
0.48889655
0.40395096
0.44673592
0.52611244
0.49790829
0.51516938
0.47185531
0.44879860
0.55795521
0.58303457
0.49275261
0.41274983
0.48887691
0.44967020
0.38130578
0.49432588
0.43487141
0.41966626
0.45059022
0.44465894
0.46481028
0.57163864
0.48044100
0.42716897
0.31914130
0.44198000
0.29254150
0.50247842
0.42535481
0.52560729
0.46098301
0.49780545
0.48137268
0.39710945
0.52302206
0.56344390
0.58803868
0.48942176
0.55902231
0.47016633
0.47461358
0.45489228
0.40277004
0.46790221
0.51596457
0.54297382
0.50757182
0.38750461
0.47121787
0.41392571
0.53114414
0.58708328
0.50230485
0.51839089
0.54377794
0.51795000
0.59716803
0.36933109
0.54591691
0.50900674
0.50842285
0.41889527
0.49588689
0.41438767
0.62924504
0.46013311
0.42162800
0.48861557
0.43908274
0.35853669
0.53192174
0.53442568
0.41093150
0.56522602
0.53087437
0.49380371
0.51948285
0.44318742