0.14536166
0.98256165
0.98236305
0.97827500
0.97624993
0.98003489
0.97104025
0.97625816
0.96659011
0.97311431
0.97873443
0.97341138
0.96563566
0.97092193
0.96946180
0.96586490
0.97363454
0.97957915
0.97933805
0.98275602
0.98075849
0.97325647
0.96989334
0.96972054
0.97048551
0.97159433
0.97593808
0.97667307
0.97117859
0.97749621
0.97328967
0.97449708
0.98155767
0.97599053
0.97970229
0.97733611
0.97769457
0.97261137
0.97660947
0.97723001
0.97944158
0.97954428
0.97530526
0.97960711
0.97996444
0.98214078
0.97797894
0.97822553
0.97390056
0.97817212
0.97753310
0.98000205
0.97227973
0.97906691
0.97396106
0.97598213
0.98105222
0.97352493
0.97976273
0.97878557
0.97949606
0.97815239
0.97862321
0.97201872
0.98071837
0.97173715
0.97817320
0.97839707
0.97418100
0.97637594
0.97388560
0.97268873
0.97591537
0.97790235
0.97349161
0.97822648
0.97494024
0.97874933
0.97019666
0.97506547
0.97489059
0.97875905
0.97718394
0.97681093
0.97171021
0.97420180
0.97200847
0.97762328
0.97767234
0.98152578
0.97895980
0.97802687
0.97510916
0.97847670
0.97424227
0.97136581
0.97811770
0.97765779
0.97772467
0.97643876
0.98264319