0.09290066
0.22742400
0.16816169
0.11372741
0.09761429
0.14530283
0.15263869
0.14742053
0.03201191
0.19526719
0.19628237
0.18108286
0.23577370
0.13225409
0.18813118
0.11712620
0.15619682
0.28477353
0.20598942
0.21120583
0.10190429
0.15665713
0.08713719
0.18476418
0.30054638
0.16879688
0.14539567
0.11580832
0.18146297
0.21681172
0.07558512
0.24202196
0.12639251
0.20726286
0.20288895
0.10813102
0.20070709
0.23290339
0.26323459
0.12572780
0.11078838
0.15341106
0.27693760
0.13220577
0.22743751
0.19965896
0.32948354
0.19225983
0.24125876
0.09386142
0.15583925
0.32891747
0.21491233
0.11963191
0.12322015
0.12652056
0.15781169
0.09596542
0.17843360
0.13686533
0.13949992
0.20052601
0.24666607
0.28137884
0.15101039
0.17316186
0.05657167
0.05091093
0.20200458
0.08595839
0.21590668
0.14155820
0.04617763
0.16115719
0.09704962
0.18536568
0.07521069
0.08789620
0.05156417
0.10804491
0.13992465
0.21883237
0.27560881
0.19582787
0.20271389
0.23418128
0.19339718
0.11075581
0.15209149
0.13573019
0.09018247
0.20540489
0.22654252
0.21185601
0.16879588
0.07743087
0.14974754
0.17257485
0.18320723
0.25641450
0.20508160