0.07251303
0.94136268
0.92707336
0.92635345
0.92739558
0.93475264
0.93872213
0.93736160
0.94093764
0.93864912
0.93653440
0.94016248
0.93577057
0.94392401
0.92379540
0.93299544
0.92470765
0.92538148
0.92950904
0.93428367
0.93749148
0.92651629
0.91329074
0.92146093
0.93949705
0.92628318
0.92956126
0.91727620
0.94615191
0.92268187
0.92609984
0.94594306
0.93434072
0.93146342
0.94378859
0.93169349
0.93022227
0.92842406
0.93350375
0.93609071
0.93815696
0.92029333
0.93650442
0.92825127
0.92319918
0.92847055
0.93917239
0.94023734
0.94574600
0.93069822
0.93768889
0.93038446
0.92852229
0.93998736
0.92555338
0.94280958
0.93302393
0.92728478
0.93335700
0.93702132
0.92454153
0.94363290
0.93478370
0.92246896
0.94768989
0.93196595
0.93930292
0.94097197
0.92229807
0.93542600
0.92922193
0.91815287
0.93981612
0.92352778
0.92359525
0.91679645
0.94048423
0.94298524
0.92681223
0.92538458
0.92988622
0.94359648
0.94180644
0.94190413
0.93479997
0.93469858
0.94115943
0.94761801
0.93827093
0.93561602
0.93458343
0.93749815
0.93844193
0.93440819
0.94850838
0.93341559
0.93277514
0.91959071
0.93101698
0.94228470
0.91687030