0.07551902
0.16027655
0.22157200
0.29783675
0.25741374
0.40685582
0.39431709
0.59632015
0.46725801
0.42439649
0.27020276
0.35188562
0.30148938
0.30126747
0.36830246
0.28921148
0.42447743
0.42963952
0.34341672
0.21787409
0.18467899
0.25700212
0.14728923
0.27493605
0.25037748
0.44175258
0.29104653
0.17855455
0.31999102
0.53686464
0.38480607
0.31636891
0.20571594
0.25577140
0.14102253
0.23405483
0.28524390
0.35309693
0.36388564
0.23476729
0.12335476
0.19748537
0.32567325
0.13328210
0.33914998
0.30693418
0.15574393
0.43105176
0.36676696
0.35086519
0.27218115
0.12104451
0.28158242
0.21004082
0.23175950
0.27075499
0.21002668
0.09106848
0.13925678
0.26048711
0.25671440
0.35362530
0.37046850
0.40456218
0.40224114
0.13970633
0.17498559
0.09252934
0.35484004
0.22274464
0.39000291
0.34630081
0.21987866
0.44795954
0.43814528
0.28374001
0.19864415
0.21356985
0.11329416
0.39496672
0.24566850
0.13070202
0.36231208
0.38774455
0.40584677
0.24070670
0.30262455
0.11632711
0.31371817
0.28259599
0.35223755
0.13519302
0.24593304
0.18903318
0.19972186
0.15721524
0.17550918
0.14761925
0.31321105
0.30670932
0.33430266