0.11377785
0.95379150
0.95126730
0.95052278
0.96363848
0.97498459
0.97753167
0.97768939
0.97441816
0.96813989
0.96214128
0.97726470
0.97110909
0.97425056
0.97379464
0.97458857
0.97855401
0.96415693
0.97520882
0.97780699
0.97038567
0.98325372
0.96766752
0.96719146
0.96123397
0.96449065
0.94907516
0.95933324
0.94838327
0.96477157
0.96021163
0.95630401
0.95434761
0.95347476
0.95767677
0.95478159
0.95258164
0.95914596
0.95765042
0.96943927
0.96643430
0.96759188
0.97384435
0.97791040
0.96988606
0.97586203
0.96983808
0.97456175
0.98149943
0.97960991
0.97866148
0.97004503
0.97616035
0.97755480
0.97376883
0.96340942
0.96916246
0.96168715
0.97103763
0.97647268
0.96648133
0.97267890
0.96895570
0.96278983
0.96407938
0.96349424
0.96277398
0.96609044
0.96303004
0.96625382
0.96639192
0.97217119
0.97124708
0.96708924
0.96592849
0.94153273
0.96521807
0.94736558
0.96316057
0.96594137
0.95711946
0.96141505
0.96761596
0.95592278
0.96830696
0.95413780
0.95213538
0.96476001
0.95591593
0.95696223
0.96631318
0.94737571
0.96031058
0.96384454
0.96806586
0.95586073
0.95238119
0.96053940
0.94583166
0.95954138
0.95919091