0.09753011
0.09729190
0.24125575
0.19766383
0.16105099
0.25550878
0.16731960
0.16907896
0.15831470
0.08477382
0.15702878
0.18314713
0.21435499
0.16657001
0.17307013
0.21908896
0.12915027
0.13821174
0.07546521
0.16585480
0.14599696
0.07526953
0.12990741
0.09492837
0.18419476
0.11698634
0.06699670
0.11167154
0.08283701
0.09117600
0.02701083
0.15983064
0.11635849
0.12033250
0.09289708
0.09215099
0.11459170
0.20788553
0.08417112
0.12276935
0.15043736
0.09078778
0.14445813
0.17874596
0.22594389
0.16598053
0.00326389
0.12531434
0.12497491
0.14424075
0.16146789
0.10834476
0.06799319
0.21714284
0.12060560
0.06863189
0.15545891
0.14348696
0.20501892
0.21473627
0.10172884
0.17854398
0.08936078
0.07069994
0.15387179
0.09826766
0.12031548
0.12522373
0.09537316
0.20194274
0.06306220
0.08447240
0.08787861
0.05051976
0.09407796
0.10508163
0.03562752
0.06618070
0.10588384
0.17423870
0.04987535
0.19602680
0.15824729
0.10675552
0.12941223
0.19784892
0.22985689
0.13257219
0.21577610
0.18180662
0.16542627
0.08522007
0.28951606
0.08001259
0.16404301
0.16101120
0.22829349
0.11040731
0.15934019
0.18169473
0.08231356