0.10072691
0.10770222
0.08771168
0.13751251
0.20826626
0.19116829
0.38690376
0.36485752
0.23587589
0.22296789
0.16659307
0.29802930
0.15525396
0.38917005
0.47895852
0.27376059
0.37965748
0.30997995
0.38039058
0.37392390
0.36035740
0.37211531
0.31853393
0.42204106
0.36448494
0.12788869
0.30284616
0.34204906
0.42234424
0.45806289
0.39856261
0.36401191
0.43241116
0.31099319
0.38738456
0.24599150
0.28026387
0.30322039
0.15424478
0.33377317
0.40238321
0.42751274
0.54816431
0.46426770
0.41649282
0.33948705
0.33394313
0.13935302
0.14850503
0.21041392
0.11455831
0.17142464
0.25499925
0.23290673
0.21889921
0.23530218
0.31100604
0.22023796
0.38799834
0.18750606
0.36414063
0.47326344
0.28231451
0.37077391
0.14959013
0.40538529
0.21652442
0.10159228
0.19523449
0.09808651
0.24619383
0.44560486
0.40499455
0.43471470
0.42612866
0.45236436
0.32318962
0.36025593
0.41225225
0.47820318
0.48071551
0.46949092
0.44865516
0.32432449
0.23574309
0.20548669
0.27976143
0.32250750
0.18790503
0.35582328
0.39123225
0.32205978
0.27036926
0.22063993
0.35635531
0.28852651
0.40393284
0.36771342
0.23348276
0.27751157
0.35555875