0.09163785
0.97126251
0.96547377
0.96942902
0.97651345
0.97121161
0.97585505
0.96993768
0.97094893
0.97230917
0.97550112
0.97334695
0.97459745
0.97589767
0.97427195
0.97593695
0.97766882
0.97153711
0.97221124
0.97221845
0.97959512
0.97356582
0.97434205
0.97180068
0.97410309
0.97828275
0.97801065
0.97565997
0.97216296
0.97097278
0.97030860
0.96842635
0.96694696
0.96912795
0.97409189
0.97541147
0.97269082
0.97418863
0.96869773
0.97636038
0.97528672
0.97160643
0.97302890
0.97168273
0.97280395
0.96648973
0.97021693
0.97410703
0.96852171
0.96599340
0.96933001
0.96531111
0.97243118
0.96632719
0.96203047
0.97234130
0.96972358
0.96678603
0.96560502
0.97181153
0.96906626
0.96784621
0.96660912
0.97518903
0.97662854
0.97401530
0.96430373
0.97339225
0.97719926
0.96784621
0.96914178
0.97055590
0.96332556
0.97083551
0.97256410
0.97213900
0.97408545
0.97445375
0.97514749
0.97170198
0.97253996
0.97323817
0.97279096
0.96854109
0.96846509
0.96532851
0.97134095
0.96753722
0.96886027
0.97142631
0.97164696
0.96509778
0.96039408
0.97041404
0.97152871
0.96515638
0.95997590
0.97252512
0.97326744
0.96896452
0.97129464