0.07788720
0.88495755
0.92016965
0.91846663
0.89713150
0.93398166
0.90772384
0.92678839
0.93507349
0.93291211
0.92931986
0.91872042
0.93693602
0.93034816
0.94767416
0.93066043
0.93366998
0.93880033
0.94082534
0.94288367
0.93392301
0.93355393
0.93412292
0.93373626
0.93330187
0.91561884
0.92188781
0.92761338
0.92854440
0.92974401
0.94103813
0.93423682
0.91481888
0.91868401
0.93521571
0.92284060
0.91242731
0.93727702
0.92934746
0.93951899
0.90848821
0.91326571
0.90315223
0.92937142
0.90918648
0.91205478
0.93159670
0.91927588
0.91566956
0.90586984
0.92998904
0.91719735
0.93187690
0.92461145
0.91998816
0.91194075
0.91994756
0.92275411
0.92618531
0.94194323
0.93540132
0.93916124
0.91640192
0.91747928
0.92159814
0.92155528
0.91466522
0.92889243
0.91499919
0.91567069
0.91121465
0.91140145
0.91516471
0.91925913
0.92292780
0.92589843
0.93207937
0.91180664
0.89923376
0.91865969
0.93895829
0.92045474
0.92970204
0.93392760
0.91368002
0.92944074
0.93335879
0.92575973
0.92794037
0.93416685
0.92829889
0.93850827
0.93962282
0.92005765
0.92170191
0.92133898
0.92386663
0.93606102
0.91622919
0.90795416
0.91818738