0.06916220
0.87965620
0.83325440
0.84184259
0.85034394
0.89020813
0.86398780
0.84193724
0.85830313
0.86291766
0.85347176
0.86265635
0.86657012
0.85382700
0.87319505
0.87589210
0.85849321
0.85391921
0.86289835
0.86303711
0.84694695
0.84765124
0.87185317
0.84243864
0.84573466
0.85685849
0.86582404
0.85195786
0.86532474
0.85745758
0.85979563
0.89130747
0.87672567
0.83181214
0.84331679
0.88924384
0.87109739
0.84754908
0.83580351
0.85278940
0.84600127
0.83795029
0.85724264
0.85770303
0.86025339
0.83645982
0.85157722
0.85243654
0.86682570
0.83793378
0.86228925
0.87836409
0.85361409
0.85182881
0.87580675
0.87397516
0.87031001
0.85705084
0.87172842
0.84297317
0.82001233
0.87272561
0.85728264
0.85497129
0.85758150
0.87290120
0.84215510
0.86623919
0.85281652
0.86952126
0.86843634
0.85480124
0.87597376
0.85818887
0.86376631
0.88064629
0.87904930
0.86089325
0.87007225
0.87395293
0.87211639
0.86583865
0.85504586
0.87589616
0.85840309
0.86526674
0.82580101
0.87570769
0.83108908
0.88420588
0.84655917
0.84693354
0.85727888
0.85083932
0.87906402
0.84368378
0.87493169
0.82427460
0.85399491
0.86215127
0.87653089