0.08686347
0.86873662
0.85273963
0.87869090
0.88826680
0.88695502
0.87721258
0.85080063
0.86700410
0.89613825
0.86414123
0.88147700
0.89332259
0.88999629
0.89807886
0.86519504
0.89573538
0.89113718
0.87879676
0.89750743
0.88251424
0.87007695
0.89122862
0.89505488
0.86797220
0.89077437
0.88810784
0.85520744
0.88079268
0.85212493
0.89942026
0.87326652
0.88258666
0.88922662
0.89266557
0.88778436
0.89222455
0.88063425
0.88324308
0.87517047
0.87293535
0.89174533
0.88352537
0.90324098
0.88453031
0.89913642
0.86345029
0.86861068
0.86967421
0.86435717
0.89061183
0.86941373
0.85807854
0.85088801
0.86571944
0.89048463
0.88022804
0.86298907
0.86049002
0.90224725
0.89683372
0.87338144
0.89510757
0.88864523
0.89074606
0.87564951
0.88479346
0.87050748
0.88184792
0.88443100
0.88413042
0.88569903
0.89350706
0.88031667
0.88204938
0.88563156
0.87817228
0.87420362
0.87358564
0.88387579
0.86722124
0.87557709
0.85261816
0.88898462
0.87118721
0.86048508
0.88631082
0.89522982
0.87955469
0.88960755
0.89377463
0.84928793
0.87610388
0.88252985
0.88851303
0.84514779
0.88204676
0.87707627
0.89023787
0.88972932
0.87568069