0.03719526
0.97353280
0.96776450
0.96718252
0.97031158
0.97179788
0.97128814
0.96626973
0.97367615
0.96843660
0.96919578
0.96923155
0.96930635
0.96586043
0.97762054
0.97344077
0.96561813
0.96809447
0.97199732
0.96593446
0.97748977
0.97069550
0.97059089
0.97022802
0.97009599
0.96903145
0.97329056
0.96836305
0.97351354
0.97360110
0.97068727
0.97943109
0.97667879
0.97386301
0.97299278
0.96960038
0.96654737
0.96925592
0.97041410
0.96637255
0.97178149
0.96878463
0.97902709
0.97305572
0.97474885
0.98048556
0.97669005
0.97470117
0.97493804
0.97055352
0.97768855
0.97285998
0.97124863
0.97885942
0.97012818
0.97144586
0.96505213
0.97086716
0.96939552
0.97540057
0.97413421
0.97122252
0.96879315
0.97343016
0.96984726
0.96494788
0.96152323
0.96384352
0.96014267
0.96489370
0.97272974
0.96969002
0.96619952
0.96409380
0.95950818
0.95947611
0.96570718
0.96317178
0.96909440
0.96128362
0.96281755
0.95616639
0.96138263
0.96736467
0.96713305
0.96314949
0.96474248
0.95703542
0.96407789
0.96917093
0.96642923
0.95939553
0.96146846
0.96025419
0.94782615
0.96635133
0.95834851
0.97219110
0.96312761
0.96093285
0.96476066