0.05636942
0.95548922
0.95442754
0.95737189
0.96075857
0.94935095
0.94854200
0.94295585
0.95620024
0.95236421
0.95712352
0.95404279
0.95660436
0.94924414
0.96478617
0.96049780
0.95628679
0.96045476
0.96423399
0.96027255
0.94956642
0.95983160
0.96291524
0.94353598
0.95073324
0.96440458
0.96191078
0.96540421
0.95947587
0.97107208
0.96643227
0.96916121
0.96593547
0.95605040
0.96744829
0.96924460
0.97626013
0.97011954
0.96010697
0.97065103
0.95374084
0.95322901
0.96199936
0.96468019
0.96291876
0.95243704
0.95454562
0.95230049
0.96638525
0.97022849
0.96377355
0.96277297
0.96697319
0.96182573
0.96090913
0.96649504
0.96493393
0.96386904
0.96481735
0.95021510
0.96395117
0.96713793
0.96228075
0.96029031
0.95953065
0.95719415
0.96336877
0.96722966
0.96420759
0.96492445
0.96927309
0.96616614
0.96247238
0.96725082
0.96390933
0.96718705
0.95919299
0.95834482
0.96613997
0.96050483
0.96456355
0.95180756
0.96009994
0.94867051
0.95905858
0.95519793
0.95206881
0.95708054
0.95962232
0.96161073
0.96103776
0.96141219
0.94997507
0.94594717
0.94605047
0.94852251
0.95685267
0.95106858
0.95348144
0.95097482
0.96644002