0.06709162
0.85228628
0.86321425
0.85834807
0.88835192
0.87938666
0.88166642
0.88246620
0.84826314
0.89470130
0.85514122
0.88991666
0.86953455
0.86321044
0.87344384
0.86893630
0.87429971
0.86336464
0.84991717
0.88004553
0.87090731
0.89549339
0.85264236
0.86410570
0.86190200
0.85625899
0.90075594
0.85038680
0.85058779
0.87126982
0.88084131
0.87332588
0.86721694
0.88176966
0.86139953
0.87942225
0.89080322
0.88506609
0.87453622
0.88759822
0.88250577
0.86800796
0.89273047
0.88385826
0.85534197
0.88146782
0.87163085
0.89400172
0.88064688
0.86225760
0.88098925
0.87460971
0.84301180
0.87448573
0.88452339
0.85356247
0.87407500
0.86524469
0.85685939
0.85286772
0.87966353
0.87494248
0.89745241
0.86368591
0.89375442
0.87642342
0.85857630
0.85586494
0.88494664
0.87665451
0.86877030
0.89682394
0.86849982
0.85770196
0.88209838
0.88737196
0.86754572
0.90112311
0.89160424
0.86071640
0.86706275
0.88471085
0.87917930
0.86877382
0.88974470
0.91117859
0.87842989
0.90858275
0.85975611
0.88422483
0.88914466
0.88104594
0.90781015
0.88481873
0.88523102
0.86915487
0.88280523
0.86811686
0.87132663
0.87578863
0.88641739