0.07551902
0.94552213
0.94956374
0.94466913
0.93545824
0.93408859
0.93646467
0.94760352
0.94157600
0.94493949
0.92734855
0.92943662
0.95576745
0.94334900
0.95221955
0.94441652
0.93802905
0.93938327
0.94947898
0.95781934
0.94609499
0.94072992
0.95600510
0.96428663
0.94397187
0.94884145
0.95014822
0.94243884
0.94264948
0.94972795
0.94585282
0.94972593
0.95711237
0.94954282
0.94840205
0.94494736
0.95702380
0.94860846
0.94517767
0.95543218
0.95388144
0.94949394
0.94866264
0.95330459
0.95288777
0.94778651
0.94432539
0.94564980
0.94126183
0.93121070
0.92617708
0.95332426
0.94080245
0.93729246
0.95061976
0.93886489
0.93917459
0.94179863
0.94297624
0.94732767
0.94407004
0.93982422
0.94336343
0.93362075
0.92782348
0.94137192
0.93438369
0.92606783
0.94024330
0.94075507
0.94496530
0.94146699
0.94945168
0.95001429
0.95314795
0.94923174
0.95111966
0.94844651
0.94789916
0.93286079
0.93915820
0.94770521
0.94787234
0.93932772
0.93621862
0.94096792
0.93498701
0.93374330
0.93881965
0.94726884
0.95245379
0.94202858
0.93448144
0.93189704
0.92474985
0.94905090
0.94959831
0.93638361
0.93281549
0.93474692
0.93976808