0.03719526
0.95606011
0.94438660
0.94542426
0.94110972
0.95162773
0.94760627
0.94536471
0.95174235
0.94365412
0.94732112
0.94840425
0.94526565
0.94326377
0.95331055
0.95808190
0.95105380
0.95543569
0.95226890
0.94906175
0.95647293
0.94527006
0.94541901
0.93816042
0.94313836
0.93551415
0.95037198
0.93503606
0.94175148
0.94229770
0.94190866
0.94633448
0.93951494
0.93942320
0.94196504
0.94616342
0.93991971
0.94253027
0.94789606
0.93625772
0.94011861
0.92719239
0.95402664
0.95597112
0.93685716
0.94833201
0.95384759
0.94785720
0.94432378
0.93129778
0.94263434
0.93180156
0.93787330
0.94701815
0.94327909
0.94792277
0.90858591
0.93524659
0.92889154
0.93478972
0.93987143
0.94301575
0.93531442
0.94447243
0.94719905
0.94516432
0.94972801
0.94051206
0.93782854
0.94189525
0.94917417
0.94768572
0.94281888
0.93747896
0.94288522
0.95350701
0.94567674
0.94123560
0.95348525
0.94172215
0.95003641
0.94753373
0.94603670
0.95989203
0.95713979
0.95585746
0.94264990
0.92586064
0.93934417
0.93516892
0.94356394
0.93473315
0.94071800
0.94445986
0.93547815
0.95189637
0.95096701
0.95347100
0.94483572
0.94573945
0.95000160