0.05636942
0.96646613
0.96918356
0.96810472
0.97455877
0.96705890
0.96834898
0.96590942
0.97381866
0.97215849
0.97896075
0.97168845
0.97346449
0.96971071
0.97938919
0.97654176
0.97370833
0.97488576
0.97637630
0.97066313
0.96841180
0.97417253
0.97399908
0.96646273
0.97216934
0.97956693
0.97753423
0.97813720
0.97361213
0.98106360
0.97677016
0.97772592
0.97637296
0.97194171
0.98068500
0.97442210
0.97823721
0.97673041
0.97140533
0.97659993
0.96504050
0.97363997
0.97484899
0.97637224
0.97349435
0.96954048
0.97513849
0.96925128
0.97662908
0.98158270
0.97388357
0.97604698
0.97535235
0.97082430
0.97582954
0.97359735
0.97739089
0.97873175
0.97491181
0.97032517
0.97698629
0.97538930
0.97359687
0.97675812
0.97420228
0.96856570
0.97632897
0.98025137
0.97486043
0.97546029
0.97988272
0.97407991
0.97289461
0.97522628
0.97226763
0.97776967
0.97029960
0.96908998
0.96948576
0.96878606
0.97677177
0.97019625
0.97554892
0.97154534
0.97166336
0.97751236
0.97317207
0.97597450
0.97532058
0.97857368
0.97598726
0.97583699
0.97144771
0.96799517
0.96960586
0.97010481
0.97965086
0.97348219
0.97328293
0.97135931
0.97629893