0.08236460
0.17051519
0.10187613
0.16318470
0.06299330
0.22841193
0.11479478
0.21191058
0.12484274
0.17394763
0.05936088
0.17989016
0.01944787
0.13989148
0.18819892
0.12111280
0.04758824
0.04786844
0.19796649
0.13484286
0.02691004
0.12000373
0.12699443
0.08796768
0.12959117
0.09701668
0.18069017
0.11921180
0.04504873
0.14748231
0.25294062
0.11801966
0.23064013
0.14271793
0.11415949
0.14036903
0.08255946
0.07017837
0.23547876
0.15634537
0.09169319
0.06219348
0.10541733
0.03402630
0.04575175
0.16458368
0.20085660
0.31130570
0.23291922
0.19908318
0.05450099
0.08290894
0.04496183
0.17736059
0.18298680
0.08999074
0.09914082
0.12343178
0.19230837
0.11931855
0.16342908
0.10264231
0.07917479
0.26197150
0.08460553
0.11169910
0.11056705
0.15642981
0.08211240
0.20490423
0.11652854
0.20498325
0.30145422
0.24040155
0.13084111
0.12341675
0.12644787
0.16220391
0.20650068
0.10135907
0.06001041
0.13486652
0.11064157
0.29666659
0.09349784
0.16979581
0.12270727
0.24475470
0.15298507
0.17033327
0.15657626
0.05291321
0.17426370
0.20160671
0.15266690
0.11812282
0.16561657
0.07429484
0.12597814
0.15464613
0.07585365