0.11421080
0.10703006
0.09065312
0.14532423
0.11993723
0.15001519
0.14514652
0.06534145
0.24274719
0.09843870
0.10045337
0.25623763
0.14143424
0.22188468
0.27785933
0.10795489
0.13973846
0.15889312
0.13929300
0.20415321
0.23509125
0.27922580
0.09135942
0.14357924
0.27908701
0.13824557
0.03187976
0.15110868
0.17648667
0.27015796
0.21091074
0.19296247
0.34933686
0.10159682
0.04962061
0.12402825
0.25216323
0.20696987
0.31759346
0.22238722
0.35710174
0.27453464
0.29681551
0.22793020
0.30709025
0.18453006
0.28173602
0.25374305
0.26764286
0.16369551
0.13772263
0.20711598
0.13867591
0.11578535
0.03424799
0.05783567
0.14305311
0.04337115
0.20375450
0.26675543
0.25241175
0.17114641
0.15994255
0.33939809
0.20257397
0.27782983
0.21683975
0.17181756
0.21580504
0.22634020
0.14655663
0.10193584
0.11992478
0.19239719
0.28482285
0.08360496
0.30023488
0.26908109
0.24377699
0.21011400
0.26894137
0.15750873
0.16511998
0.08971085
0.17779759
0.16373405
0.22672972
0.25215718
0.25715381
0.26630881
0.12250805
0.25038105
0.23679243
0.26473153
0.12711768
0.15114401
0.07169228
0.16384608
0.13571206
0.12435633
0.21138239