0.07657552
0.96875107
0.97004616
0.97104162
0.97103661
0.96381903
0.96094453
0.97291023
0.96398276
0.96847516
0.97379774
0.97411233
0.97342926
0.96504235
0.96665871
0.97464037
0.97479212
0.96994889
0.97967225
0.97032082
0.96743184
0.97359776
0.96687317
0.97090524
0.96957642
0.97448945
0.96916002
0.96816474
0.96653211
0.97764456
0.96239030
0.97079140
0.96614546
0.96888715
0.97675949
0.97036713
0.96927512
0.96813643
0.96106309
0.97509414
0.97008520
0.96928614
0.97204810
0.96581411
0.96763831
0.96187365
0.96925467
0.96569461
0.96066958
0.95231378
0.96322763
0.97142226
0.96119958
0.96497130
0.96751189
0.97528619
0.96436518
0.96642131
0.97074461
0.96588111
0.97143722
0.97341186
0.96777892
0.96431738
0.97431964
0.96942681
0.96256018
0.96579850
0.95775294
0.96481967
0.96462423
0.95411432
0.96077228
0.95912939
0.96735740
0.97109634
0.97459030
0.98151368
0.97890276
0.97790170
0.97228843
0.97242761
0.97933584
0.97733235
0.96776563
0.96870607
0.97178763
0.96407241
0.97051167
0.96895874
0.97243357
0.96401244
0.96929276
0.96383721
0.96580368
0.96566510
0.96938777
0.97424310
0.97553778
0.97892058
0.97435158