0.04957702
0.95027506
0.95434648
0.95437676
0.94978285
0.95713317
0.95070398
0.94589996
0.95330667
0.95569259
0.95703423
0.95360267
0.95075113
0.94952893
0.94503313
0.94853592
0.94408554
0.95422471
0.95214874
0.94134706
0.93589610
0.94007552
0.94712687
0.95266044
0.94290411
0.94137734
0.94327301
0.94792634
0.94913489
0.94818640
0.94528890
0.94233376
0.94760323
0.95570809
0.95584184
0.95719337
0.94780916
0.95406795
0.95348758
0.95247376
0.95011735
0.94361818
0.94871330
0.94946212
0.95598978
0.95073044
0.95201159
0.94678015
0.93700248
0.95195425
0.95335013
0.95311350
0.95568663
0.95971280
0.95464492
0.94803178
0.95537519
0.95392519
0.95733953
0.95675832
0.95099634
0.95596659
0.95693403
0.95405096
0.94772971
0.95861661
0.95740098
0.95255309
0.94967592
0.95197320
0.95092618
0.96373999
0.95351142
0.95261192
0.95187640
0.95150489
0.94373053
0.95758516
0.96645713
0.96255362
0.96304870
0.95571327
0.96501756
0.95694822
0.95515120
0.95984381
0.95070291
0.95927882
0.95573199
0.95553380
0.95280677
0.95074582
0.95132166
0.95361781
0.95643753
0.95813280
0.94871110
0.95324373
0.94826299
0.95619124
0.94650960