0.13454574
0.76493281
0.73617721
0.83164477
0.76014799
0.80714834
0.75906050
0.82793295
0.79101676
0.75062799
0.74508905
0.70786047
0.77890861
0.77190149
0.76392072
0.79771894
0.78690183
0.72838312
0.74330443
0.75623178
0.71045679
0.74761653
0.74188185
0.67455161
0.72809702
0.76466268
0.77621686
0.72698402
0.75025499
0.73066413
0.77549613
0.73219007
0.71800441
0.75507373
0.74162149
0.74001372
0.75399381
0.81089067
0.76786733
0.79267395
0.79139608
0.77256882
0.78196031
0.79285437
0.77588236
0.80719590
0.77355391
0.80182976
0.78334099
0.74230498
0.80293840
0.81045723
0.78380579
0.81516808
0.79862112
0.79138082
0.80880386
0.78129441
0.80976647
0.80972266
0.79559577
0.80314982
0.80454421
0.73968238
0.80843061
0.80692971
0.79702216
0.78975385
0.75095278
0.80001688
0.82024962
0.78903717
0.77569634
0.77178985
0.79535514
0.79910880
0.79747415
0.81046838
0.80927229
0.76524466
0.76611310
0.78828669
0.77211022
0.77642596
0.82797503
0.75449777
0.78215373
0.79150492
0.79323202
0.76287442
0.77308130
0.79345220
0.79836875
0.79772818
0.75896806
0.69997537
0.78941447
0.80176592
0.81011480
0.73820132
0.82594162