0.09753011
0.93508065
0.94155800
0.93979174
0.94544959
0.95606303
0.94635546
0.94773126
0.96082711
0.95150614
0.96356112
0.96631813
0.96462542
0.95496994
0.96587968
0.97872245
0.96256888
0.96404928
0.96574372
0.94760114
0.95856148
0.96827811
0.95659888
0.96318024
0.94855863
0.96798331
0.96611154
0.96849954
0.96070451
0.96100408
0.96987319
0.95307481
0.95856392
0.95240593
0.95263517
0.95112956
0.95741004
0.96667510
0.96432012
0.94850409
0.96023589
0.96543688
0.96596938
0.96466798
0.96560776
0.96757978
0.96451223
0.95892495
0.95981508
0.96465820
0.95185626
0.96600366
0.97562468
0.96907288
0.95984149
0.97108519
0.96091837
0.95370728
0.94079882
0.94672292
0.95331818
0.95499259
0.95699412
0.95754224
0.95343584
0.96041387
0.95320344
0.97110522
0.96434432
0.96749288
0.96202606
0.95078421
0.95278955
0.95376265
0.94982475
0.95565432
0.95011580
0.95119166
0.95356023
0.95531386
0.95309019
0.96436793
0.95952195
0.96689463
0.96743971
0.96077728
0.96515214
0.95441186
0.97427535
0.96156001
0.95748717
0.96419179
0.96462750
0.94590700
0.93801522
0.93637681
0.95074654
0.93962854
0.93568236
0.94236726
0.92870218