0.11950095
0.95135862
0.93705231
0.94604975
0.94770944
0.94938523
0.94520104
0.95027804
0.95040351
0.93597519
0.95006424
0.94760996
0.95669204
0.94539732
0.95073068
0.95302892
0.95047569
0.94272822
0.94340253
0.94079596
0.93678355
0.94229186
0.94540429
0.95276159
0.93815875
0.94112289
0.94834679
0.95522326
0.94853419
0.94911820
0.94503790
0.94465452
0.95474702
0.94854265
0.94500852
0.94482315
0.93762213
0.94392335
0.95212227
0.94150686
0.95021307
0.95010900
0.94374967
0.93617278
0.94754708
0.94912887
0.93490112
0.93092120
0.94323301
0.94132292
0.94765210
0.95115256
0.94239366
0.93739974
0.94352239
0.95271409
0.95270395
0.95738715
0.95999670
0.95085794
0.95425105
0.96046329
0.95000559
0.94750863
0.95434523
0.95356786
0.95031303
0.94374502
0.95462501
0.94942915
0.95020998
0.96317947
0.95039457
0.95714158
0.95889682
0.95217699
0.95716214
0.95143867
0.94984329
0.94669241
0.94421995
0.95176524
0.95790476
0.95315391
0.94313782
0.94141036
0.94067484
0.94314551
0.94399965
0.95563775
0.95553613
0.94684601
0.95024687
0.94375056
0.94177240
0.94578069
0.95408529
0.95507562
0.94865465
0.95097029
0.94756240