0.17097370
0.92823470
0.93498743
0.93474543
0.93631876
0.94181579
0.93129838
0.93686074
0.93854433
0.93846571
0.93569022
0.92914176
0.94258761
0.94331056
0.94573569
0.93240321
0.93806386
0.93662745
0.94345075
0.93624145
0.94613981
0.94111514
0.93853897
0.94394743
0.94400918
0.94046301
0.94141382
0.94166231
0.94072080
0.94508433
0.93944883
0.94934052
0.94086111
0.94260490
0.94266915
0.94522947
0.93937719
0.93634337
0.94334430
0.93684632
0.94508582
0.93412572
0.93874002
0.93450952
0.94315428
0.94861525
0.94306535
0.94351637
0.94265580
0.94453323
0.94575089
0.94307023
0.94327283
0.93765903
0.93748641
0.94659239
0.94042051
0.94210374
0.94044334
0.94033521
0.94771123
0.93636316
0.95274407
0.94355983
0.94632220
0.94317162
0.93996704
0.94081092
0.94996864
0.94099945
0.94439811
0.93853152
0.93268037
0.95001924
0.94174987
0.94308800
0.94761068
0.93043411
0.94413507
0.94406432
0.94756293
0.94230843
0.94338918
0.95175397
0.94009995
0.93344545
0.93152231
0.93772948
0.93503600
0.93362266
0.92745024
0.93295211
0.94433862
0.93053526
0.94069862
0.94853777
0.94685262
0.93970037
0.94411361
0.94440460
0.95179725