0.09290066
0.96869528
0.96679491
0.95893896
0.96783900
0.96515673
0.96732825
0.96540183
0.96740031
0.96208727
0.96921682
0.95778739
0.96621603
0.96454185
0.96506500
0.96712029
0.97096598
0.96800947
0.96759397
0.97148126
0.96911544
0.96473259
0.96033633
0.96525413
0.95824844
0.96521080
0.96295047
0.96194601
0.97236979
0.96922785
0.96532393
0.96895516
0.97053194
0.96671176
0.96789056
0.97297186
0.96556413
0.96657205
0.96545130
0.96767837
0.96916777
0.96820879
0.96393585
0.95972800
0.97151995
0.96703446
0.96749532
0.96800035
0.96393496
0.96712995
0.96789092
0.96592766
0.96636939
0.95937747
0.96238929
0.96303141
0.96319532
0.96801072
0.96167654
0.96281397
0.96487308
0.96921712
0.96523780
0.96110618
0.96932822
0.96965253
0.96829981
0.96314001
0.96982855
0.96310306
0.96792692
0.96794784
0.96594352
0.95834601
0.96972632
0.96111602
0.96292794
0.95993018
0.96222502
0.96318334
0.96136469
0.96452087
0.96519828
0.96568239
0.96901602
0.96993309
0.96535134
0.97038209
0.96638662
0.95996696
0.96833616
0.97059858
0.97007185
0.96675628
0.96928126
0.96613401
0.96975541
0.96555626
0.96379691
0.96739328
0.96481627