0.06998644
0.96720046
0.96061844
0.95916986
0.96121061
0.95236129
0.96817052
0.96783698
0.96456373
0.96027899
0.96918225
0.97047269
0.97555268
0.96875089
0.96270353
0.96845764
0.96487725
0.97287256
0.96627265
0.97261572
0.97229820
0.96241057
0.96382844
0.96349669
0.95789862
0.95422685
0.95817667
0.96469259
0.95723391
0.95645911
0.95442998
0.95701647
0.94469315
0.95435196
0.95222872
0.95723146
0.95911324
0.94905055
0.95151412
0.95794278
0.94863755
0.94338173
0.94993609
0.95564097
0.95646358
0.96918213
0.94664228
0.96207184
0.95376837
0.94447893
0.95399749
0.96253347
0.96249086
0.95609963
0.96209204
0.95293105
0.95729530
0.95650274
0.95984316
0.96396369
0.96313047
0.96123618
0.96558714
0.96583331
0.95338964
0.95779657
0.94618201
0.95486999
0.95064628
0.95077777
0.95894700
0.95902848
0.96549451
0.95578247
0.96191686
0.96283507
0.96637446
0.95738757
0.95883453
0.96742719
0.95858645
0.96453494
0.97372103
0.95467299
0.96938300
0.96622872
0.97323018
0.96889055
0.97110468
0.96290088
0.96400094
0.96844530
0.96741605
0.96816504
0.96601999
0.96999860
0.96116775
0.96842813
0.95316893
0.96045738
0.96414489