0.14674504
0.93979651
0.94023925
0.95442367
0.93332118
0.93820977
0.93883455
0.93885070
0.94059914
0.93893534
0.93479872
0.93134427
0.94131851
0.93466306
0.93826288
0.94444031
0.94962639
0.93218642
0.94484895
0.94663638
0.93764478
0.93473470
0.93238044
0.92057902
0.94342113
0.91748369
0.94026071
0.93765104
0.93812340
0.94531268
0.92823035
0.93333769
0.94831032
0.93019795
0.93395919
0.93092567
0.93377233
0.93252599
0.92899412
0.93498850
0.93815202
0.93779832
0.93295503
0.93244666
0.93440419
0.94354749
0.93955392
0.94369298
0.94023341
0.94263768
0.93791479
0.93664002
0.94740343
0.95821208
0.92895746
0.95663416
0.94674802
0.94698036
0.94889158
0.94034594
0.93835455
0.95237184
0.94470507
0.93913209
0.94521469
0.94550323
0.95213211
0.93786222
0.93941474
0.94048929
0.94281256
0.93955922
0.94739115
0.94653165
0.94222796
0.93823838
0.93166089
0.94376558
0.93887460
0.94424272
0.94051981
0.94103867
0.93287772
0.93801576
0.94816399
0.93427205
0.94212365
0.95161730
0.94524246
0.95032531
0.95477867
0.94820124
0.93794650
0.94734073
0.93833870
0.94829589
0.93970740
0.93817502
0.93363136
0.93474495
0.93043017