0.09072412
0.92374969
0.92128587
0.91801023
0.92533994
0.94602019
0.94233084
0.92512864
0.92736977
0.91037560
0.89340490
0.92441469
0.91563064
0.93824142
0.94324821
0.90578377
0.89653474
0.93588614
0.92655045
0.93820798
0.91981006
0.92629737
0.92248505
0.91039222
0.92968440
0.92156321
0.91090322
0.92959577
0.91160500
0.93434125
0.92453092
0.92764342
0.92398065
0.92247933
0.93276930
0.91360742
0.91109335
0.92440796
0.93265635
0.92321694
0.93272376
0.91752410
0.92682952
0.92744172
0.91016269
0.93494219
0.93053412
0.91493642
0.92346549
0.91731715
0.91723520
0.92764884
0.90697592
0.92920613
0.91366529
0.92368597
0.93502539
0.92159289
0.91422129
0.92815328
0.91264069
0.93361318
0.92968363
0.93211126
0.90479064
0.92315084
0.92744476
0.91866904
0.93414205
0.93390024
0.92751342
0.91549468
0.91301566
0.90400225
0.91561854
0.92610300
0.93052453
0.91784620
0.93796217
0.93147719
0.93978429
0.91188180
0.93634069
0.93532705
0.92492831
0.93173462
0.92366517
0.91024518
0.92888236
0.90815109
0.91540343
0.93441749
0.93821764
0.92963004
0.92841369
0.91919363
0.92519081
0.92250419
0.93293488
0.90256673
0.90937155