0.08263827
0.18851285
0.13340499
0.12667403
0.12466093
0.07733349
0.22767755
0.08384280
0.08174207
0.12536782
0.18108004
0.10871599
0.12568454
0.16416401
0.08405072
0.10202739
0.16545978
0.17598043
0.16648203
0.06310355
0.11120510
0.04614012
0.14204523
0.09165165
0.07641518
0.12444060
0.13111801
0.24997535
0.10498153
0.11611989
0.15924649
0.12898073
0.09320630
0.06678190
0.07366364
0.05334674
0.07643271
0.08903530
0.20398888
0.06532629
0.06601442
0.16228807
0.12188557
0.09795655
0.19705181
0.10217112
0.07051884
0.11158173
0.05981582
0.11195575
0.13197154
0.18331459
0.11513067
0.02069706
0.11708537
0.05441436
0.05452500
0.03854753
0.10690650
0.14672786
0.03410183
0.11828633
0.06523668
0.20036736
0.09720311
0.07293459
0.11354844
0.03716084
0.06945933
0.24448913
0.12916394
0.08497927
0.09944985
0.10894494
0.15321280
0.05147217
0.13854672
0.07644291
0.14927825
0.14611897
0.17616768
0.13535805
0.12959568
0.14351064
0.09894983
0.07428582
0.08791617
0.11257995
0.16744879
0.13362239
0.22153001
0.18568951
0.09892113
0.09605888
0.07629153
0.13474508
0.18956457
0.03273456
0.07444684
0.10681296
0.18351871