0.13413607
0.96154547
0.96200716
0.96117991
0.95855391
0.96390051
0.96077919
0.96393746
0.96366990
0.96354222
0.95963526
0.96381032
0.96671385
0.96405602
0.95859742
0.95360619
0.96502650
0.96083921
0.96078050
0.96267158
0.95987678
0.96361566
0.96186751
0.96191537
0.96444207
0.96334869
0.96034741
0.95920897
0.95926863
0.95902193
0.95889425
0.96667153
0.95926648
0.96055722
0.96238810
0.96218789
0.95446938
0.95978904
0.96324652
0.96358460
0.95703971
0.95970780
0.96477151
0.96263778
0.95854640
0.95965850
0.96183169
0.95921630
0.96967608
0.96416849
0.96027106
0.96498924
0.96688235
0.96305275
0.95858282
0.96414626
0.96273631
0.96148604
0.96200418
0.96158957
0.96792108
0.95750636
0.95617300
0.96183306
0.96314400
0.96452212
0.95808619
0.95585907
0.96246183
0.96384919
0.95656776
0.96244627
0.96131212
0.95099849
0.95387322
0.95228195
0.95320779
0.96041608
0.96625715
0.96118110
0.95979548
0.96219355
0.95939362
0.96680093
0.95963889
0.95635939
0.95976007
0.96144694
0.96035594
0.96269441
0.95793372
0.96299005
0.96758837
0.95095754
0.96205896
0.96414638
0.96818924
0.96294028
0.96096879
0.96807700
0.95818275