0.13953310
0.97272027
0.97451693
0.96364236
0.95532006
0.96548754
0.96627337
0.96832222
0.96012861
0.95613456
0.95828170
0.95038390
0.96846110
0.96208626
0.96440595
0.96306795
0.96180475
0.96920604
0.96535200
0.96254653
0.97087359
0.96329969
0.96519661
0.95813692
0.96128923
0.95690125
0.95618093
0.95533162
0.96777147
0.96109474
0.96371275
0.95414758
0.97166789
0.96881515
0.96449196
0.96748984
0.96192950
0.96807212
0.96792239
0.96414149
0.97013968
0.97587836
0.97426420
0.97132498
0.96934050
0.97451729
0.96868289
0.97191340
0.97344321
0.96883196
0.97188157
0.96170235
0.94904792
0.95799845
0.96057284
0.96156138
0.95728159
0.96663660
0.95980400
0.97100782
0.96567696
0.97351295
0.97187501
0.97206479
0.96360689
0.97127241
0.96984285
0.96264428
0.97070861
0.96797484
0.95661443
0.97023612
0.97490442
0.97146529
0.97149873
0.97221696
0.96580076
0.96407431
0.96901304
0.96205980
0.96971703
0.97729295
0.97280198
0.96964300
0.96687239
0.97190672
0.97534841
0.96735841
0.96622843
0.96692103
0.97834986
0.96521753
0.96666396
0.96870387
0.97448140
0.96827066
0.96987730
0.96575963
0.97074282
0.96238816
0.96071714