0.14954217
0.96565735
0.97669393
0.97747046
0.97388339
0.97188538
0.97196352
0.97370821
0.97403479
0.96767020
0.97524607
0.97627115
0.96320528
0.97162354
0.96614867
0.97375280
0.96110803
0.95365167
0.95108229
0.95895332
0.96094239
0.95766658
0.96567583
0.94905746
0.95834088
0.95544469
0.96237391
0.95837384
0.96356863
0.97304070
0.96959680
0.97029406
0.96474874
0.96797442
0.96387804
0.97199392
0.96886522
0.96420878
0.97776884
0.98040795
0.97022718
0.96229768
0.97092468
0.96847755
0.96564913
0.97964728
0.97238886
0.96214002
0.96279597
0.96329165
0.96560174
0.97301430
0.96561515
0.96547586
0.96714836
0.96226484
0.95643073
0.95872474
0.95521688
0.95320493
0.94615763
0.95206726
0.94986671
0.96181566
0.96461433
0.96783668
0.96047354
0.96334451
0.96614355
0.97524893
0.97071040
0.96354043
0.97627431
0.97066993
0.97236532
0.96733522
0.97225195
0.97116369
0.96620005
0.95453286
0.96745485
0.96840376
0.96477371
0.96265876
0.96495581
0.96035600
0.95343065
0.95904189
0.95580012
0.96979696
0.95675969
0.97269005
0.96532279
0.95206314
0.95885378
0.95165992
0.95568711
0.95552695
0.96851516
0.95556647
0.96505868