0.03732009
0.96108145
0.94765753
0.94930941
0.94846153
0.94371325
0.95546341
0.94777238
0.95459998
0.95773524
0.96287787
0.95918322
0.96227896
0.96037704
0.95415801
0.95220155
0.96752715
0.96351111
0.95956647
0.95958006
0.95185685
0.95642716
0.95993721
0.94327134
0.95070094
0.95346886
0.95515269
0.95241553
0.96044040
0.94832850
0.94944268
0.95574659
0.95547450
0.95206130
0.95373827
0.95153731
0.95150274
0.95196891
0.95415252
0.95430928
0.94802803
0.96578318
0.94368696
0.95633262
0.95423394
0.95855749
0.95756674
0.95549124
0.95655107
0.94428152
0.95495993
0.94998795
0.95669991
0.94997811
0.95266402
0.95877647
0.95298022
0.94529146
0.94879806
0.94786662
0.96086901
0.95292366
0.94951212
0.94835722
0.94540304
0.95693457
0.95240057
0.95144957
0.95084625
0.96076906
0.95957530
0.95386732
0.95719528
0.95025480
0.93962348
0.93975633
0.95384264
0.94091707
0.96092802
0.94580454
0.94081169
0.94925958
0.94174337
0.94785011
0.95690840
0.95705408
0.95296335
0.95410591
0.94972509
0.95900941
0.95561022
0.94931012
0.95599771
0.95119745
0.96303838
0.96612036
0.95217544
0.95417356
0.96001852
0.96453315
0.95987201