0.04015391
0.01705876
0.14876194
0.17623641
0.10480323
0.20910278
0.17639448
0.10016499
0.03389646
0.06722233
0.12568744
0.11786305
0.07813492
0.05889396
0.05667342
0.10866982
0.02836818
0.12923247
0.13911225
0.12827368
0.17280342
0.17125288
0.25000179
0.11046136
0.12675570
0.11892393
0.07356009
0.02194056
0.15222432
0.16878879
0.13585301
0.10753682
0.01854915
0.09579151
0.16649403
0.11752016
0.12243788
0.16883183
0.14889345
0.09269163
0.06627600
0.17421411
0.12431274
0.15594430
0.13526769
0.16027112
0.08803990
0.10940650
0.05761620
0.14445370
0.14427020
0.06372630
0.04908450
0.04066793
0.14872631
0.07459381
0.11499639
0.07688688
0.07416840
0.19832177
0.16196975
0.07378073
0.04994105
0.17552340
0.16071264
0.10677408
0.12416416
0.22435203
0.14120795
0.09476107
0.10762784
0.04377719
0.13909066
0.17663358
0.15341376
0.03958165
0.05289610
0.14775594
0.03633254
0.06275954
0.07806708
0.16978033
0.18268356
0.13110094
0.12049596
0.06696886
0.02622097
0.06247272
0.12999533
0.05231877
0.07880307
0.11240996
0.03385137
0.05276070
0.10624351
0.09733441
0.06166951
0.14117584
0.12902629
0.06262328
0.15098900