0.10072691
0.91824186
0.90724432
0.92010808
0.91029119
0.90681666
0.93444115
0.91261083
0.92721796
0.90014398
0.92031455
0.91195983
0.88313222
0.91513115
0.90039408
0.91579783
0.90578103
0.91991198
0.90375155
0.90208602
0.91657645
0.90377635
0.92545837
0.91505480
0.92182612
0.92658716
0.92091608
0.90729135
0.90952224
0.91372865
0.91403478
0.91456103
0.89706695
0.90353477
0.90799445
0.90550441
0.90725195
0.91949862
0.91739929
0.91769958
0.90864730
0.91385996
0.92070442
0.92168564
0.91316545
0.92261672
0.90498239
0.91642195
0.92583495
0.92622244
0.91623002
0.91855866
0.90883416
0.91543353
0.90938705
0.92232603
0.93703616
0.90391052
0.91811705
0.91476768
0.91021913
0.89559275
0.90714097
0.91486114
0.92283279
0.92208809
0.92418879
0.91249621
0.90979093
0.89423996
0.91778815
0.91347343
0.92335898
0.90665060
0.92701912
0.91276550
0.92364901
0.91939700
0.91205782
0.91978812
0.91280580
0.92850530
0.91883260
0.91884482
0.92279541
0.92324972
0.92565459
0.92999047
0.91915601
0.91988236
0.91973412
0.93000931
0.91699982
0.92876333
0.91251343
0.90983427
0.90819734
0.90663904
0.92270678
0.90217137
0.90347725