0.26633909
0.89496684
0.89863396
0.90869260
0.91030294
0.88087982
0.90133286
0.89192688
0.90925908
0.92375857
0.90275854
0.89203715
0.89896166
0.92494994
0.88790041
0.92378563
0.91127044
0.88919562
0.90981424
0.91752821
0.91293329
0.90959799
0.92776662
0.88794428
0.89715987
0.91078323
0.88839167
0.88426483
0.91506910
0.89306837
0.89377588
0.90376174
0.90552109
0.87610590
0.89969271
0.88850111
0.89529371
0.89754766
0.90034121
0.88930565
0.90179175
0.88675761
0.90435648
0.90395010
0.89800870
0.91448891
0.92381591
0.87706447
0.87096769
0.88827479
0.89465141
0.91176295
0.89060509
0.89399183
0.91032332
0.88377267
0.90996414
0.90445048
0.87691498
0.89740533
0.87339747
0.89738154
0.89932311
0.86394972
0.88004321
0.90528852
0.85678697
0.87540627
0.88891625
0.91734338
0.91597807
0.89915729
0.91972792
0.88094169
0.90196973
0.91760504
0.91589713
0.90436256
0.92878854
0.92897230
0.92288268
0.91424561
0.89338797
0.89678925
0.89711630
0.91870248
0.90523338
0.90929300
0.90933985
0.92414367
0.87090874
0.89289492
0.89117903
0.89719617
0.90599763
0.89962143
0.89138579
0.89551818
0.89269340
0.90521103
0.91549635