0.08153112
0.88168311
0.89208335
0.91034091
0.90963519
0.91438180
0.91520852
0.89381361
0.91498995
0.91356522
0.91865867
0.89607537
0.89124471
0.91250074
0.91271609
0.90422994
0.91464484
0.88088256
0.89281005
0.89871389
0.91473824
0.92000777
0.90216428
0.92849922
0.89400977
0.91326880
0.92615819
0.90775466
0.91381091
0.92381293
0.90996116
0.92741674
0.93166620
0.92650294
0.91328615
0.91422707
0.92854452
0.92615652
0.93496811
0.92036229
0.92231417
0.91500038
0.91397482
0.88890356
0.88794100
0.89126778
0.90763563
0.87120610
0.90825629
0.90319932
0.89940882
0.91979021
0.91334701
0.90810531
0.89254111
0.90085912
0.92161673
0.90672714
0.91394132
0.91281235
0.89227241
0.93433052
0.91428512
0.92857337
0.91314542
0.91602540
0.91996837
0.92305756
0.91816080
0.91049379
0.88560754
0.90100706
0.89663422
0.91174680
0.91268861
0.89979070
0.89636469
0.90481424
0.90729600
0.91736639
0.90681642
0.90460813
0.92126495
0.91829985
0.92191947
0.92288041
0.91260028
0.91789347
0.91158938
0.91938692
0.91195887
0.92489123
0.92120951
0.90376174
0.89943182
0.92357236
0.91837835
0.91835040
0.90059608
0.92173582
0.92986560