0.09753011
0.87757593
0.87809545
0.88303465
0.87814081
0.89089584
0.88865191
0.88277727
0.86555839
0.88948798
0.89420491
0.89824480
0.85179102
0.85704041
0.90177274
0.88929451
0.86375451
0.87661314
0.89485902
0.87723833
0.85751987
0.90655828
0.86173338
0.91540724
0.86847627
0.90081358
0.90800864
0.91107422
0.90997124
0.90892082
0.91671729
0.89515531
0.89881003
0.88938540
0.88845110
0.89331001
0.88670814
0.90558100
0.88400251
0.86262244
0.87142885
0.87100339
0.90431303
0.91172951
0.91332990
0.89794189
0.90116370
0.88538736
0.88796556
0.88376677
0.88720858
0.89628714
0.89390558
0.89945412
0.88451636
0.91472429
0.90164328
0.90402895
0.90498316
0.90815401
0.89923495
0.91528535
0.90494102
0.89607966
0.89387876
0.90398329
0.89675558
0.92677277
0.88686180
0.88817239
0.89133841
0.89626336
0.89115912
0.89043689
0.90107781
0.90952992
0.91727525
0.90715373
0.88388562
0.89925957
0.89040625
0.90138000
0.89029884
0.90476155
0.90622634
0.88414544
0.88304132
0.90327448
0.89294970
0.91096413
0.90444160
0.89679009
0.91334236
0.89669526
0.86868608
0.88894212
0.89451849
0.89415604
0.89226007
0.90219462
0.90475202