0.09090188
0.92353076
0.92124283
0.91848516
0.92944360
0.91312677
0.92785805
0.90643770
0.91509050
0.91592062
0.91803026
0.90643644
0.89715141
0.89722288
0.91387045
0.90801793
0.90270662
0.92045599
0.89542162
0.91086167
0.93204069
0.93638802
0.91775423
0.90860993
0.89886498
0.91582680
0.90075332
0.90814954
0.92508101
0.91363525
0.89437586
0.90481234
0.91651839
0.89410043
0.91094726
0.91602969
0.89051521
0.90834546
0.91378778
0.90096831
0.91914201
0.88594842
0.91020143
0.90662986
0.90981776
0.92574769
0.91639662
0.90683335
0.91295969
0.91695917
0.90941596
0.88071364
0.89813668
0.91080612
0.90761483
0.92167044
0.90698171
0.91158783
0.89204806
0.90315247
0.90773970
0.90054375
0.91372412
0.91479385
0.91300875
0.91755790
0.89769834
0.92050815
0.88677168
0.91783720
0.89950943
0.89838076
0.90489393
0.92060709
0.92333841
0.90284783
0.92538637
0.93317056
0.91148138
0.92343926
0.92077690
0.91721374
0.93155664
0.92243147
0.92017007
0.92672586
0.92996889
0.92459238
0.92717063
0.91703206
0.92138505
0.93728304
0.92977554
0.92260301
0.92832708
0.93724000
0.92578590
0.89727747
0.92965537
0.92170191
0.90963012