0.07788720
0.96993655
0.97670847
0.97113472
0.96721017
0.97578740
0.96603233
0.96905553
0.96805489
0.96513963
0.96953237
0.97232646
0.97152930
0.97028482
0.97547126
0.97041321
0.96559572
0.97403252
0.96715850
0.96520460
0.97205424
0.96838790
0.96766579
0.96518111
0.97229111
0.97507674
0.97442281
0.97578835
0.97217447
0.96282083
0.97509277
0.96925181
0.96494997
0.96891820
0.97136939
0.97361588
0.97204852
0.96889627
0.97310960
0.96826005
0.96460998
0.97183400
0.96600223
0.97233742
0.97393042
0.97103912
0.96991837
0.96886206
0.96694982
0.96519172
0.97123450
0.97186106
0.96624446
0.97521001
0.96462458
0.97216773
0.96724302
0.96983993
0.97015840
0.97350103
0.97385919
0.97790110
0.97409827
0.97326803
0.97944611
0.98020262
0.97587776
0.98249811
0.98306435
0.97785723
0.97519946
0.97598511
0.98015285
0.97402847
0.97617340
0.98152894
0.98124731
0.98013550
0.97486478
0.97546804
0.98016059
0.97882408
0.97564089
0.97873336
0.97918153
0.97722375
0.98017943
0.97916955
0.97741055
0.97793406
0.97874933
0.97814906
0.97706801
0.98014814
0.97914809
0.97588003
0.97559595
0.97774661
0.97410274
0.97758967
0.97432435