0.05321941
0.95069265
0.95895010
0.96243966
0.95944536
0.96995872
0.96913546
0.95572191
0.96060318
0.95269752
0.94285631
0.95531934
0.95162696
0.95232522
0.95673090
0.95604956
0.95485061
0.94889861
0.95993024
0.95759702
0.94729125
0.94200003
0.95141220
0.96185094
0.96067119
0.96274179
0.95457596
0.95178092
0.95632964
0.95764536
0.95970941
0.95631957
0.96417814
0.96550995
0.96022880
0.96146375
0.96312392
0.95500267
0.96303123
0.96251452
0.96460420
0.96874017
0.95803779
0.95105964
0.95657748
0.96426225
0.95589393
0.95177913
0.95765495
0.95195067
0.96061516
0.95467675
0.95465195
0.94656092
0.95224243
0.94541687
0.94431460
0.95286226
0.95071501
0.94996715
0.94404292
0.94464827
0.94802070
0.93578058
0.94650620
0.95742476
0.94696343
0.95265990
0.95810533
0.94912618
0.95976663
0.96637344
0.97113687
0.95929468
0.96020865
0.97200412
0.97007209
0.96828252
0.94400275
0.95174158
0.97045743
0.95784879
0.96298325
0.96485054
0.96053255
0.96530533
0.95679390
0.96621734
0.95745260
0.95787615
0.95526832
0.96196878
0.96397281
0.96588320
0.95790541
0.95612901
0.96162409
0.95232332
0.94959229
0.95666307
0.95371103