0.15609142
0.11039737
0.24107456
0.24829635
0.35240149
0.32472694
0.35170287
0.41175583
0.25513572
0.29887971
0.28162464
0.34488061
0.19902384
0.05423129
0.24643205
0.26882374
0.36912209
0.23588467
0.35925958
0.33041611
0.18725720
0.15353546
0.13432866
0.10769255
0.11104374
0.21893761
0.19329882
0.30557179
0.39570627
0.41270101
0.45724404
0.48176041
0.53678018
0.38281128
0.22993551
0.10149329
0.23532753
0.15757713
0.40610808
0.26130420
0.23054846
0.18675826
0.14695826
0.31061202
0.08225227
0.31173402
0.40328097
0.42372754
0.41984254
0.27139908
0.31071565
0.46922848
0.30256778
0.37879190
0.42581141
0.37740502
0.31474647
0.38640490
0.29655182
0.43030095
0.36556584
0.39953515
0.22004515
0.28114855
0.26333272
0.42346704
0.38202316
0.23823525
0.14937331
0.27225724
0.26665497
0.24329697
0.43562293
0.30180839
0.37850475
0.19662455
0.18634354
0.09970770
0.17940302
0.22708540
0.15987961
0.12310239
0.15365209
0.12896590
0.13194132
0.40794805
0.22917311
0.17200649
0.40625870
0.42913646
0.48174056
0.40810227
0.31863287
0.44644147
0.32541373
0.34400263
0.34377247
0.42083770
0.45656985
0.38031688
0.41171002