0.11078583
0.95174897
0.94375473
0.94642127
0.95015955
0.94837344
0.94152308
0.94818586
0.95217836
0.95205247
0.93100709
0.94260573
0.93642920
0.94575876
0.94352949
0.95131570
0.94647717
0.94002211
0.94673288
0.93534517
0.94126725
0.93716627
0.94606191
0.94113457
0.94345337
0.94346040
0.94312370
0.94237226
0.94191396
0.95041305
0.94779617
0.93756950
0.94023079
0.94374704
0.95048350
0.94263917
0.95025826
0.94471014
0.93980372
0.94290644
0.94810539
0.94564986
0.94123387
0.94236124
0.94678766
0.94201612
0.94559824
0.94220877
0.94683957
0.94970286
0.94900924
0.94042182
0.94299769
0.94036108
0.94489777
0.93914300
0.94258642
0.94828981
0.94648397
0.95356047
0.94477022
0.94250053
0.94393194
0.94680792
0.94151765
0.94490916
0.93726873
0.94110078
0.94732851
0.94397628
0.93849671
0.95092493
0.93906504
0.94559473
0.95484191
0.94442403
0.95107514
0.94594473
0.94814456
0.94441581
0.94999117
0.95178002
0.95492339
0.95250380
0.94860548
0.95537162
0.94789559
0.94993746
0.94499803
0.94636351
0.94199270
0.94580191
0.95245093
0.94714665
0.95330650
0.95419574
0.95027184
0.95443618
0.94736254
0.95073110
0.94613677