0.04952200
0.23307079
0.50759882
0.43943000
0.52696443
0.53130078
0.56495374
0.52311128
0.58070868
0.44835880
0.57684469
0.51928949
0.56250197
0.54533064
0.58904868
0.56701165
0.52358401
0.58148098
0.58618462
0.50607634
0.46205154
0.60989302
0.57759321
0.47245461
0.57351613
0.58998829
0.53138089
0.39832321
0.51855272
0.57311708
0.60014206
0.62776661
0.60790420
0.50717092
0.43440518
0.50170970
0.64114267
0.68395007
0.69921815
0.46661365
0.51703608
0.53003359
0.51386184
0.54504377
0.57843667
0.54342777
0.51109338
0.59756738
0.51963073
0.50296098
0.51131010
0.54748344
0.59663779
0.54148352
0.45674402
0.52635813
0.55117792
0.52220094
0.53790176
0.38779530
0.42965683
0.45080277
0.55794805
0.49698010
0.59859926
0.56763631
0.69449121
0.56828153
0.53960705
0.49908465
0.56708711
0.67318475
0.56131589
0.56051791
0.64579302
0.54359037
0.49709827
0.58026725
0.61155874
0.64212686
0.59556270
0.60613519
0.50344908
0.57808512
0.48256025
0.56462461
0.51753157
0.52526963
0.51129168
0.52384740
0.56896126
0.44154698
0.56920105
0.66966325
0.54393512
0.58375180
0.58262843
0.58953130
0.59285951
0.63462836
0.59767550