0.11078583
0.94789481
0.92812026
0.93630964
0.92256773
0.92754143
0.92300355
0.93286973
0.94616103
0.94382417
0.92631990
0.94240522
0.92798364
0.93899310
0.94694483
0.94834208
0.94309777
0.94452894
0.92922562
0.93320298
0.94092005
0.95215106
0.94510007
0.94701910
0.93280631
0.95362872
0.93472940
0.94967824
0.94802111
0.95447886
0.93784040
0.95417356
0.95045900
0.93804163
0.94650942
0.94776726
0.95209807
0.94809294
0.94161767
0.94662088
0.95923144
0.94825095
0.94421697
0.95494759
0.94557440
0.95244652
0.94659418
0.94749671
0.94756180
0.94128752
0.95770973
0.94469458
0.95073485
0.95168704
0.94606757
0.94503683
0.93774366
0.95750219
0.94623381
0.95847297
0.94918585
0.95008147
0.94975799
0.95568603
0.92956537
0.94936049
0.93963808
0.93446106
0.95058852
0.95189673
0.94427562
0.95118189
0.94785494
0.93747973
0.93536687
0.94702476
0.94326484
0.92878801
0.94405150
0.92476571
0.92890412
0.94169497
0.95473844
0.95057327
0.94498754
0.94841254
0.95000541
0.94843465
0.94053549
0.93761504
0.95446128
0.93598646
0.95424050
0.93335563
0.93747216
0.94952303
0.94317210
0.94267964
0.94201803
0.93862695
0.95692527