0.08586100
0.08682751
0.14367245
0.08762620
0.13622272
0.12124759
0.17978759
0.09459875
0.10339846
0.08684019
0.04722507
0.06528478
0.10365100
0.08937275
0.09460850
0.08559026
0.08838698
0.09456216
0.11314437
0.07854582
0.08233257
0.05759598
0.08648647
0.05212953
0.05738897
0.08266371
0.11049325
0.11305270
0.06591666
0.10395509
0.09119224
0.08452545
0.09088268
0.08468965
0.05572760
0.12708488
0.05876388
0.12215799
0.06171524
0.11854924
0.12475504
0.14209399
0.12983452
0.03265077
0.11225293
0.08675551
0.08253606
0.12481470
0.10112759
0.12220451
0.07072683
0.04759231
0.10225684
0.09969464
0.06632791
0.13745129
0.07167029
0.01688151
0.06479089
0.03413406
0.04848327
0.06411610
0.07031278
0.11378499
0.13219053
0.09153128
0.13520841
0.11369115
0.05319999
0.11217503
0.07256556
0.06622332
0.06966703
0.08394194
0.07885978
0.08259985
0.15493870
0.03148850
0.16057400
0.02939598
0.09736204
0.05616862
0.13287543
0.02996873
0.03932266
0.16381186
0.14000997
0.13236657
0.02849714
0.13620698
0.07030103
0.05459191
0.12525457
0.04644210
0.09289397
0.14315912
0.15120487
0.13682334
0.12736629
0.14963230
0.07279491