0.04957702
0.07896002
0.03321210
0.03470297
0.15932283
0.04320029
0.07426205
0.10575154
0.15398365
0.03805450
0.03856300
0.09808991
0.21932220
0.10502985
0.06410894
0.09393016
0.16503942
0.12582302
0.08254200
0.15682998
0.10452631
0.14153986
0.22279516
0.06585788
0.10749428
0.04499016
0.07443635
0.14175372
0.13640384
0.10985188
0.10373870
0.07473356
0.13172621
0.15297432
0.12758273
0.09134515
0.05531966
0.19073567
0.09402353
0.10978609
0.15699269
0.16652830
0.16271584
0.19058800
0.14819191
0.10776016
0.08698975
0.12238295
0.09083125
0.11473107
0.15038197
0.19195747
0.13335128
0.12780838
0.15096968
0.02749241
0.17636305
0.06412598
0.16142346
0.29924902
0.13985199
0.12231810
0.06897704
0.16026703
0.10922405
0.16948323
0.14861535
0.19146007
0.09338155
0.11565641
0.13334848
0.19929206
0.15375312
0.12089048
0.05941379
0.09549920
0.18194681
0.09788346
0.11798836
0.08669098
0.22385406
0.11732902
0.07790180
0.18510026
0.17822498
0.06901632
0.16491224
0.11442484
0.14042498
0.13294913
0.10213054
0.13819513
0.14058681
0.06441288
0.12144146
0.20224096
0.20974140
0.10337071
0.05507214
0.11838568
0.05528448