0.11078583
0.85489565
0.81010932
0.81918854
0.75448877
0.80154878
0.76802450
0.81007499
0.81907082
0.83376902
0.78973931
0.86284453
0.72608209
0.83369654
0.78735995
0.80635720
0.79624319
0.81874794
0.76856691
0.75719374
0.76636004
0.77799094
0.79167724
0.83173251
0.79164100
0.81853592
0.82553756
0.82737929
0.79333425
0.80106425
0.79958689
0.83716118
0.77958953
0.75010198
0.76081198
0.57383704
0.78720129
0.86583227
0.78037506
0.79149991
0.85092735
0.80699140
0.81507742
0.77247351
0.82916176
0.79710740
0.79280466
0.82174200
0.81586325
0.83500648
0.87612402
0.79217088
0.76836538
0.66865575
0.83566260
0.82620329
0.85013181
0.79969627
0.77184862
0.81607229
0.85913366
0.82077390
0.70132607
0.69205344
0.81002909
0.71639776
0.76324922
0.80932307
0.78660363
0.71064138
0.75851196
0.79528320
0.80189508
0.79483378
0.71676946
0.69985098
0.80403417
0.70880699
0.84359503
0.69529378
0.81057769
0.79105234
0.60395682
0.80863309
0.81600004
0.80329651
0.84226692
0.80365723
0.78217781
0.85602325
0.85054445
0.77315325
0.71015054
0.81733549
0.80721962
0.81716543
0.79206008
0.78573829
0.80904466
0.76702416
0.81481904