0.13204351
0.12553672
0.04579505
0.14788501
0.16265966
0.10448903
0.19231167
0.08966019
0.16154508
0.10988818
0.12179706
0.16919599
0.15731610
0.18438619
0.11614127
0.14148575
0.16489364
0.10715301
0.07487746
0.12447997
0.30021086
0.13149191
0.07310703
0.07826266
0.15287721
0.18293935
0.14279231
0.08523152
0.20534217
0.11578863
0.09765329
0.13759917
0.26876637
0.11725406
0.10538010
0.01810151
0.09312017
0.19212359
0.21274933
0.09354176
0.09431221
0.12470549
0.22864419
0.09553691
0.06580173
0.10789778
0.08032198
0.19832973
0.13092516
0.07450958
0.08666857
0.03891663
0.15613973
0.08220072
0.05521592
0.06165608
0.21494015
0.11294515
0.13755269
0.08442865
0.05338021
0.13081671
0.14544573
0.13726616
0.11119618
0.11429629
0.08635314
0.17989048
0.12885307
0.12635434
0.13776974
0.11558110
0.06241630
0.05733786
0.12581258
0.12478652
0.08436316
0.10599580
0.10222165
0.23736246
0.17602098
0.05315690
0.20581694
0.28495321
0.08637660
0.15135559
0.13877212
0.14004718
0.18957262
0.22239226
0.15983392
0.16145651
0.23086895
0.10195825
0.13276413
0.18869708
0.18497819
0.12983361
0.08385328
0.05783986
0.22013751