0.07852264
0.10058564
0.27526736
0.13786846
0.25797167
0.30495301
0.35325691
0.26123527
0.21714757
0.24004446
0.27994600
0.23006482
0.33985859
0.43885362
0.26619646
0.20650071
0.15146755
0.33012027
0.26860526
0.22042841
0.23882088
0.07979006
0.12862918
0.23683025
0.18220633
0.19426008
0.17435598
0.26662835
0.17954691
0.15581220
0.16940852
0.17775072
0.11305835
0.29108250
0.08923326
0.07366639
0.09060271
0.16472803
0.14776859
0.22323295
0.28091869
0.16164595
0.18026699
0.25987813
0.27240095
0.39380178
0.27699733
0.29133174
0.27931839
0.27024633
0.13235179
0.18494749
0.20533775
0.13957155
0.18320967
0.25192413
0.19552892
0.37232548
0.41104817
0.26682487
0.26143470
0.38117903
0.30131909
0.29835853
0.35727435
0.28389707
0.32382643
0.27400127
0.31450397
0.27550864
0.38180688
0.49107936
0.31189498
0.39491844
0.28736648
0.26891795
0.15919147
0.21652555
0.27327126
0.11748472
0.16215482
0.24533543
0.14775895
0.14180307
0.18723738
0.15376781
0.17824276
0.32375026
0.07097376
0.25651580
0.16715556
0.12744720
0.17113994
0.33439887
0.32562768
0.27992722
0.27285561
0.36808187
0.21765968
0.37101388
0.32530940