0.01929289
0.13179183
0.14679430
0.11881300
0.12515670
0.12146997
0.08679634
0.09601527
0.05585528
0.11882718
0.10573746
0.12362348
0.08449831
0.14347556
0.12207642
0.09088454
0.06111174
0.12718289
0.06047940
0.15928593
0.08695385
0.07025404
0.07082558
0.10071555
0.08092231
0.10799905
0.12102956
0.15592572
0.16296905
0.06527084
0.12577376
0.12280831
0.04778638
0.06643134
0.13190334
0.04132162
0.14257418
0.07046802
0.05346889
0.10265824
0.12177947
0.13926406
0.11143205
0.11198176
0.11400176
0.10536620
0.05012218
0.15243930
0.02534902
0.06095648
0.07650015
0.03922053
0.07694130
0.04506530
0.14910540
0.13584287
0.07759189
0.07771767
0.05684311
0.05536656
0.01099243
0.20215410
0.14537455
0.06030991
0.07760134
0.06322780
0.07400916
0.10180658
0.09048314
0.04882645
0.09679183
0.06291137
0.07698232
0.11264790
0.13560227
0.07741982
0.09223390
0.04950091
0.17327984
0.06183869
0.08049351
0.06856036
0.18413666
0.14190589
0.16200133
0.04608867
0.10731788
0.04962618
0.07852735
0.06428150
0.06380600
0.04463585
0.13866048
0.06724627
0.09453528
0.09770565
0.10912728
0.08483894
0.15226808
0.09526715
0.14622092