0.09254986
0.08647341
0.06077011
0.12357940
0.21280335
0.13399613
0.10237458
0.06572703
0.03935079
0.06372140
0.11992542
0.16058445
0.19215722
0.12252221
0.06631055
0.09847984
0.11115450
0.10013177
0.08620239
0.05451109
0.10850583
0.07434064
0.11928108
0.15585807
0.15529498
0.11367930
0.22956914
0.12129138
0.15658979
0.13565317
0.23064336
0.14939198
0.07393343
0.09342739
0.07986714
0.11857243
0.10481660
0.13322003
0.15288080
0.08187049
0.09995640
0.18578653
0.16290767
0.04791806
0.19543231
0.04850529
0.16498382
0.08847800
0.12294476
0.10372745
0.08848480
0.04353735
0.14906071
0.11139383
0.09356816
0.14515013
0.09937725
0.16801637
0.10742560
0.09260275
0.05006510
0.07452792
0.09101250
0.03774527
0.11366797
0.09131552
0.07516328
0.15452550
0.05233019
0.18095165
0.10505691
0.16690123
0.08465140
0.07124898
0.16207500
0.08215956
0.07656555
0.10400323
0.10871454
0.20891707
0.13152094
0.06067206
0.03379867
0.05672841
0.11368418
0.11670958
0.03968429
0.18367474
0.09158908
0.14157835
0.10243560
0.26250660
0.05401840
0.18970381
0.15312572
0.07977483
0.02218971
0.10338505
0.03088517
0.13861674
0.08371686