0.08318138
0.09010495
0.15866877
0.05756055
0.16715349
0.18184891
0.09418491
0.13073984
0.30186591
0.29632333
0.47535336
0.41995865
0.41140500
0.27214667
0.11693199
0.04681823
0.14255264
0.25938377
0.08787086
0.11066952
0.25555438
0.31022874
0.22395064
0.14119688
0.14255098
0.06498934
0.15064962
0.28556120
0.31183165
0.41470000
0.36709484
0.26405570
0.16212404
0.26412958
0.07823467
0.20791851
0.35968643
0.29299593
0.34425491
0.34864902
0.29033691
0.17701571
0.34437999
0.30980468
0.23757423
0.22460425
0.13379855
0.12640406
0.24007849
0.20955776
0.18677440
0.21905094
0.03919389
0.14740577
0.18571383
0.16349003
0.15297495
0.18104708
0.18059753
0.03942908
0.13276762
0.11872363
0.16417669
0.10078464
0.18684036
0.06650769
0.19735423
0.11994253
0.18803461
0.26467007
0.25380218
0.35957673
0.28811568
0.20246744
0.23033239
0.24181218
0.17502612
0.28499714
0.17963684
0.23468319
0.09704382
0.16438694
0.03214660
0.09780969
0.17392866
0.16308717
0.09689059
0.06570774
0.22452962
0.28540757
0.19657046
0.23419249
0.14620991
0.25253898
0.19863570
0.05507783
0.21317156
0.30581710
0.28952733
0.24773183
0.15214628