0.13204351
0.18428959
0.02739153
0.14923227
0.12883143
0.12331280
0.07579476
0.10899077
0.16112150
0.24414656
0.12913531
0.09137066
0.17650266
0.16688356
0.07920258
0.11879791
0.14778748
0.17849134
0.17564820
0.27301285
0.14773649
0.09314942
0.06475554
0.14469028
0.09536798
0.22944547
0.17035648
0.14821208
0.20281130
0.15431501
0.07636178
0.22414255
0.12448563
0.16217545
0.27712274
0.30984098
0.11270155
0.20127814
0.10974345
0.14472544
0.12864013
0.16316153
0.08798626
0.10910505
0.11761550
0.05681866
0.13103068
0.15579598
0.18028049
0.09415333
0.12613516
0.18462853
0.14248893
0.08850342
0.13450731
0.08212776
0.10930709
0.04924539
0.27407771
0.18289785
0.06139756
0.15359713
0.04406671
0.14274314
0.06684662
0.18309444
0.10961459
0.05921362
0.10442442
0.15181553
0.11374967
0.08768991
0.08211534
0.13184652
0.16260599
0.18292448
0.05449355
0.17617135
0.23788969
0.23510429
0.17782012
0.15226318
0.20208220
0.09386411
0.08562245
0.04812467
0.07517232
0.16939363
0.12834090
0.22000761
0.16099349
0.21322456
0.18078977
0.07936261
0.23343217
0.28630793
0.16937569
0.10568026
0.08028006
0.17195415
0.09979380