0.13953310
0.18188898
0.20387670
0.07331479
0.10022867
0.20224760
0.07292381
0.13467310
0.09686095
0.10242748
0.03889788
0.20212868
0.14640415
0.15483251
0.03448948
0.13363677
0.11361585
0.02177765
0.12767796
0.18103410
0.16791087
0.10880560
0.08780707
0.19233900
0.06490679
0.06811941
0.13001172
0.10717437
0.12552674
0.11667752
0.07446499
0.11947948
0.03032056
0.17127843
0.09241868
0.22245893
0.15545583
0.13232140
0.21036695
0.18344414
0.21497005
0.17664112
0.14424410
0.16266415
0.11954429
0.11943895
0.11419477
0.06277306
0.17023422
0.14611916
0.13645279
0.08200286
0.11019934
0.05324287
0.06433705
0.10950673
0.18605247
0.12951596
0.09604842
0.08674706
0.12137321
0.14365134
0.16664852
0.14187926
0.07133373
0.10541283
0.14394608
0.10154224
0.04161470
0.06697755
0.18674679
0.17939323
0.15671645
0.07656625
0.08454593
0.10875161
0.08438404
0.11721274
0.05503399
0.08318993
0.12352402
0.11723279
0.07733446
0.05669014
0.17974780
0.13905740
0.13781309
0.13099948
0.09405251
0.23094097
0.26980731
0.15106557
0.05686909
0.06477305
0.09179798
0.20238197
0.15234710
0.19610216
0.17972960
0.12727427
0.09162278