0.10090737
0.12829547
0.05328026
0.20025586
0.02902447
0.09248362
0.13065664
0.04347805
0.07840119
0.07768703
0.09943020
0.05769883
0.11118743
0.12028828
0.04568357
0.05629147
0.10849115
0.08726042
0.14612694
0.03960264
0.10695651
0.04907423
0.06405451
0.05789202
0.06875741
0.06890421
0.09837365
0.15579048
0.15322921
0.05700376
0.03909899
0.12261587
0.09395462
0.06224863
0.10325316
0.07711807
0.12855014
0.04563048
0.10133380
0.04740881
0.11068027
0.06796069
0.11975935
0.06016228
0.14585061
0.09076892
0.12064681
0.12156238
0.10852493
0.11394541
0.02479967
0.06168730
0.05184796
0.10821167
0.10203652
0.11293901
0.05901970
0.17012937
0.05137978
0.12135392
0.08176261
0.12190192
0.02926347
0.08063537
0.08984496
0.10218729
0.05770496
0.06994168
0.07293875
0.14637032
0.08043721
0.02857893
0.05889670
0.08439244
0.03234769
0.06994160
0.13076687
0.16443042
0.11612634
0.09909926
0.07185463
0.02295643
0.04471336
0.10661736
0.03905989
0.11613353
0.04109425
0.11188236
0.11880510
0.09178843
0.03146856
0.04839478
0.06545076
0.07236423
0.07898604
0.08906724
0.05946613
0.08624973
0.08914047
0.09668300
0.11286532