0.14959984
0.12863934
0.05920200
0.09869179
0.10339932
0.10824934
0.06563208
0.11085811
0.09420833
0.12588158
0.12158881
0.08577661
0.14878514
0.13457616
0.09588649
0.11303583
0.13524362
0.08923592
0.12821789
0.09523501
0.12621102
0.07474741
0.09272364
0.03408952
0.10278592
0.04896527
0.13232812
0.05794528
0.07790177
0.10494805
0.09698977
0.18902424
0.08248408
0.03883940
0.12611686
0.05841180
0.11027364
0.08225326
0.06355276
0.06649438
0.02290485
0.06566582
0.12581564
0.15101381
0.10586789
0.05297007
0.06009918
0.12608851
0.11768985
0.05800884
0.07970107
0.04631255
0.07405386
0.11015281
0.11569595
0.08045935
0.08393035
0.09756054
0.10335058
0.06904597
0.05588838
0.05505654
0.06236336
0.09184746
0.07281626
0.11075908
0.10160758
0.10842942
0.18349014
0.02478805
0.09272246
0.02417547
0.11091007
0.13513288
0.12221077
0.07409561
0.14357673
0.07033034
0.10412349
0.04452092
0.10212775
0.13878977
0.10103311
0.04754157
0.07262953
0.04341605
0.15538090
0.13257359
0.05553696
0.05794027
0.10165262
0.05855005
0.07476249
0.10365398
0.08799860
0.08456267
0.11917993
0.07635168
0.07325211
0.04729965
0.12750931