0.19788478
0.06030596
0.02265148
0.03542629
0.14141594
0.04079263
0.08163715
0.06505725
0.04604096
0.12923117
0.06599451
0.15452015
0.13876522
0.10531949
0.06503964
0.09853062
0.05201394
0.14084259
0.12135808
0.05644443
0.14175075
0.08171520
0.04271533
0.05499898
0.08995622
0.05040233
0.09846609
0.16692179
0.05711337
0.06137566
0.16322985
0.04335877
0.05455911
0.07118023
0.08405048
0.07145366
0.08938763
0.14853179
0.07907590
0.10059918
0.09980670
0.08320714
0.11747244
0.06908185
0.11436474
0.14193182
0.03102362
0.13025981
0.08545754
0.06250256
0.08020267
0.08211616
0.03295480
0.09747587
0.07041427
0.05267799
0.14051105
0.04854100
0.10598376
0.03829396
0.15783744
0.09667735
0.12800698
0.04928925
0.14634141
0.05888309
0.13084075
0.11068060
0.11797977
0.17265822
0.08667792
0.09598310
0.12210064
0.05166248
0.07020302
0.12725437
0.08550379
0.10932601
0.02016696
0.04210259
0.05349224
0.07512957
0.14837305
0.04084998
0.05556196
0.06769583
0.08802117
0.06641206
0.13825549
0.05022226
0.12969397
0.08385787
0.07766330
0.14216127
0.07211558
0.08835344
0.12723039
0.08684850
0.00926942
0.11080064
0.03414328