0.18653215
0.13305570
0.15744834
0.13679777
0.11915432
0.21146317
0.10024231
0.09927754
0.08517876
0.18686327
0.18537635
0.35925323
0.26165181
0.09333764
0.32326579
0.15898456
0.11782449
0.11093171
0.17472674
0.33948413
0.26739156
0.26814929
0.04810107
0.20522527
0.28369525
0.22173753
0.31032383
0.24095903
0.12456338
0.23931147
0.11965615
0.23539330
0.31379688
0.52986282
0.45312041
0.40421730
0.07111531
0.21263169
0.22323206
0.12900895
0.16038921
0.31364816
0.20751147
0.37644327
0.36665058
0.14881885
0.20400755
0.25907737
0.35084873
0.28324977
0.26981202
0.28493121
0.29793391
0.38092396
0.33721101
0.33874297
0.42268041
0.32739362
0.47117555
0.43800199
0.31718290
0.47887561
0.25984216
0.41391131
0.34653869
0.33830279
0.41767213
0.34797311
0.41385335
0.41926566
0.45824838
0.42669308
0.49037537
0.55088836
0.46148372
0.64054835
0.48802817
0.50588429
0.44675130
0.27973315
0.44245493
0.48835754
0.20416239
0.24018191
0.42028958
0.32518536
0.43424034
0.20981672
0.43229061
0.32536575
0.45065248
0.36748055
0.53574485
0.56476259
0.42823237
0.50596505
0.48735362
0.48716581
0.32261840
0.50151318
0.31786206