0.09471528
0.02776055
0.09278772
0.08187504
0.06808680
0.05708937
0.09774716
0.15362358
0.12418550
0.14162314
0.07903507
0.08886641
0.09060270
0.11296538
0.05955596
0.02300803
0.14034078
0.12397915
0.17352709
0.05285272
0.02163822
0.05667252
0.07094170
0.11809102
0.06627619
0.10472602
0.10417383
0.09305067
0.08883409
0.13349125
0.11237227
0.13508315
0.05777803
0.12570529
0.11302036
0.04376326
0.09478921
0.07124729
0.04989510
0.07447842
0.02954376
0.05062304
0.14619195
0.16773492
0.10679790
0.03002309
0.07971190
0.08181693
0.11510978
0.16962454
0.06915239
0.21229771
0.06065632
0.04529393
0.11263631
0.02703110
0.13561060
0.11126988
0.08637327
0.15473717
0.14528218
0.16149208
0.09291965
0.05577346
0.15483214
0.03032340
0.10615344
0.06550126
0.14238328
0.03800613
0.10869681
0.03546948
0.02825025
0.07839819
0.10026827
0.07734225
0.12827229
0.01209493
0.08788743
0.17270117
0.09659717
0.07729390
0.02855855
0.10409290
0.01421806
0.17274842
0.13003474
0.11363654
0.09184534
0.06366101
0.11954025
0.13249545
0.11219413
0.11795714
0.17153272
0.11853387
0.03901503
0.05153967
0.07080415
0.08907676
0.09938306