0.11506237
0.05751041
0.07971955
0.01515396
0.15706509
0.11571100
0.11101212
0.20494401
0.13086791
0.15847728
0.03255828
0.05464673
0.04920328
0.14679921
0.10016662
0.15281992
0.02045250
0.18639274
0.11359492
0.20008951
0.04875312
0.20286371
0.24991409
0.24348593
0.11910623
0.23059520
0.12764221
0.13311653
0.08749455
0.01221660
0.12976769
0.08293390
0.12538211
0.08706666
0.17351462
0.06885482
0.10559164
0.07255276
0.16516154
0.10853183
0.05260328
0.09134302
0.13337767
0.10157628
0.14681341
0.12361966
0.08055001
0.07195034
0.11081196
0.06724337
0.14984739
0.13931681
0.13120483
0.16782337
0.09156480
0.13979264
0.08829726
0.07961164
0.13255468
0.05946545
0.04531154
0.07587021
0.10684753
0.08371613
0.15456103
0.14020832
0.04765277
0.17915441
0.07616605
0.18786010
0.17897417
0.26121202
0.15856536
0.14508475
0.04611120
0.06784988
0.04705105
0.10237126
0.22118807
0.25246847
0.18575211
0.09247002
0.08915804
0.26655424
0.02061221
0.12352823
0.21751049
0.14612089
0.11364722
0.23863801
0.09174494
0.07931898
0.12137138
0.14487162
0.09303819
0.06153284
0.19924988
0.09104149
0.15727481
0.18694502
0.19992952