0.11377785
0.10148415
0.30119529
0.06941896
0.15573066
0.11776543
0.18091041
0.09950133
0.17072079
0.08355990
0.20110749
0.03439540
0.18568251
0.09606114
0.25961599
0.19321299
0.11217117
0.14719315
0.15353847
0.16578689
0.08869069
0.18350926
0.19135837
0.08152656
0.22032131
0.15845595
0.13471013
0.13311915
0.16391072
0.18915454
0.17043176
0.21967950
0.18974811
0.21532516
0.34398496
0.17303735
0.20509814
0.09318917
0.19993746
0.15768053
0.15328985
0.19650158
0.17022336
0.12854843
0.03654473
0.17909569
0.11079659
0.14421853
0.11482468
0.15008850
0.14912488
0.14534159
0.13600096
0.24662291
0.12843235
0.04847034
0.14220554
0.07192370
0.10922394
0.13727601
0.20639159
0.24550472
0.05479541
0.14744571
0.11816492
0.09582212
0.11481664
0.13552471
0.21184281
0.20371164
0.09967525
0.20958526
0.11848596
0.17082182
0.16338308
0.10928425
0.14770371
0.27872887
0.24410467
0.08702325
0.16404055
0.05287545
0.16953127
0.07712128
0.23209314
0.05725411
0.11618595
0.27353448
0.12571782
0.11378878
0.15890098
0.13649341
0.20235491
0.10858579
0.14376041
0.23228493
0.10768469
0.18945640
0.17866915
0.19340688
0.13971394