0.11078583
0.08400206
0.03177192
0.02907930
0.11672387
0.07308139
0.13595153
0.06478907
0.09070736
0.03636634
0.11929355
0.11068014
0.14183775
0.05213574
0.07798704
0.09742172
0.12582265
0.08969316
0.09739257
0.09726401
0.05525014
0.16795003
0.04714464
0.08302504
0.09813052
0.06169179
0.10243575
0.06679153
0.12723993
0.12472523
0.10406224
0.13550116
0.08652031
0.05878581
0.05366943
0.07351202
0.05633527
0.05859368
0.10734434
0.12857845
0.06530660
0.09902703
0.12758775
0.11317894
0.08302329
0.06768404
0.03839611
0.08193962
0.13672648
0.00910865
0.06038928
0.02225270
0.14174382
0.12944040
0.05168164
0.12689851
0.08224194
0.08652300
0.12000353
0.08777681
0.15859242
0.11392301
0.10079117
0.18858249
0.04714477
0.09555973
0.11062227
0.07892167
0.12795134
0.11829188
0.07497757
0.08021238
0.05108023
0.10756192
0.05365041
0.08227647
0.06351996
0.13572466
0.13700037
0.12322845
0.11982208
0.02238587
0.14579025
0.05744013
0.06427432
0.05733283
0.09248979
0.07939696
0.02042209
0.07780410
0.10667171
0.01092722
0.04208114
0.05940612
0.06546570
0.04895790
0.11042175
0.06328617
0.06098911
0.08593443
0.09121829