0.11512381
0.08597858
0.07887774
0.12565450
0.07300977
0.13917872
0.06923380
0.20395634
0.11353465
0.07031145
0.09116472
0.02352619
0.04936462
0.08234716
0.13677572
0.17526436
0.09412284
0.02959248
0.04868902
0.07524023
0.07589176
0.08119379
0.05461208
0.02434012
0.08460836
0.10018063
0.15540853
0.09870930
0.09270611
0.15917961
0.06091554
0.05977229
0.05926614
0.07981318
0.06579234
0.14804906
0.12000979
0.18910295
0.12798475
0.09856513
0.08132040
0.04397143
0.07297400
0.10933276
0.05436641
0.07820572
0.16495097
0.09297144
0.11200383
0.16110967
0.04549022
0.14298357
0.14941350
0.18412820
0.16197553
0.07312856
0.10270888
0.12618646
0.02390516
0.13640124
0.08075349
0.05705687
0.04053813
0.07379085
0.09528609
0.15661731
0.07783391
0.11782047
0.07920802
0.07945132
0.08225830
0.03141450
0.13603301
0.11603455
0.13228185
0.13565142
0.05266562
0.11766230
0.10105982
0.14428996
0.06472820
0.02392353
0.07252678
0.10721941
0.09760050
0.04984264
0.05041100
0.05273201
0.10151965
0.14413910
0.12544900
0.10970283
0.15135638
0.08197287
0.15169676
0.05830354
0.06283806
0.12347970
0.13534179
0.04291072
0.12449898