0.06884555
0.10649098
0.14333977
0.11790033
0.14057982
0.08085907
0.01886640
0.07753380
0.12482867
0.10530198
0.04248352
0.13015378
0.11365452
0.15423439
0.11061934
0.05417645
0.08814839
0.08378199
0.00701360
0.07337215
0.08226266
0.07194979
0.11303347
0.09775496
0.05051635
0.08389607
0.11515357
0.07849584
0.07398355
0.07413730
0.17007458
0.12126739
0.13469072
0.07428240
0.09864314
0.12359456
0.07008475
0.11923476
0.09142258
0.07303271
0.10614458
0.10983775
0.10415121
0.12715682
0.13348296
0.07784877
0.10376526
0.10388590
0.06772726
0.07324416
0.10498653
0.05712128
0.17219298
0.06589240
0.12369687
0.09881755
0.15276423
0.10031874
0.05573301
0.11120370
0.11907170
0.13087799
0.17354672
0.07840699
0.05238373
0.12638155
0.12380534
0.11251195
0.05068362
0.10036214
0.09469793
0.09436580
0.13823137
0.04544699
0.05681283
0.15531103
0.08251014
0.10041146
0.11660024
0.10091464
0.12868506
0.08870564
0.05962582
0.14589663
0.09152685
0.16058724
0.02906119
0.08860183
0.12614740
0.05735068
0.08368707
0.09903973
0.13209867
0.09275055
0.11258686
0.07115829
0.11121770
0.05098751
0.08576969
0.15892579
0.04591616