0.10194013
0.17394200
0.06038988
0.34382644
0.28733203
0.34924394
0.36051714
0.28249186
0.60147774
0.60625720
0.61782038
0.54631335
0.36387143
0.58117324
0.63052517
0.54435521
0.49926338
0.52072358
0.68627775
0.70405227
0.29266348
0.32422805
0.46066472
0.54052997
0.38417983
0.45471469
0.50393206
0.50303304
0.43898776
0.42430651
0.27973655
0.27083591
0.31182906
0.27243653
0.39510998
0.40622947
0.60299832
0.61487573
0.47547448
0.58723605
0.59685671
0.41847602
0.55247247
0.48328799
0.44087777
0.61098379
0.67037833
0.82003325
0.64629942
0.57157761
0.64997137
0.60305506
0.44071543
0.32268631
0.23891869
0.24717456
0.16382746
0.39798391
0.38582703
0.25757399
0.28932220
0.33330417
0.49107864
0.53854215
0.39391902
0.38849464
0.51592243
0.54462123
0.55259871
0.51066118
0.53010142
0.40838537
0.49256450
0.59175783
0.65692258
0.42136261
0.34672847
0.17412174
0.28964040
0.43058240
0.55256462
0.62153000
0.63175410
0.52796507
0.51060802
0.23818679
0.40309045
0.40782884
0.39743873
0.40218723
0.51088142
0.55540067
0.36161560
0.21770118
0.26150393
0.44552600
0.52701151
0.45879298
0.61622250
0.45116058
0.29398662