0.10194013
0.16292401
0.12924163
0.06972535
0.05054254
0.22828488
0.07281017
0.12583297
0.35019562
0.35758156
0.27414685
0.16392590
0.16141653
0.22633041
0.22347160
0.05949020
0.18387435
0.34661904
0.44128868
0.27086553
0.23233706
0.13095738
0.06343899
0.14946690
0.11692988
0.29871207
0.23340875
0.33004868
0.24283391
0.15558581
0.15085979
0.14895590
0.07630654
0.09689366
0.25429362
0.19717258
0.30157223
0.15354502
0.13651669
0.25122294
0.12323447
0.26508462
0.10437983
0.29467157
0.24138786
0.27943444
0.26001593
0.12205976
0.29557154
0.18817979
0.12682150
0.21662951
0.24051732
0.26855275
0.10529991
0.18017176
0.14100751
0.14781679
0.14783317
0.05799067
0.13728169
0.17878942
0.24809258
0.11776038
0.26401466
0.11161735
0.29016915
0.25703776
0.29440734
0.12833816
0.13409245
0.24340671
0.16887197
0.18744850
0.32980430
0.41485465
0.25127938
0.04334759
0.09890621
0.14923373
0.08763314
0.09376700
0.25901723
0.26675221
0.18450974
0.23604402
0.13587561
0.24124868
0.29865494
0.06665493
0.17963003
0.04208817
0.09759284
0.25663003
0.29386026
0.32832122
0.34159678
0.21408904
0.19031960
0.31279764
0.34014052