0.13454574
0.96700966
0.94852442
0.95536536
0.94846779
0.94067252
0.92935252
0.95152944
0.93286628
0.90277815
0.92388678
0.93786210
0.92703032
0.90196556
0.92638266
0.94358259
0.92826116
0.91925448
0.93221837
0.92624086
0.93006825
0.95473307
0.94082177
0.93526542
0.91549057
0.93643439
0.91520774
0.93191266
0.92211080
0.90253448
0.91944665
0.94046700
0.93400174
0.92556542
0.93740332
0.93269205
0.86057967
0.92785484
0.86986005
0.91237688
0.91618025
0.91221231
0.91296035
0.90383077
0.93188530
0.93693817
0.92588788
0.87436938
0.91591913
0.88844353
0.91677457
0.91697884
0.85941458
0.93454659
0.94121039
0.92537230
0.96455848
0.93325448
0.94181776
0.94692552
0.95824194
0.95508438
0.96131736
0.94437689
0.94984663
0.92768586
0.93766862
0.95105779
0.86352450
0.93369639
0.93970406
0.93388039
0.92255038
0.90091550
0.93643630
0.93718547
0.92902231
0.93276298
0.88698441
0.91822731
0.93733138
0.93100935
0.92232710
0.91841376
0.87792045
0.92333204
0.93010360
0.92955053
0.92365098
0.89477086
0.93184602
0.91540968
0.91997963
0.93541932
0.92853910
0.91629755
0.92400068
0.94555074
0.92532724
0.93898964
0.91742033