0.09254986
0.05867108
0.11812895
0.05063308
0.10260437
0.12784392
0.11801644
0.07216837
0.13159025
0.07864192
0.08852144
0.04688072
0.09808514
0.08393815
0.12111311
0.07049731
0.05945526
0.11778102
0.09638441
0.10842779
0.10416205
0.09320752
0.06869478
0.13294630
0.03835187
0.15908945
0.04047794
0.02468252
0.08646405
0.04199087
0.14551507
0.14104362
0.03309509
0.08461868
0.05151187
0.09671965
0.09458689
0.11220012
0.03905848
0.03198395
0.04713907
0.17695232
0.15617198
0.05433103
0.14898044
0.14115679
0.07826132
0.08380668
0.08533880
0.03194594
0.07827336
0.13105112
0.06847133
0.09742772
0.18492830
0.07644852
0.05389868
0.14048582
0.04374645
0.09611004
0.11683618
0.12460867
0.10496021
0.09787787
0.05332310
0.09741469
0.06202833
0.10233171
0.13603024
0.12575243
0.07012113
0.08118911
0.12559655
0.08838066
0.09218678
0.10690325
0.06095513
0.17380263
0.11739265
0.10849688
0.09745274
0.06300592
0.06378075
0.09386256
0.09280206
0.02829682
0.06874067
0.13991331
0.11225421
0.09240803
0.11740786
0.05490763
0.17490187
0.09198986
0.05276971
0.10755630
0.11012913
0.06946409
0.04933389
0.09565848
0.06718784