0.13413320
0.65604639
0.83992213
0.79869837
0.79757833
0.86370522
0.72980684
0.81102341
0.81139874
0.76629913
0.74423128
0.80857188
0.85232919
0.84527612
0.74727559
0.88113236
0.78467363
0.89154398
0.82336038
0.80239242
0.82077932
0.77663118
0.81522822
0.89180040
0.76739311
0.89031404
0.89955622
0.84605056
0.80959052
0.84214419
0.80055052
0.79717666
0.80877894
0.82664561
0.78928429
0.83721089
0.79594278
0.72499037
0.80726105
0.87684941
0.89718789
0.80330163
0.80466115
0.74306959
0.82461160
0.82802737
0.79155952
0.84313929
0.84936339
0.88578898
0.85468012
0.86267960
0.86007601
0.86862510
0.87915319
0.86778456
0.87136686
0.87707675
0.90374017
0.81437230
0.86135501
0.88260591
0.85153961
0.89229548
0.89111501
0.84259224
0.89004439
0.88788956
0.84409469
0.86819559
0.87087244
0.74430430
0.84431809
0.83145607
0.86532885
0.86539984
0.84131205
0.86737078
0.85639971
0.86722636
0.89119959
0.88931769
0.79648256
0.87171495
0.76760590
0.90323341
0.88740134
0.88010371
0.85190660
0.87737769
0.82722336
0.84150589
0.89010137
0.87225622
0.89515901
0.89171958
0.90128046
0.88736033
0.87806773
0.83999449
0.81636220