0.05071247
0.19798741
0.04073019
0.08828367
0.06575401
0.11218709
0.13906112
0.14011997
0.09380476
0.18811218
0.17219937
0.15854231
0.11159785
0.13860781
0.12817623
0.19108221
0.22394709
0.18355104
0.05806599
0.09281412
0.13204695
0.10329390
0.13188460
0.04017380
0.10236695
0.15581387
0.15329796
0.14310127
0.14156370
0.17318608
0.15778285
0.12946062
0.14448005
0.14856768
0.06063749
0.05530519
0.10640234
0.06212460
0.18038040
0.14408709
0.05074779
0.13637294
0.12269695
0.17221279
0.16139148
0.28173602
0.23734966
0.12088147
0.18832296
0.13830820
0.16231555
0.16863659
0.11794223
0.05991095
0.07487643
0.15405950
0.09693915
0.21595737
0.13301037
0.17461105
0.08589677
0.13343482
0.20937982
0.16439252
0.25664222
0.26560569
0.17337696
0.10239911
0.20003408
0.21285240
0.15961246
0.23778273
0.15921104
0.02349003
0.17878634
0.08369699
0.07852598
0.23199633
0.07280915
0.07326742
0.18484199
0.14556332
0.23312590
0.10475064
0.10521859
0.10096382
0.13530903
0.14849316
0.16767330
0.20041205
0.14206430
0.07760347
0.10696939
0.16679816
0.04909147
0.15732257
0.09612752
0.12240686
0.17240030
0.19620097
0.11375644