0.05321941
0.10073934
0.07169674
0.14163159
0.05840975
0.16803399
0.06231851
0.05244487
0.08857561
0.09134329
0.10157237
0.08496595
0.05638616
0.09661110
0.12870163
0.12852623
0.03395176
0.09516913
0.05151794
0.08434911
0.13969505
0.10223434
0.08373089
0.11872905
0.03452365
0.14256544
0.07972727
0.06460255
0.05286683
0.07339968
0.04492937
0.12989938
0.00518508
0.10902964
0.04593707
0.09787277
0.13747311
0.09074453
0.02021966
0.09494844
0.12497477
0.06433326
0.06424440
0.12849660
0.04873175
0.09892111
0.08047304
0.14801899
0.08026055
0.17201361
0.10280463
0.14104430
0.08669396
0.08047028
0.14868452
0.02857877
0.12912816
0.07946753
0.12902361
0.08494615
0.07606891
0.15159194
0.14690962
0.06282403
0.05394742
0.02074109
0.07556877
0.03524737
0.13619652
0.09215729
0.05399653
0.04273450
0.12931342
0.08228704
0.11839291
0.11507391
0.06662388
0.08443464
0.05499995
0.08555987
0.04407362
0.09598937
0.10983775
0.11927679
0.09085270
0.02475706
0.04953416
0.12249248
0.14860167
0.11984617
0.14212613
0.08741043
0.09886429
0.04147527
0.11426115
0.07674610
0.09947731
0.04246886
0.14040551
0.06650074
0.05935179