0.08236460
0.04020790
0.14550395
0.06936370
0.14215714
0.11923857
0.07533631
0.01872528
0.08584791
0.02628501
0.08260729
0.15522988
0.12132940
0.15961400
0.11392628
0.05308598
0.10263862
0.06770523
0.03996855
0.07749321
0.12278070
0.08045088
0.09963158
0.11343371
0.13988222
0.10690874
0.09629137
0.09526451
0.14846757
0.03314329
0.03381964
0.08781699
0.04625051
0.12776676
0.20295008
0.09227415
0.10056996
0.03386353
0.09757984
0.03379667
0.08458310
0.03506387
0.12488077
0.07345517
0.07650097
0.05409530
0.02816806
0.05517256
0.12434085
0.12595244
0.12335155
0.06508675
0.10330775
0.07119235
0.18637453
0.05918834
0.06681620
0.08120940
0.10370814
0.06195803
0.09571674
0.13557963
0.06808572
0.09658234
0.03055896
0.16301951
0.15968283
0.07748566
0.02282739
0.09427655
0.04061989
0.07937289
0.09286594
0.09005930
0.16089030
0.09115276
0.11360361
0.07906798
0.10600703
0.15442528
0.09242430
0.03539073
0.03010421
0.09947382
0.14965874
0.20532869
0.10877723
0.14664589
0.06647875
0.09896169
0.10845646
0.01395054
0.14223084
0.11194585
0.05759589
0.04061491
0.09013800
0.04031722
0.14327262
0.09209432
0.12959109