0.09072412
0.92438263
0.89929879
0.90469855
0.91406405
0.84354591
0.88544345
0.88184220
0.91052008
0.91514212
0.90735453
0.91025466
0.88172585
0.91476107
0.92480654
0.90879118
0.92321616
0.90412539
0.87244558
0.88760263
0.89365542
0.90546656
0.90275300
0.89745271
0.90652013
0.90289503
0.89818990
0.90272135
0.91631132
0.89867997
0.88124925
0.89994311
0.91507423
0.91742659
0.91847640
0.91600657
0.88888794
0.91045171
0.92077726
0.91850275
0.89988816
0.91088670
0.90473151
0.92207700
0.89717627
0.90236413
0.89182371
0.92116266
0.88807869
0.90652585
0.88100380
0.91646594
0.91184270
0.91662687
0.90337890
0.88497484
0.92054498
0.89828300
0.89453363
0.91516870
0.88571703
0.89623827
0.92841303
0.91586465
0.90093505
0.91525370
0.88474762
0.89756513
0.89829451
0.88874483
0.90741330
0.88751066
0.92291832
0.88553637
0.88166213
0.90571141
0.90805787
0.89617866
0.87077820
0.89850456
0.91633844
0.90963507
0.90440559
0.86681342
0.91015089
0.92178679
0.91652536
0.89580405
0.92593735
0.86840528
0.89780343
0.91422862
0.90308589
0.91872615
0.92166686
0.88756531
0.90300822
0.88735533
0.91648382
0.90254104
0.90808415