0.06916220
0.13081355
0.18247913
0.03864406
0.11156744
0.16157660
0.12601452
0.18399376
0.05963698
0.08988085
0.09132747
0.11828633
0.06300475
0.07576392
0.20792936
0.21052469
0.21112631
0.24966432
0.19912153
0.16648729
0.18780535
0.26751626
0.23970875
0.12569366
0.16466500
0.15637788
0.14100903
0.13106579
0.07585428
0.14556175
0.18814065
0.09918700
0.10804762
0.09012712
0.13463107
0.21301901
0.20982429
0.15863325
0.13736394
0.10183939
0.05640849
0.18764722
0.16067913
0.09307269
0.13684425
0.07630667
0.13588451
0.21182258
0.28887454
0.09630071
0.19299959
0.20457444
0.14328723
0.08275365
0.17019826
0.16736194
0.30014238
0.14022191
0.31493053
0.24365307
0.20530228
0.16226739
0.25903907
0.28212488
0.12122542
0.15938373
0.24081428
0.13382359
0.16201754
0.14020132
0.13901979
0.20626634
0.21306008
0.18142354
0.07701236
0.07678278
0.20539917
0.21082953
0.07243651
0.08901778
0.17001499
0.05936517
0.10055652
0.04223918
0.07091605
0.19711414
0.19437033
0.14141786
0.17367133
0.11509773
0.14018057
0.07872821
0.20382364
0.13443494
0.10393462
0.05431793
0.09776968
0.11696525
0.09371217
0.12262429
0.21588728