0.07450834
0.13900414
0.14084166
0.05585188
0.04962205
0.06072063
0.11508734
0.05488167
0.14122328
0.13833633
0.08719147
0.09661900
0.08894412
0.10043356
0.03141980
0.10161240
0.12558162
0.07062538
0.11148357
0.12771544
0.10269816
0.13409603
0.05449211
0.14500326
0.08832891
0.04510384
0.05515630
0.14081639
0.04438021
0.10576746
0.10018505
0.14936259
0.07661269
0.09644134
0.05887557
0.09493149
0.03500254
0.10178323
0.06091883
0.02568466
0.08975515
0.06445033
0.11444522
0.10426954
0.09954748
0.09287028
0.13238373
0.11611677
0.15727308
0.15190770
0.01920567
0.08862244
0.16230132
0.13069800
0.12952448
0.09083453
0.17676444
0.06855138
0.13004410
0.09094068
0.12777463
0.04483552
0.04014826
0.11478475
0.13926999
0.08525918
0.10396688
0.14299530
0.07736111
0.10844336
0.05096680
0.13631256
0.03581614
0.09578658
0.06309271
0.10070134
0.08666012
0.15285745
0.16547672
0.06855043
0.11599248
0.07025822
0.11684029
0.14777915
0.07320340
0.07725289
0.13788000
0.05225193
0.07616488
0.05811553
0.06145477
0.06877527
0.00585496
0.01921092
0.04559745
0.06903826
0.11990966
0.06252217
0.07142809
0.05919531
0.15361729