0.09256493
0.10211791
0.11152609
0.14433794
0.10137805
0.07449388
0.12675339
0.12153468
0.05533720
0.08619680
0.09685492
0.15760975
0.06348567
0.12810998
0.06374997
0.08793021
0.12604228
0.15777263
0.11663089
0.15924180
0.10031769
0.16131076
0.08919490
0.09555526
0.04202064
0.12069491
0.05916889
0.08776756
0.12961125
0.17371237
0.02966608
0.08669159
0.11521557
0.07876579
0.08117685
0.15273665
0.06906159
0.12463080
0.14483975
0.17541274
0.07101797
0.09471076
0.09798449
0.12138358
0.11626880
0.11251094
0.12830845
0.08512545
0.12646438
0.07061023
0.09330845
0.05325535
0.10955576
0.05330425
0.10741947
0.09936085
0.05393763
0.09111992
0.05068152
0.11903214
0.06609757
0.06321053
0.08302637
0.14757198
0.16358949
0.07925431
0.10448039
0.09913675
0.16830021
0.08464013
0.15668979
0.09835894
0.14235689
0.11707183
0.05863530
0.11371515
0.18528026
0.09271996
0.07765694
0.12325235
0.05105424
0.07563512
0.04776253
0.03871899
0.09411912
0.02128134
0.07193579
0.04103493
0.07145865
0.15082058
0.14432679
0.03904886
0.15227176
0.13183135
0.06361337
0.08007045
0.08039412
0.11470211
0.10026882
0.10756744
0.13544732