0.05169185
0.08593414
0.16996171
0.09082623
0.14375831
0.21066713
0.04976330
0.20091280
0.07101513
0.14786996
0.14798710
0.13377489
0.22510962
0.11299961
0.08793911
0.18234716
0.14893208
0.05324009
0.15647194
0.16198742
0.08303694
0.07752156
0.11650361
0.03196286
0.07906713
0.05369326
0.17251024
0.08822052
0.12140929
0.11124422
0.14354210
0.05288950
0.13828236
0.16562258
0.04165766
0.14313906
0.06517873
0.03538289
0.10160689
0.08068080
0.10406299
0.06099748
0.09503351
0.08013003
0.05066882
0.21719521
0.08818043
0.11387958
0.06241262
0.16034199
0.13098475
0.13147207
0.13729271
0.14991252
0.08355838
0.10607763
0.07433157
0.09026273
0.04541476
0.15011105
0.12169992
0.14535752
0.04862737
0.12483444
0.17075811
0.07222823
0.14019962
0.08408857
0.04310821
0.04953957
0.06338454
0.06197589
0.20836338
0.07673310
0.05160992
0.05349476
0.10344350
0.14544399
0.19253212
0.11216183
0.10181862
0.17339565
0.22229929
0.06349837
0.10369683
0.09442587
0.11603673
0.02877592
0.10131846
0.15198699
0.04161063
0.17874867
0.03565215
0.07110973
0.12496594
0.04884767
0.14294387
0.14316341
0.12906699
0.15950643
0.10395785