0.16837636
0.09693258
0.10837676
0.04485610
0.13932249
0.15348688
0.13256903
0.15745464
0.09977620
0.07240071
0.05504834
0.13521105
0.12385358
0.08481078
0.07726989
0.13150482
0.05197983
0.06904806
0.16639398
0.15068060
0.07845547
0.04070297
0.08565611
0.10062601
0.01302331
0.08764396
0.13623455
0.09260928
0.11068841
0.07294967
0.07099600
0.02838552
0.04291129
0.15406720
0.06120023
0.12741196
0.03599682
0.06042144
0.06153512
0.04912131
0.07608222
0.05721616
0.09331169
0.10459172
0.12077486
0.14258723
0.08119778
0.08366169
0.12228911
0.07792692
0.10131753
0.07070970
0.11191347
0.15031788
0.07911927
0.08046660
0.04104224
0.12693031
0.09144759
0.06887834
0.08912491
0.09344369
0.11359347
0.13090147
0.05579222
0.10415976
0.08061069
0.11342178
0.13279678
0.11779550
0.08439637
0.09367302
0.10489188
0.05267446
0.08576840
0.07569947
0.06212921
0.07409294
0.18032798
0.10332996
0.06319251
0.05347732
0.10060643
0.08960359
0.11274297
0.11648873
0.09965347
0.09371316
0.07820579
0.14670800
0.09880109
0.07782432
0.08868939
0.17807218
0.12855859
0.07130847
0.12261669
0.10080532
0.09630325
0.08219620
0.21292801