0.08153112
0.09783974
0.06130501
0.24766546
0.14930166
0.21200447
0.23870307
0.16290683
0.13729282
0.29766017
0.39064613
0.23357242
0.06469623
0.23086819
0.32645229
0.23962221
0.25570625
0.05570827
0.14060645
0.13133866
0.21508522
0.32584172
0.12659621
0.09981353
0.26345718
0.37096095
0.35788327
0.39201230
0.33198845
0.25916278
0.26507485
0.31200197
0.11938500
0.19444536
0.13449562
0.18455546
0.09422565
0.17494993
0.21977438
0.20294954
0.14365004
0.12363198
0.13928887
0.23626584
0.16428450
0.18748789
0.33923998
0.21992561
0.13080402
0.20914280
0.26621962
0.32115164
0.16769695
0.10798173
0.09012161
0.28000578
0.28639281
0.31054044
0.32448047
0.23914574
0.21809851
0.15349175
0.33973107
0.29210335
0.42486194
0.20979127
0.23103911
0.23954740
0.13596813
0.10247456
0.25082168
0.26251030
0.04369421
0.10996515
0.19329874
0.26538792
0.36491975
0.34545463
0.16269989
0.10059918
0.15297528
0.24378876
0.07894854
0.24194600
0.18041411
0.25230473
0.19511190
0.23894356
0.27098006
0.37156951
0.35420883
0.17064337
0.20912416
0.04555158
0.11886199
0.17856829
0.34260318
0.34273469
0.28821111
0.36677405
0.25883555