0.15609142
0.17616498
0.14733787
0.18988012
0.24029069
0.25210258
0.27986661
0.21338525
0.17081463
0.16041189
0.04799030
0.26523039
0.28612953
0.14084847
0.09353959
0.12511261
0.17739867
0.13203439
0.20352298
0.07282085
0.14774986
0.18244968
0.19104333
0.06905953
0.14349213
0.11152957
0.28671792
0.33970943
0.33957943
0.31233609
0.33061677
0.39008743
0.48366868
0.38783452
0.37787366
0.22888447
0.37024343
0.37052193
0.19471268
0.20029753
0.20958085
0.09327109
0.20376225
0.08882198
0.12757638
0.21153527
0.27030426
0.28924236
0.19294842
0.19935422
0.30822763
0.23485892
0.11750852
0.11237638
0.19431598
0.29938379
0.12581140
0.08424789
0.21862209
0.12110422
0.16585645
0.17627388
0.18880524
0.14621209
0.34144840
0.16078907
0.30906641
0.12325037
0.11120146
0.09757008
0.16645907
0.09146117
0.35555816
0.21907623
0.28845984
0.25456750
0.31939009
0.35390750
0.38012886
0.34304473
0.34310085
0.29552817
0.25772390
0.33156621
0.32681182
0.27729070
0.27801427
0.26625854
0.19463390
0.37591267
0.31733817
0.19163080
0.05564401
0.11439500
0.22511299
0.11525720
0.09361130
0.24053448
0.20330635
0.18870080
0.18035635