0.11377785
0.01990028
0.05216072
0.06012675
0.05540509
0.08562402
0.12094532
0.07390448
0.06596725
0.04522329
0.10123688
0.03303779
0.13267171
0.12252697
0.03596055
0.07672169
0.05450106
0.07632162
0.01210510
0.09515847
0.12216724
0.07074907
0.12415937
0.07768140
0.02868668
0.07163875
0.15204982
0.18102416
0.07266161
0.09138891
0.06644551
0.05015536
0.09599552
0.07599317
0.15320054
0.17479099
0.04472158
0.12206414
0.05339975
0.08124530
0.07025493
0.13339184
0.06661940
0.03597073
0.06338994
0.10851210
0.08723902
0.12421013
0.12325564
0.08071687
0.07086073
0.06498041
0.14490645
0.14246117
0.06289741
0.09682520
0.14168128
0.09792690
0.13692912
0.07047725
0.14076422
0.16309144
0.14381999
0.05926773
0.16786775
0.08008627
0.04576357
0.10309084
0.13449411
0.09436050
0.09569126
0.09523918
0.05538347
0.16652940
0.05746349
0.06539181
0.02926049
0.05607428
0.06052527
0.12133946
0.17274991
0.12847508
0.11066262
0.10923870
0.14809817
0.09112512
0.04683311
0.15899418
0.12028766
0.06028176
0.08283029
0.08601654
0.08492261
0.04575980
0.19344868
0.07859641
0.12685999
0.13808411
0.08630491
0.12376029
0.10427602