0.05043321
0.53384244
0.51210600
0.56582767
0.40539092
0.27541316
0.61465025
0.46757367
0.62713599
0.34489000
0.48746899
0.55703735
0.54391772
0.58964938
0.65440917
0.55112159
0.60405105
0.72583884
0.61112422
0.50582469
0.56150305
0.60463262
0.55195308
0.57574689
0.40659457
0.43608069
0.40614235
0.36355573
0.31032440
0.53948611
0.51723361
0.63960433
0.30817044
0.28503227
0.25464287
0.42191967
0.51386458
0.67426699
0.65578705
0.52708954
0.44404286
0.33945271
0.59027874
0.68771768
0.60095811
0.55906719
0.59447265
0.36269706
0.40235791
0.54056382
0.61606765
0.46995214
0.35082996
0.43002737
0.52173322
0.59240055
0.73906028
0.53395945
0.61148340
0.68549478
0.71137816
0.45893639
0.25642157
0.19844307
0.14351015
0.36202705
0.54642701
0.57805395
0.64514875
0.79064476
0.72409230
0.69009763
0.61217612
0.44109648
0.44926918
0.43338886
0.25299537
0.29808375
0.63888621
0.64302361
0.68761396
0.68503863
0.68700337
0.76472890
0.49050245
0.55777842
0.50696445
0.61509740
0.49127868
0.43238574
0.71917397
0.56914371
0.45745683
0.39338776
0.48855954
0.40862912
0.26291516
0.43602771
0.55598891
0.63735110
0.68702435