0.06718107
0.12914735
0.17083108
0.09169896
0.07775023
0.09056758
0.14775524
0.06984961
0.07432637
0.07796746
0.08975672
0.09666622
0.14022462
0.05927803
0.06323401
0.09594218
0.14280920
0.06410160
0.16669573
0.06708949
0.06439350
0.15777522
0.12924650
0.15890247
0.16452102
0.08786297
0.12315153
0.07778492
0.02090555
0.14835997
0.13017534
0.10880864
0.11021760
0.16992036
0.10597668
0.09327616
0.11560831
0.16705798
0.11654710
0.07206383
0.07060941
0.06128870
0.14519176
0.05532392
0.05985944
0.07732685
0.10938757
0.07448302
0.15488254
0.11571187
0.14099282
0.06391012
0.10183086
0.10626868
0.05969729
0.10193305
0.10975406
0.11145241
0.08022430
0.04502184
0.01473308
0.07797858
0.15571699
0.03734587
0.11656503
0.13323803
0.12430531
0.07094499
0.02447080
0.11712807
0.10637932
0.17281225
0.07965041
0.07956392
0.16073829
0.08914507
0.03477864
0.05814885
0.09278455
0.12839888
0.03617746
0.13770236
0.11770663
0.06730567
0.13365869
0.06660373
0.08776536
0.12036069
0.18391094
0.10818806
0.19159624
0.06104810
0.09241190
0.16273810
0.08271357
0.07782672
0.09891056
0.15050325
0.16353266
0.17155184
0.10917193