0.11078583
0.94597316
0.92686021
0.92328966
0.92041129
0.92638880
0.90335220
0.95250845
0.94962156
0.94430947
0.93868536
0.94460899
0.91319734
0.94084501
0.93380296
0.93458003
0.94884306
0.93191361
0.92919290
0.93338484
0.94683617
0.93947816
0.95443153
0.94862640
0.95386213
0.93787414
0.93936127
0.95583701
0.93970281
0.96609902
0.92225397
0.94089514
0.94503093
0.90991759
0.91106802
0.91571516
0.92265183
0.94326842
0.93180251
0.93876547
0.94283348
0.93406278
0.94836265
0.91871417
0.94426996
0.94196022
0.95094788
0.93056953
0.94023627
0.94363374
0.92743349
0.94175863
0.94284767
0.95298839
0.94113040
0.94432580
0.92450953
0.91999322
0.94415671
0.96147203
0.95298123
0.93839836
0.87703836
0.92641854
0.92235613
0.92822957
0.93272257
0.90848714
0.93270653
0.91907233
0.91604882
0.92922175
0.93652189
0.93449050
0.91276449
0.93136430
0.95148832
0.91345996
0.94587213
0.94070661
0.94767678
0.93070555
0.85137820
0.90977144
0.94696498
0.93426168
0.94695890
0.93395936
0.92683166
0.93129915
0.93563330
0.91163290
0.93357873
0.91409647
0.93077779
0.93470848
0.92725092
0.89622515
0.93327612
0.92208326
0.93562472