0.11512381
0.12251837
0.07858191
0.12408765
0.07989414
0.10555643
0.11427154
0.24321915
0.11607821
0.20342758
0.22430263
0.09810362
0.09127873
0.18840581
0.08498607
0.06595907
0.15738864
0.16545168
0.10171635
0.11658993
0.16600651
0.09144625
0.15972550
0.12908055
0.12071335
0.15171175
0.19406223
0.09112772
0.10089990
0.13201264
0.05181793
0.15239871
0.10846017
0.10498204
0.12626776
0.10098720
0.09512497
0.08590985
0.08247675
0.09715996
0.07398906
0.07396246
0.09630813
0.17023958
0.18457854
0.14159091
0.05888155
0.16712405
0.04962926
0.13817762
0.20031466
0.11467701
0.08836445
0.16878787
0.12410221
0.21075119
0.10260617
0.04085606
0.12448242
0.05158930
0.13374817
0.06162063
0.22456215
0.06211949
0.10157502
0.17175721
0.09722494
0.07742229
0.09053521
0.07752598
0.07401532
0.09336809
0.13422392
0.09538214
0.12123124
0.15162387
0.24423890
0.18380828
0.10105905
0.04558702
0.20075376
0.24690717
0.09465208
0.03598417
0.13587500
0.16039929
0.06247645
0.05110415
0.10283583
0.08788292
0.03700971
0.05160128
0.13533066
0.11432184
0.19262074
0.11319855
0.14896055
0.13544820
0.11953644
0.21752769
0.09245750