0.06884555
0.06656516
0.01089736
0.17861991
0.08944245
0.10865752
0.09749399
0.04765060
0.17081663
0.02643305
0.20753597
0.16433412
0.14757843
0.05252004
0.09119575
0.12260295
0.10283733
0.09394184
0.06833717
0.11735462
0.10030531
0.11971536
0.14300011
0.14204149
0.03867696
0.06576703
0.08677439
0.12025741
0.09644018
0.07141286
0.05105242
0.06304134
0.14023562
0.07003491
0.09405886
0.08540385
0.09582441
0.11971293
0.12949325
0.06116440
0.14826708
0.06956202
0.08541124
0.11701107
0.02201774
0.09138723
0.13165990
0.03199932
0.12178633
0.08698917
0.14952192
0.05273559
0.11106683
0.01346814
0.11183803
0.08911992
0.09850377
0.08953771
0.17081887
0.10235372
0.05391107
0.08287768
0.12772170
0.07705642
0.04504393
0.06479462
0.10240442
0.11527725
0.15707274
0.13407005
0.02086215
0.10948041
0.07870250
0.05997965
0.04184412
0.16789204
0.10815596
0.08998650
0.08498268
0.06442821
0.12263890
0.02251407
0.08086504
0.10247300
0.07890889
0.08028869
0.03801361
0.07660190
0.06385496
0.13153924
0.09239919
0.10834949
0.04705301
0.10839139
0.08714891
0.08740158
0.15847196
0.07816011
0.02146241
0.01199080
0.16003549