0.05043321
0.10412192
0.05113915
0.07942470
0.07111236
0.05950066
0.13797422
0.11332191
0.04820396
0.05099143
0.15539303
0.05069603
0.08445545
0.15137970
0.08461872
0.10027409
0.05948761
0.06012398
0.07430827
0.05171202
0.06611586
0.07214077
0.05734420
0.05219534
0.19707237
0.06470984
0.10530523
0.06081773
0.15674265
0.08724321
0.10558110
0.08816933
0.08302969
0.12384981
0.06910114
0.10115153
0.03031402
0.19916971
0.06822644
0.12419662
0.05474176
0.09289558
0.09913959
0.14873485
0.06473457
0.08659711
0.04925853
0.09428751
0.08361217
0.09176289
0.11331905
0.15320331
0.11049002
0.11628157
0.17084308
0.07692857
0.08079986
0.13343851
0.08007901
0.05958195
0.07859831
0.05282507
0.07750570
0.11211300
0.15797849
0.07661888
0.09430978
0.09274033
0.16605629
0.13670653
0.13216913
0.07634857
0.11802803
0.10537376
0.06445327
0.14293966
0.10967483
0.09609107
0.08965292
0.22583804
0.10684048
0.02923043
0.11242658
0.07948507
0.17912716
0.03725483
0.10346368
0.05819951
0.01489331
0.09907413
0.07761088
0.06614538
0.13206673
0.11054520
0.06105687
0.06013891
0.11001637
0.13982989
0.05242259
0.06300995
0.06064293