0.10519592
0.05342810
0.19950815
0.05606465
0.07092089
0.09682550
0.09084646
0.09829425
0.06884353
0.16356885
0.08808646
0.10616180
0.05801673
0.09646896
0.05901670
0.05588048
0.12740985
0.13961491
0.07820387
0.10174196
0.07917221
0.08539962
0.12503773
0.04132539
0.04888449
0.11019245
0.09087747
0.04678475
0.04710133
0.08384405
0.06814097
0.15844817
0.02259588
0.07688809
0.14079289
0.13175221
0.09831099
0.11254244
0.14290780
0.06607279
0.15621077
0.17946231
0.05551502
0.08693931
0.04452723
0.12191577
0.04219341
0.09115436
0.07255653
0.07879164
0.09014035
0.04840644
0.05832953
0.11023512
0.12849629
0.04339412
0.14426482
0.13983397
0.04566245
0.02747659
0.09555206
0.08200212
0.13444106
0.13263051
0.05083984
0.05380278
0.11193383
0.02521231
0.23731104
0.13079786
0.03548700
0.07926481
0.12191700
0.04845290
0.10078409
0.07479192
0.03935331
0.05154390
0.16595805
0.11577244
0.03627012
0.10313708
0.10786469
0.04329528
0.06592450
0.03034974
0.02789637
0.06506491
0.11787027
0.13349596
0.12165728
0.03050668
0.10768729
0.07026209
0.09220072
0.05505412
0.10514289
0.09268536
0.08202629
0.09628549
0.13065156