0.17855704
0.11470053
0.13276657
0.09469345
0.07684973
0.10034449
0.10992867
0.12899223
0.10113579
0.02925477
0.06573695
0.05022206
0.08442233
0.09872490
0.04560836
0.04135720
0.04067525
0.09911689
0.15066278
0.06633487
0.15678848
0.15950644
0.11395881
0.11826478
0.08700161
0.03555016
0.08475567
0.11189067
0.11398131
0.05363227
0.08295308
0.10607046
0.15500960
0.12639557
0.11571313
0.08277451
0.06588176
0.04756891
0.04927882
0.05194424
0.09496713
0.07138782
0.06142524
0.19495916
0.03853787
0.18030556
0.05326598
0.12131844
0.06405564
0.06052115
0.05527059
0.12484165
0.10793326
0.14412215
0.04191994
0.04586925
0.10826401
0.07870132
0.11821471
0.03067091
0.06512057
0.08306666
0.13947254
0.11704250
0.03029941
0.02476914
0.06952169
0.06465033
0.06008140
0.08680896
0.13610929
0.08551650
0.12528622
0.13951597
0.11122221
0.11426599
0.08707915
0.10566588
0.14976841
0.11944260
0.02279054
0.04551159
0.11438747
0.12264128
0.12836081
0.06855339
0.05007517
0.08038868
0.08652632
0.12981163
0.04385839
0.10936658
0.03142473
0.09601872
0.10871843
0.07433898
0.10141575
0.07105794
0.11211086
0.04392244
0.03077097