0.08236460
0.88215178
0.89542460
0.89747369
0.92447925
0.89956820
0.92601496
0.91759056
0.90518218
0.90324622
0.90431452
0.90821129
0.92132705
0.91671377
0.90310478
0.91864985
0.93036699
0.89653033
0.91920972
0.89297849
0.90536439
0.91667753
0.89300692
0.88813812
0.90464777
0.85786384
0.88180047
0.89559019
0.91759580
0.89778876
0.91577530
0.92297447
0.92223340
0.90743643
0.91249430
0.90012026
0.92715764
0.89799470
0.88992149
0.89863151
0.88588333
0.89440703
0.89250982
0.91200566
0.93161643
0.92070907
0.90030283
0.90893018
0.89867508
0.91816580
0.91383111
0.90626574
0.91591042
0.91647357
0.92970490
0.90777451
0.91200739
0.89902425
0.92010951
0.92075384
0.89576888
0.90807664
0.90871382
0.92255640
0.90886325
0.90039235
0.91175890
0.90686417
0.92367208
0.90111303
0.90832883
0.92161584
0.91227645
0.91209543
0.89224142
0.87922168
0.89567047
0.91791064
0.91668409
0.90144587
0.90950090
0.90597010
0.91301489
0.86326766
0.92326891
0.93312967
0.89299631
0.91392446
0.89284599
0.92289370
0.89873457
0.92257369
0.87876052
0.90466958
0.91891772
0.90024817
0.89118630
0.90063649
0.90534532
0.92499846
0.91104752