0.08586100
0.10036778
0.09012705
0.09055191
0.12805361
0.09499262
0.12134139
0.07120118
0.08918938
0.05422968
0.05730534
0.04069884
0.19868815
0.08118726
0.06465715
0.06399496
0.13515882
0.13583797
0.03838614
0.08791563
0.12284514
0.09654405
0.04386727
0.10502427
0.13116185
0.18710233
0.14252368
0.05476750
0.04318452
0.02686018
0.03636016
0.11806763
0.03058018
0.03848043
0.09256396
0.13345802
0.11381632
0.07806850
0.08257388
0.10428807
0.14811677
0.08591823
0.11277568
0.05557200
0.05633201
0.08328330
0.06582127
0.06631147
0.12366378
0.07419790
0.11059660
0.08435383
0.10369604
0.09252232
0.12313985
0.11917529
0.11636847
0.07946827
0.06884345
0.09494130
0.05871607
0.14169361
0.07286616
0.08380311
0.06268180
0.11516332
0.23181029
0.08713108
0.10691861
0.07933649
0.10404523
0.02942766
0.10549868
0.12854038
0.07620013
0.10453085
0.06809381
0.11840998
0.17975548
0.18274190
0.13333313
0.08836743
0.01640873
0.16038617
0.13501120
0.10712650
0.09189583
0.12504667
0.08474185
0.18284859
0.06174120
0.18203056
0.07207803
0.21764624
0.10968914
0.04093809
0.07312734
0.07248903
0.15273395
0.06699967
0.09952167