0.18653215
0.72317499
0.88843352
0.90574002
0.90118819
0.88004541
0.83831996
0.88234174
0.87268645
0.89033812
0.90669394
0.85522032
0.80713385
0.86951524
0.87847793
0.84472376
0.90392518
0.88532150
0.86317605
0.91314161
0.85585755
0.83905500
0.85854357
0.87928772
0.90621859
0.88686889
0.84802592
0.88742846
0.88989687
0.87110502
0.88565826
0.81620347
0.89963716
0.84522545
0.77220392
0.88901275
0.86337054
0.85802400
0.87263453
0.84958351
0.88017112
0.88484389
0.87958163
0.89628148
0.83718771
0.84174991
0.84499162
0.80417579
0.86884904
0.85272908
0.73378050
0.78486830
0.87860703
0.91172838
0.84835654
0.84284830
0.86246455
0.88071901
0.78989953
0.80638880
0.83511662
0.83459359
0.76082891
0.70891881
0.81510568
0.81552827
0.82152313
0.82441133
0.77062738
0.85425788
0.73338312
0.77178496
0.86650485
0.83693576
0.83519220
0.88944274
0.87706429
0.70374411
0.63980150
0.77952790
0.87211508
0.83923209
0.89492440
0.81866926
0.74319494
0.83191496
0.84983045
0.80958891
0.75563699
0.80455095
0.85725534
0.80276179
0.80379939
0.84585118
0.80753601
0.85930771
0.88170755
0.88084036
0.85365540
0.86672616
0.80836236