0.13948847
0.07792820
0.05566532
0.10232834
0.05946394
0.08086564
0.07389989
0.13269360
0.12614238
0.08486111
0.12034463
0.05026613
0.16511068
0.06979135
0.05569155
0.20488451
0.02897373
0.05535049
0.06507534
0.12873428
0.06619604
0.07472032
0.11407298
0.10121866
0.14542504
0.10685527
0.05032878
0.12973052
0.10828412
0.14828032
0.06299797
0.10230555
0.11534868
0.05347971
0.17762838
0.12412687
0.09528909
0.04649466
0.08140211
0.08619656
0.10028369
0.04844794
0.03019256
0.11499177
0.07060435
0.11818787
0.09372246
0.09481069
0.05700403
0.10921499
0.02100071
0.08267770
0.03894545
0.03136814
0.13779294
0.06836876
0.08337519
0.14823480
0.09221591
0.08986291
0.05246137
0.06022409
0.07190862
0.07809630
0.10877232
0.09491502
0.03074486
0.11971854
0.07096832
0.11766057
0.06735180
0.13460560
0.07902414
0.10848366
0.08452391
0.06205336
0.08238146
0.15333182
0.09557162
0.13316989
0.07218235
0.07450248
0.13206176
0.06727434
0.15136592
0.06739092
0.12351418
0.07663157
0.04151459
0.04223182
0.05488690
0.12039018
0.06105607
0.08453990
0.08765858
0.10466248
0.05230924
0.04831287
0.07435040
0.06330990
0.05797859