0.10519592
0.08518991
0.11349830
0.07192878
0.08545832
0.04565787
0.09471238
0.08016587
0.13954154
0.13033262
0.07053145
0.06574053
0.16271985
0.10314938
0.16304654
0.19377497
0.20432658
0.09456053
0.06370308
0.06107641
0.03930172
0.09735090
0.04431895
0.22962923
0.19335428
0.06092923
0.15868874
0.11668440
0.11153486
0.06619111
0.09412850
0.05453623
0.07838020
0.10221899
0.14614125
0.18127832
0.07930801
0.04081791
0.06434648
0.11194684
0.07938287
0.23287135
0.16632396
0.09476666
0.10224564
0.08381722
0.04063554
0.11062074
0.13896525
0.15105039
0.10727457
0.12302341
0.10537613
0.09525239
0.04241800
0.11300186
0.10603020
0.13032544
0.10990557
0.06395641
0.13868521
0.08329701
0.12646700
0.10167415
0.09557560
0.14094558
0.13485532
0.16887936
0.04946917
0.06953318
0.07073113
0.12700085
0.13046075
0.11948442
0.13145930
0.12335393
0.09672130
0.09470093
0.16437544
0.06920127
0.05615306
0.09018928
0.13658144
0.04664671
0.09658381
0.14539155
0.11551625
0.07791847
0.07249716
0.08854689
0.05607104
0.17308655
0.09609685
0.14121796
0.15183826
0.16133660
0.07112984
0.09467015
0.05771001
0.12310332
0.12057816