0.06709162
0.90485281
0.90137774
0.90172732
0.91074944
0.91432732
0.85938865
0.85889316
0.83562940
0.88891715
0.87650943
0.87432808
0.87708306
0.90070671
0.85558057
0.80484307
0.82012731
0.82166517
0.87258613
0.92008299
0.89543068
0.88437104
0.81675512
0.73182511
0.80600977
0.89226311
0.85182482
0.88920856
0.83290350
0.87327886
0.88096273
0.87812340
0.87523103
0.89506048
0.73264867
0.84837729
0.84195054
0.86126828
0.85374147
0.84116203
0.83479112
0.83186841
0.88596350
0.83806181
0.85325170
0.84774470
0.87998182
0.86932510
0.81370866
0.81674677
0.81227076
0.90884691
0.71401960
0.81307930
0.79119581
0.87791938
0.88709038
0.77178240
0.77743185
0.84463066
0.79670310
0.84893298
0.84368277
0.80797774
0.82228172
0.90197337
0.82096571
0.82006693
0.86349165
0.88082331
0.91131973
0.92347389
0.85162896
0.79915339
0.80666894
0.87784708
0.88938498
0.91342950
0.92196441
0.86937517
0.85823750
0.82302338
0.86009955
0.89966387
0.90002006
0.91077614
0.84854186
0.87228930
0.82386762
0.83331198
0.91117549
0.74692756
0.87852037
0.88251281
0.79644495
0.88617194
0.90461016
0.75413549
0.87190819
0.86454397
0.90536195