0.13413320
0.12379994
0.02710893
0.05535274
0.06306693
0.08909937
0.09586873
0.01236774
0.09894144
0.11253615
0.13151062
0.09263589
0.07736800
0.10711061
0.07569079
0.01456875
0.09499396
0.10006867
0.13606705
0.10821271
0.15168798
0.14291778
0.10383742
0.05553159
0.05653727
0.07857008
0.08963976
0.04995391
0.15847430
0.04300419
0.01675171
0.07817218
0.14068350
0.04363087
0.02819642
0.09492966
0.04239115
0.06994507
0.05162468
0.08142409
0.05347557
0.02180834
0.09522422
0.06818146
0.13691570
0.07127856
0.09900966
0.07499418
0.05722567
0.05905062
0.12213589
0.04251583
0.18982276
0.06516120
0.06062729
0.04175147
0.21005730
0.07204650
0.10173027
0.10870957
0.07338844
0.04811975
0.07651089
0.16440468
0.14177300
0.10115352
0.12611394
0.12737174
0.08901759
0.08711924
0.08499043
0.11197098
0.07885710
0.03316988
0.04552336
0.13971712
0.03299885
0.10540470
0.10571456
0.12941928
0.14621234
0.08463863
0.05570613
0.06364179
0.13313729
0.04788167
0.07926294
0.09682883
0.03887146
0.08318021
0.08854535
0.06403052
0.07112751
0.16269419
0.04889531
0.08555936
0.11308523
0.08592147
0.06412366
0.06645548
0.02253537