0.04789208
0.17642337
0.11621428
0.11400292
0.14868870
0.12837368
0.06903552
0.11645079
0.11319667
0.06868918
0.09645102
0.09412749
0.07042488
0.08582896
0.05402464
0.08426005
0.07543419
0.10769402
0.06280726
0.17213860
0.09207324
0.11050258
0.04458448
0.07942749
0.05588107
0.08476233
0.03475817
0.12486209
0.06318516
0.13188849
0.08622231
0.05031962
0.10756694
0.19194031
0.10933512
0.11149920
0.10169516
0.06327426
0.07854751
0.19109911
0.10720073
0.21175107
0.07248707
0.08213938
0.03116081
0.10521820
0.15206939
0.08428705
0.06267269
0.13002077
0.08934286
0.12731951
0.04419284
0.07030175
0.07811850
0.07029878
0.03121288
0.10582063
0.13282457
0.11422574
0.10094141
0.06274021
0.09022054
0.13839962
0.03266849
0.09035908
0.10517632
0.14501615
0.04209670
0.19562048
0.12613314
0.13542409
0.08550555
0.12027500
0.06291194
0.16982703
0.04422775
0.03332056
0.09016787
0.10736873
0.03920883
0.11510376
0.09846468
0.07982313
0.10200778
0.05979985
0.08641205
0.04703008
0.13719139
0.11784766
0.05386772
0.04339140
0.01416814
0.08538308
0.07601608
0.03624105
0.16842717
0.03697740
0.07139637
0.09274074
0.06451189