0.05043321
0.17783456
0.07576669
0.08991618
0.22118643
0.13217849
0.14410432
0.05305220
0.10016698
0.07705871
0.07875948
0.11442962
0.09590533
0.11241433
0.05213228
0.13134594
0.13879746
0.20932549
0.08212373
0.10826319
0.14343856
0.06434332
0.04409376
0.11533590
0.09624495
0.07534555
0.08205520
0.10905685
0.21086031
0.14100699
0.06941626
0.16536152
0.09955017
0.22940199
0.16194376
0.15092739
0.01539890
0.08504204
0.14968240
0.14548320
0.10574176
0.16093393
0.18182205
0.02690682
0.21115263
0.18243046
0.19486074
0.13757429
0.18958625
0.07793970
0.19310352
0.06663204
0.05862074
0.10744765
0.10372870
0.02728178
0.07556935
0.07391179
0.12517789
0.03510117
0.05277862
0.07256693
0.09818829
0.05092778
0.07234535
0.12870876
0.13919239
0.15976383
0.14398500
0.16563116
0.09318770
0.06001178
0.05161475
0.15949686
0.10917953
0.13457242
0.08096003
0.09220812
0.14324354
0.10914775
0.09952822
0.09370473
0.15188321
0.10794798
0.07254872
0.08271545
0.14307128
0.14254797
0.24151585
0.12683477
0.04868958
0.06823311
0.15103452
0.15961118
0.05541732
0.09222822
0.07786154
0.09280027
0.15480973
0.14410889
0.21202566