0.05855872
0.72232002
0.72147459
0.79099119
0.77871019
0.79660147
0.79305863
0.78909880
0.81952858
0.68573022
0.80676973
0.82763392
0.80648005
0.82546717
0.80753487
0.81212860
0.81659508
0.88252413
0.81411707
0.83593297
0.81219828
0.82530618
0.79901105
0.81850946
0.82241488
0.79670632
0.79239142
0.77127528
0.74837297
0.69124740
0.68532771
0.71662140
0.74166888
0.71711206
0.74501801
0.74832380
0.78147674
0.63219357
0.78704852
0.74958229
0.81920052
0.73496568
0.83361596
0.77414185
0.80527353
0.78529394
0.82087970
0.74767137
0.83145851
0.75129402
0.74334413
0.74151689
0.67076892
0.80506599
0.81354660
0.74528742
0.81804729
0.73757952
0.71290320
0.75970876
0.85753465
0.85126716
0.71929067
0.74984932
0.73416120
0.71766609
0.77957702
0.78836381
0.75588858
0.77080238
0.80721551
0.75831252
0.76026893
0.75198799
0.79797608
0.79479057
0.80813521
0.83850914
0.81330705
0.58131647
0.66058469
0.64495522
0.73010659
0.73984450
0.73554826
0.81626666
0.88528651
0.82831311
0.80188638
0.80020416
0.79741061
0.76779830
0.81873375
0.76331168
0.74945641
0.67643142
0.81148946
0.73152018
0.63368171
0.77443314
0.79475230