0.07874878
0.10229074
0.17975737
0.08137617
0.06773970
0.18073396
0.04868155
0.07066604
0.12942602
0.12027997
0.15460159
0.12976566
0.09398300
0.07765679
0.06746948
0.18144330
0.01511337
0.07639270
0.06546259
0.09885418
0.15594801
0.09591777
0.06443939
0.09375295
0.03151906
0.11938298
0.05799140
0.03805642
0.10303829
0.13666643
0.07282162
0.11932518
0.06888758
0.18882003
0.05831740
0.04459342
0.07918128
0.07253563
0.03008281
0.08065943
0.14159463
0.03516501
0.08873691
0.08276279
0.15948147
0.12189786
0.08213333
0.06786758
0.07435264
0.07146342
0.05094223
0.11895940
0.14680314
0.09199135
0.06996376
0.11964590
0.06260315
0.06031559
0.11785010
0.07667144
0.07013518
0.10159793
0.16132499
0.07513717
0.13650541
0.07230648
0.14947945
0.04043699
0.08207958
0.10749462
0.15565297
0.12828018
0.13280877
0.10212916
0.05566598
0.11396143
0.12355027
0.10219305
0.13422236
0.06638530
0.08498896
0.19610403
0.13269776
0.03525992
0.14222671
0.11493144
0.11994284
0.08553113
0.12954758
0.05205183
0.08228359
0.08734269
0.15307778
0.09960059
0.08463285
0.15214463
0.06348754
0.08189318
0.03648576
0.10309097
0.08217097