0.08263827
0.50036544
0.37295315
0.61552662
0.65538669
0.57045400
0.61632150
0.54008263
0.46782288
0.54762810
0.51696867
0.59343553
0.59666216
0.61145842
0.39294541
0.47203827
0.46796489
0.59974140
0.54154509
0.57867080
0.75362670
0.46979192
0.51814193
0.48618102
0.41267812
0.43398187
0.28060067
0.23484498
0.70758510
0.76301354
0.60869896
0.58678114
0.59809035
0.48736855
0.61948049
0.69835633
0.72695810
0.67429137
0.69631886
0.40757978
0.39398861
0.25147319
0.47995654
0.39444417
0.22232412
0.09629501
0.16129221
0.24664313
0.23820725
0.63372493
0.80466759
0.68072945
0.49792445
0.76846427
0.46078476
0.51935726
0.53210068
0.69409591
0.81510645
0.73360795
0.71514124
0.78248334
0.82104629
0.67799532
0.64596093
0.55933607
0.73105323
0.71083754
0.71420699
0.63764060
0.58658034
0.56622893
0.69386077
0.68137741
0.32761860
0.36106357
0.62349629
0.68956655
0.54718435
0.61315322
0.73048407
0.59289473
0.55491626
0.48500487
0.56770462
0.59559649
0.56934369
0.47054213
0.69086683
0.74939376
0.76420856
0.66098219
0.33156693
0.43708184
0.57196444
0.82195646
0.67525107
0.71317863
0.61043525
0.68386751
0.59445578