0.08449510
0.09268785
0.01646928
0.05036888
0.09178424
0.14632006
0.06843060
0.15781254
0.05239017
0.05414929
0.08463598
0.07010151
0.09236219
0.13378344
0.10833803
0.13332167
0.04883496
0.09391356
0.21397334
0.06646809
0.06606815
0.06711834
0.05834309
0.07332376
0.05669212
0.15983886
0.08185701
0.07154196
0.07121839
0.06514143
0.05839586
0.11549339
0.06257138
0.11993814
0.10161696
0.07276951
0.12229402
0.03459543
0.05875504
0.06682794
0.11239550
0.07396147
0.06792136
0.08293990
0.08993234
0.12629300
0.13965136
0.11237567
0.09770437
0.13583022
0.14273261
0.10619355
0.05912194
0.11670113
0.09177852
0.11014332
0.04483768
0.11906871
0.08822765
0.04166121
0.08269896
0.05652518
0.12352364
0.11888780
0.06936085
0.08203673
0.13641523
0.14370801
0.12869437
0.10953052
0.02125261
0.06142556
0.18759201
0.03649652
0.05103334
0.04015484
0.06954293
0.18036179
0.03180263
0.05311811
0.09637433
0.10258106
0.09558453
0.09772535
0.04451275
0.10066019
0.16050178
0.09114253
0.04711236
0.08931524
0.05716005
0.13079181
0.11895854
0.10476718
0.04831101
0.02354884
0.10221905
0.09786838
0.09612751
0.13135305
0.09862594