0.05321941
0.17693138
0.15497693
0.24604350
0.10676832
0.05436427
0.05779730
0.08720650
0.07519498
0.11789799
0.08689436
0.12343810
0.02029949
0.09915676
0.08442724
0.08342430
0.08221600
0.10880964
0.06015671
0.08893153
0.04456623
0.17320335
0.02911926
0.08872420
0.07550729
0.11263296
0.16331761
0.12331486
0.03211087
0.18930975
0.16573451
0.14213315
0.15790859
0.13154855
0.12652531
0.13047074
0.12311116
0.08002492
0.07258707
0.15413599
0.10677064
0.09433235
0.08350235
0.17037943
0.06447475
0.08645050
0.16132383
0.09407629
0.24897945
0.15285698
0.09969688
0.08174966
0.19487332
0.05353650
0.10099184
0.04756241
0.05737173
0.07287572
0.15809357
0.10954174
0.08081217
0.09096108
0.14881407
0.09774952
0.04499187
0.00703667
0.08186217
0.06822374
0.14091998
0.10502167
0.07182088
0.07038580
0.09217991
0.03917602
0.07152525
0.12622766
0.09421720
0.09186841
0.03389163
0.05692808
0.10105772
0.09291855
0.07029960
0.06242872
0.06943060
0.13900374
0.09642880
0.04068972
0.10497461
0.06284901
0.09656869
0.08501519
0.06767011
0.20132074
0.16136189
0.10699446
0.05246760
0.18520217
0.12869638
0.12491721
0.01024716