0.16837636
0.94183022
0.91858381
0.92359495
0.93502265
0.94252503
0.93345773
0.92352676
0.90011060
0.91391534
0.90448761
0.91991621
0.89188302
0.90690506
0.90346259
0.91520256
0.91827852
0.92352629
0.91708583
0.93067622
0.91513664
0.92280579
0.92451262
0.92977804
0.93523526
0.92285919
0.94682664
0.94204468
0.92555881
0.94154334
0.93738198
0.94738603
0.94972116
0.93887460
0.94143939
0.94846541
0.93967509
0.93540972
0.94255292
0.92723483
0.94107819
0.94042480
0.93550444
0.93421263
0.94074142
0.92979163
0.93732840
0.91960907
0.94359046
0.93466538
0.92067128
0.93325019
0.91811019
0.91943359
0.91652405
0.92549622
0.94895095
0.94270796
0.93627876
0.93798339
0.94266045
0.94239426
0.93814886
0.93570429
0.92264396
0.92864448
0.93544269
0.93447566
0.93834853
0.93108666
0.92563057
0.94368339
0.92622560
0.93285596
0.94003469
0.93121666
0.92913985
0.93436587
0.94018877
0.92013586
0.93097961
0.92385924
0.93626994
0.93896794
0.93910414
0.93586516
0.94543648
0.93276590
0.94521362
0.94595659
0.93588275
0.91877830
0.90788925
0.92663598
0.92648339
0.92478698
0.93376875
0.92897832
0.94576913
0.92056775
0.92505449