0.08970623
0.95682085
0.95356965
0.95040864
0.95305800
0.95247072
0.95370764
0.95298386
0.95819962
0.95859754
0.96856201
0.96197492
0.96418923
0.97465187
0.98052061
0.96618235
0.98081917
0.97672439
0.97311407
0.97516847
0.98001254
0.98160261
0.98068130
0.96920311
0.97688192
0.97811782
0.98004472
0.97966599
0.96611524
0.97700930
0.96775758
0.97272921
0.97488236
0.97698867
0.97034723
0.97215921
0.97219801
0.97019118
0.97421271
0.96245599
0.97028387
0.97436762
0.97487855
0.97102898
0.97836548
0.97500086
0.97881228
0.97450531
0.96733510
0.96999705
0.97384208
0.97152025
0.97281778
0.96631467
0.97012872
0.96806562
0.97752053
0.97239822
0.97232938
0.96490443
0.96977615
0.96201003
0.95770180
0.96244234
0.96123415
0.97061652
0.96470505
0.96931893
0.97695071
0.96744019
0.96118170
0.95757651
0.95250946
0.96552855
0.96024495
0.96460807
0.97005564
0.95127589
0.95127314
0.95676553
0.96412760
0.97534162
0.96483284
0.96253043
0.96505517
0.95848715
0.97653407
0.97159737
0.95889097
0.96218580
0.96059781
0.95728350
0.96232927
0.94877076
0.96723825
0.95720154
0.96542686
0.96850860
0.96043569
0.96736300
0.96129316