0.06360167
0.94260073
0.93929017
0.94116622
0.93746775
0.93191034
0.92679077
0.92582345
0.92394179
0.94810098
0.92659932
0.92332810
0.92730850
0.93646789
0.92603254
0.93870223
0.93053597
0.94071221
0.91662186
0.93047887
0.93577844
0.92273164
0.93495667
0.93004417
0.93206811
0.92605639
0.93399942
0.92117471
0.92843294
0.91764277
0.92850244
0.92040461
0.93780065
0.93071258
0.93581831
0.92604142
0.93506807
0.92622930
0.92935616
0.93408835
0.92895418
0.92784727
0.93629384
0.93052107
0.93420881
0.92998576
0.93508500
0.92362696
0.94078010
0.93602175
0.93657196
0.93559653
0.93302053
0.93209845
0.93395978
0.93107581
0.93715566
0.94070321
0.94047391
0.92988563
0.92740411
0.92951930
0.92769766
0.93556285
0.93353379
0.92350775
0.93214434
0.93250006
0.93932670
0.92148536
0.92831522
0.93156326
0.91994286
0.92345929
0.92845857
0.92515343
0.92391986
0.93701518
0.92662811
0.92839056
0.92674232
0.92265302
0.92944437
0.92355353
0.93265665
0.93685240
0.94142836
0.92631835
0.93011194
0.93879050
0.93878973
0.93791747
0.94386673
0.92722565
0.93605798
0.93102455
0.92539740
0.93898618
0.94683892
0.93167531
0.93705213