0.07657552
0.94022775
0.93364531
0.93857276
0.93834215
0.94076586
0.93190885
0.94795448
0.94428712
0.93956190
0.93780100
0.93465948
0.92834938
0.92797899
0.92645979
0.94409239
0.92934138
0.93979502
0.94594276
0.93574661
0.93618995
0.93838209
0.93408889
0.92890066
0.93397522
0.93075293
0.93413544
0.93970710
0.93099153
0.93423045
0.93442208
0.93695849
0.92063719
0.92431223
0.92960650
0.92226791
0.93548644
0.92005640
0.91579747
0.92997533
0.93709719
0.93470061
0.93186080
0.92191130
0.92238402
0.91500300
0.94255686
0.93898451
0.92864311
0.92819297
0.92686862
0.94830924
0.92192346
0.92918676
0.92903608
0.94000673
0.92113310
0.93180841
0.92024338
0.93590945
0.93144763
0.92657441
0.92875230
0.93523270
0.93890429
0.94141138
0.94671321
0.93332064
0.93794298
0.93121910
0.93629259
0.93851310
0.94232851
0.93325621
0.92973101
0.92661041
0.94166845
0.93520772
0.93656623
0.93231469
0.93527168
0.92890066
0.93645066
0.94732076
0.93734914
0.93127489
0.94482285
0.92208833
0.93072993
0.93260491
0.94065452
0.92678171
0.92386186
0.92875743
0.91177535
0.93813050
0.92930877
0.93085915
0.93513358
0.92785919
0.93549311