0.17097370
0.95235342
0.95287478
0.94930655
0.95235300
0.95250541
0.94657791
0.94920075
0.95739937
0.95202142
0.96194512
0.95072967
0.95411307
0.95842439
0.96565741
0.96191835
0.96921748
0.96652704
0.96268517
0.95187765
0.96251684
0.95557183
0.96181643
0.96808887
0.97031242
0.96748406
0.97082019
0.97611547
0.96996468
0.97442400
0.97184420
0.97527349
0.97026271
0.97010040
0.97170746
0.96915901
0.95726430
0.97060853
0.97476655
0.97488856
0.96797013
0.97125006
0.97103167
0.96954322
0.96932191
0.96974975
0.96937197
0.95857865
0.96460050
0.95550376
0.95952713
0.95377767
0.95173889
0.95130455
0.94970095
0.95945525
0.95795691
0.95717859
0.95794672
0.96056151
0.96198267
0.95623010
0.95966727
0.96310496
0.96429527
0.96713358
0.96495676
0.96754408
0.96564883
0.95392668
0.95620316
0.94830072
0.94040412
0.95830745
0.95673561
0.94885504
0.95354307
0.94396544
0.95440394
0.95540762
0.97106773
0.96886259
0.96061224
0.96700269
0.96204412
0.95478547
0.95163238
0.95061821
0.94841093
0.94866973
0.93936670
0.94358248
0.96023118
0.94777787
0.95853394
0.96104234
0.95366633
0.96417928
0.96632820
0.96233749
0.96910286