0.08318138
0.13939035
0.12814221
0.09512699
0.15801369
0.07152045
0.10615212
0.10970555
0.05430221
0.11412460
0.14351612
0.15038197
0.11301336
0.00992822
0.05141784
0.06379202
0.06485058
0.11877517
0.11898225
0.09269449
0.11821086
0.07721023
0.14998622
0.09966117
0.03098890
0.02800960
0.08640190
0.08547306
0.05497813
0.12418966
0.06252018
0.05481463
0.14706622
0.12878641
0.10715087
0.06027167
0.10827357
0.14652230
0.02352570
0.07828229
0.07194952
0.10463271
0.08068579
0.17778045
0.07669755
0.11766985
0.09731043
0.10035659
0.11054076
0.13069539
0.08394188
0.10374203
0.02401795
0.06335576
0.10892826
0.09540366
0.11291487
0.05411326
0.11127339
0.05235048
0.10730638
0.14225496
0.08303329
0.04869598
0.16388485
0.14607830
0.06153930
0.04234003
0.13670476
0.08734635
0.07957312
0.09804092
0.04520100
0.10317448
0.09099044
0.18409400
0.08552712
0.16066591
0.15466881
0.08589633
0.09592815
0.14002366
0.06699581
0.09024878
0.05699034
0.07914561
0.13680370
0.13692825
0.07678872
0.04122058
0.11467194
0.11819649
0.08598316
0.05594569
0.15660578
0.17350651
0.15930219
0.13123330
0.13715708
0.06423183
0.11858056