0.13413320
0.16299318
0.17275186
0.03323143
0.07541516
0.08229906
0.14123935
0.08084062
0.09896701
0.17486702
0.14519103
0.19948635
0.12060384
0.10174840
0.10901652
0.20407005
0.06945187
0.04710682
0.07747956
0.23986900
0.09926479
0.14119714
0.13374825
0.14936842
0.13569102
0.18568848
0.06669755
0.05004102
0.19935280
0.05947109
0.09633889
0.11050058
0.07775783
0.08598085
0.05698539
0.17476264
0.17142084
0.11814453
0.11553103
0.11931323
0.15051925
0.16887166
0.22484297
0.09040324
0.07409789
0.10356579
0.12432176
0.13979040
0.14811496
0.12247838
0.12345294
0.04197164
0.20602241
0.12786557
0.18888938
0.17673570
0.18253504
0.10612406
0.13969015
0.16669227
0.15106258
0.15918237
0.07230901
0.13466501
0.14489557
0.15012699
0.26967025
0.03117505
0.22851911
0.12519662
0.12046029
0.06332335
0.17605190
0.13403863
0.21642788
0.20024724
0.10051863
0.06140394
0.08311079
0.13490704
0.19188572
0.32175159
0.10222045
0.13509293
0.14812484
0.09846789
0.04477035
0.14739719
0.12450150
0.16845882
0.21230316
0.20755902
0.10065794
0.15598753
0.10013723
0.15629855
0.09359297
0.06761689
0.12947762
0.07310099
0.09256219