0.16700435
0.96679765
0.96310419
0.96971655
0.97670418
0.96653992
0.96612763
0.97660154
0.97680545
0.97414947
0.97657251
0.96967369
0.97443545
0.97928506
0.97591680
0.97386765
0.97769982
0.97614509
0.98164523
0.97927392
0.97692347
0.98097807
0.97619891
0.97283971
0.97765732
0.97580427
0.97836095
0.97981727
0.98109925
0.98085737
0.97625762
0.97652525
0.97716659
0.97670722
0.97152257
0.97561544
0.97981417
0.97350037
0.97860247
0.97329247
0.96871328
0.96912247
0.96952003
0.97043967
0.97032815
0.97134310
0.96924245
0.97151643
0.97244155
0.97496223
0.97700483
0.97481066
0.98077041
0.97708011
0.97690070
0.97470284
0.96843642
0.97574091
0.97502738
0.97719312
0.97586286
0.96939188
0.97611290
0.97604907
0.97354645
0.97828317
0.97398686
0.97415662
0.97492844
0.97051615
0.96924472
0.97126901
0.97091967
0.97659415
0.96767753
0.97662115
0.97530675
0.97478276
0.97431028
0.97408396
0.97165793
0.97199380
0.97404116
0.96522284
0.97275054
0.97904068
0.97367591
0.97207332
0.97229677
0.97717172
0.97336686
0.97724932
0.97989678
0.97493613
0.97881389
0.97009695
0.97668517
0.96928191
0.97324234
0.96882856
0.97194982