0.15018468
0.11462955
0.14644842
0.13773906
0.06581667
0.21327727
0.18594712
0.07332052
0.06110210
0.07943434
0.07620802
0.22670271
0.08971105
0.05626986
0.13355055
0.07246798
0.05109010
0.03861248
0.14737697
0.10906291
0.20403349
0.13324359
0.21257296
0.18390560
0.13360927
0.03902596
0.20918941
0.15220103
0.07872901
0.08253279
0.10016812
0.07988479
0.18859144
0.07925235
0.10149453
0.09137171
0.08814946
0.10477178
0.11610901
0.22821987
0.28883624
0.14220004
0.25319123
0.11479883
0.17673790
0.07460396
0.08033498
0.05836771
0.10071941
0.09277494
0.12803698
0.19283982
0.11668608
0.07427505
0.15938908
0.03026561
0.21475452
0.15947108
0.12772593
0.16281052
0.05099251
0.13937914
0.14871167
0.07846336
0.18190500
0.10276553
0.01935337
0.15680027
0.07934554
0.25142366
0.14351448
0.12238687
0.12644912
0.20954925
0.24502239
0.13159165
0.21755646
0.15482420
0.11941402
0.19661938
0.21302187
0.15883645
0.27049372
0.05717960
0.09761429
0.31590572
0.11591541
0.09184915
0.17068549
0.18922259
0.05388968
0.22333157
0.15530725
0.12532611
0.11400501
0.17020142
0.04241886
0.10170037
0.13169178
0.13738199
0.09470256