0.09072412
0.93452758
0.93953240
0.93074644
0.93379378
0.93923849
0.92774028
0.93962377
0.93572617
0.93738747
0.92129624
0.94367808
0.92432284
0.94744164
0.93957883
0.93573654
0.94233024
0.93700075
0.93473822
0.93219775
0.93531537
0.93630767
0.91977125
0.94047117
0.93847102
0.94237304
0.93915826
0.92855513
0.93908972
0.94367617
0.93134177
0.94242305
0.93654704
0.94563997
0.92976677
0.93908989
0.93101674
0.94741112
0.93764192
0.94012380
0.92874610
0.93334544
0.94000107
0.94290876
0.92756671
0.93326086
0.93230408
0.93561250
0.93519318
0.93490875
0.93251503
0.94211459
0.93763441
0.94140577
0.92611635
0.92955065
0.94177437
0.94180590
0.93731672
0.93331414
0.92227846
0.93423563
0.93908465
0.93680972
0.93255591
0.93633592
0.92668146
0.92642456
0.94026339
0.94066858
0.93911195
0.94283450
0.94028068
0.93024534
0.93309319
0.94010484
0.93765366
0.93440932
0.94645751
0.92891967
0.93888009
0.93230087
0.93448412
0.93463403
0.93915159
0.94479835
0.93058062
0.93581194
0.94277489
0.93023592
0.93047774
0.93588930
0.92725676
0.93501252
0.94846565
0.93836868
0.93110812
0.92876190
0.93741494
0.94092131
0.93567681