0.17097370
0.96367478
0.96223694
0.96079195
0.95492262
0.95941001
0.96273524
0.96033537
0.95889097
0.95862597
0.96029472
0.95338899
0.96205884
0.96027255
0.96170157
0.96170700
0.96533561
0.96919245
0.96751398
0.96179503
0.96328735
0.96171486
0.96596128
0.96632749
0.97400892
0.97227776
0.97221857
0.97623897
0.96744013
0.97665519
0.97844005
0.97935426
0.97313964
0.97599292
0.97329909
0.97142690
0.97005183
0.97316414
0.98509753
0.97733706
0.97851324
0.97767645
0.97636062
0.97331214
0.98148370
0.97947550
0.98134184
0.97939765
0.97402120
0.97668350
0.97925109
0.97972053
0.97265184
0.97876173
0.97811007
0.98162097
0.98457301
0.98220855
0.97943062
0.97820586
0.97429496
0.98151636
0.97668040
0.98323613
0.98336965
0.98149729
0.98307443
0.98058593
0.98049510
0.98422575
0.98414397
0.97500932
0.97773570
0.98407805
0.98289680
0.98172379
0.98206109
0.98350632
0.98360419
0.97740746
0.97811705
0.97641450
0.98067808
0.98732275
0.98662299
0.98091966
0.98451269
0.98166066
0.98017341
0.97877711
0.97397614
0.97634101
0.97669739
0.97824311
0.98490804
0.97809023
0.97976792
0.97461069
0.98326325
0.97423911
0.97598422