0.05855872
0.93857574
0.93973196
0.94462985
0.93702501
0.92615473
0.92821395
0.94207931
0.91372687
0.93929857
0.93860656
0.92966026
0.93224496
0.92281169
0.94232100
0.93358201
0.93690252
0.94885093
0.93758029
0.93999583
0.93695974
0.92563164
0.92775154
0.94198138
0.94292551
0.94716418
0.93142349
0.94249183
0.93793297
0.92899340
0.93546832
0.94811851
0.94031900
0.92275029
0.94111300
0.93051016
0.94590956
0.93194687
0.93766928
0.95734626
0.93895233
0.94988060
0.94802928
0.94104213
0.94147325
0.93745148
0.94820052
0.93459624
0.93523997
0.94065851
0.93829626
0.93602312
0.93318480
0.93194860
0.93482244
0.94857824
0.93935287
0.92941660
0.93709189
0.94908607
0.94991720
0.94950563
0.94253373
0.93928808
0.94722342
0.94321042
0.94830269
0.94231176
0.95328021
0.94547796
0.95883399
0.94386476
0.96129233
0.94760531
0.94664872
0.95089632
0.94685668
0.95153731
0.95137113
0.95630240
0.94838524
0.95145357
0.95101690
0.94445699
0.94472778
0.94709706
0.95474684
0.95385736
0.95173812
0.95214492
0.95215690
0.94725662
0.94345123
0.94793230
0.93190247
0.93808794
0.94565094
0.94101959
0.94237918
0.92979538
0.94414502