0.06998644
0.96309763
0.95903665
0.95341867
0.95397574
0.94461137
0.96028662
0.96119553
0.95396996
0.94813651
0.95538795
0.96007103
0.95807731
0.95952624
0.95365965
0.96003640
0.95320857
0.96369898
0.95690745
0.96366304
0.96454406
0.95299673
0.95023775
0.95102876
0.94712746
0.94883776
0.94485438
0.94990236
0.94769186
0.95628798
0.94948113
0.94904989
0.94755262
0.95181245
0.94612557
0.96100599
0.96314901
0.95609468
0.95264524
0.95751488
0.95203000
0.95101380
0.95020354
0.96137899
0.95407271
0.96297830
0.95160258
0.96581024
0.96444649
0.95878601
0.96069247
0.96441185
0.96089798
0.96311688
0.96509093
0.96037596
0.95502710
0.95794296
0.96484864
0.96520203
0.96272087
0.95448411
0.95957190
0.96129519
0.95682335
0.96276277
0.94899648
0.95480597
0.95626867
0.94897622
0.95251596
0.95769614
0.96227652
0.94857097
0.95607018
0.95983964
0.95951957
0.94968987
0.94683456
0.95276618
0.95495301
0.95332015
0.96196991
0.94419867
0.95990622
0.95333916
0.96505308
0.95614797
0.96231920
0.95060974
0.95436674
0.96331877
0.95623499
0.96475625
0.96346992
0.96400279
0.95991892
0.96876854
0.94933504
0.95185846
0.95708978