0.14954217
0.94506717
0.95116609
0.95976329
0.95353478
0.95235014
0.95218736
0.95601594
0.95129347
0.94548094
0.95166796
0.96053773
0.95391744
0.96550679
0.95464021
0.95786482
0.95087385
0.94501632
0.94934344
0.94418824
0.94253671
0.93523324
0.94393611
0.93115652
0.95335561
0.95247215
0.93819159
0.95209032
0.94632149
0.93370211
0.95028061
0.94305420
0.93980736
0.94781309
0.94958991
0.96176720
0.95147616
0.95035189
0.96124303
0.95873380
0.96599138
0.95028806
0.94834113
0.95398939
0.95747477
0.97418976
0.96344984
0.96591413
0.94310868
0.94622254
0.95300734
0.95689142
0.96559632
0.95709640
0.95302653
0.95882004
0.95322877
0.96245265
0.95502907
0.96061307
0.96063364
0.96349525
0.94913757
0.94717735
0.94976699
0.96071237
0.94745135
0.95851302
0.96509743
0.96043724
0.95561463
0.94385320
0.96433592
0.96009135
0.96098375
0.96106958
0.95379311
0.95906103
0.94848847
0.95068914
0.95340586
0.95120811
0.94006121
0.94559824
0.93354070
0.93759584
0.94480240
0.94050926
0.92571801
0.94604009
0.92033094
0.93893415
0.93798697
0.93021941
0.93936902
0.94006759
0.93978500
0.94838059
0.95147699
0.93618047
0.94639045