0.06709162
0.71738344
0.75768769
0.73549491
0.73196930
0.74645185
0.75476992
0.74636239
0.74496752
0.72773653
0.70731103
0.71534938
0.75315821
0.79787499
0.74380910
0.75491011
0.64158738
0.72491109
0.76225632
0.77044511
0.70556855
0.77234006
0.72361434
0.72177607
0.66790122
0.71802896
0.69189191
0.71319282
0.76650137
0.72699249
0.77818781
0.73647863
0.71879077
0.75995874
0.75453484
0.76814735
0.79074752
0.74379969
0.76560682
0.74176657
0.72044557
0.74937624
0.74492425
0.77521235
0.70364356
0.78088897
0.70793802
0.78759211
0.71593863
0.70292020
0.74905896
0.72549802
0.73116034
0.77425116
0.75277299
0.77000880
0.72431749
0.69772035
0.76977831
0.75985736
0.77413785
0.75963241
0.75292563
0.67991686
0.71480078
0.69514632
0.73353165
0.67864531
0.72177714
0.71724111
0.74666423
0.74462646
0.70512199
0.65620023
0.72871608
0.76733702
0.70365250
0.78566843
0.80287969
0.75468516
0.75885522
0.75939441
0.81839925
0.71474653
0.72852296
0.72281218
0.75845313
0.74956000
0.69622838
0.75637984
0.71378797
0.76864243
0.76835614
0.74619895
0.77770317
0.69106424
0.78745651
0.69883138
0.78538615
0.76304835
0.73338592