0.14325123
0.92046046
0.92115325
0.92120951
0.93103409
0.91892260
0.94028151
0.90662134
0.92176139
0.92834127
0.93203920
0.92263001
0.93631411
0.90450937
0.91793799
0.91324878
0.92162240
0.92536223
0.89871454
0.91926539
0.92697847
0.92281282
0.91627276
0.92001653
0.91672623
0.91607529
0.90752989
0.93436164
0.91444153
0.92206925
0.92271161
0.91448617
0.91890115
0.92375135
0.90637720
0.91583914
0.92883623
0.91531813
0.88973737
0.92633164
0.92232597
0.91961020
0.92612696
0.91990471
0.92118561
0.94069463
0.93032920
0.91945130
0.91917908
0.91328949
0.92383409
0.89650184
0.92420477
0.89677018
0.92467719
0.93520528
0.91690654
0.92063993
0.92754716
0.92072815
0.92408806
0.91660738
0.92613739
0.92908585
0.91481888
0.91957551
0.93034315
0.91788423
0.92455286
0.93158239
0.90982580
0.90074342
0.92926848
0.92191064
0.92823893
0.93969297
0.91740066
0.92347354
0.92611194
0.91864312
0.91088736
0.92005503
0.94047034
0.93270856
0.92624754
0.92262655
0.93134904
0.93075949
0.90939569
0.91828787
0.91078019
0.91192269
0.91920006
0.92721552
0.91981024
0.91279215
0.92625612
0.92490977
0.91457742
0.90942985
0.92940384