0.06718107
0.07522013
0.18576629
0.15102533
0.03753837
0.18112811
0.15706748
0.15476048
0.08166241
0.09026691
0.06419857
0.08626008
0.21818809
0.13764149
0.13621515
0.18427402
0.07506061
0.10646141
0.09555207
0.05833052
0.09502306
0.06686434
0.17032440
0.12444396
0.10500106
0.11919360
0.16988094
0.10137868
0.07914289
0.16259883
0.10243191
0.20034982
0.17078570
0.11219073
0.18244982
0.11931143
0.19875778
0.12373058
0.12240376
0.12636650
0.19858396
0.12108548
0.08118971
0.06723842
0.16789669
0.09473957
0.13287385
0.10794406
0.07991122
0.04184527
0.12209030
0.10235106
0.08775320
0.11094975
0.11384860
0.10006914
0.19535066
0.01438727
0.10281938
0.12226896
0.06675594
0.10802662
0.07847633
0.14426079
0.11094539
0.03975951
0.16494937
0.18571661
0.14485432
0.10158335
0.12686767
0.17185178
0.11233901
0.08568002
0.13189887
0.10811605
0.07211336
0.02108571
0.09724876
0.20875004
0.16199121
0.03389144
0.07787965
0.11174508
0.07665402
0.07582191
0.07342556
0.22332636
0.05980618
0.20135565
0.10494456
0.20626920
0.13055481
0.11360307
0.08672621
0.13373750
0.02993369
0.10366186
0.15108901
0.04659709
0.10685267