0.04433002
0.94595778
0.94603503
0.95025033
0.95071363
0.94114393
0.93621016
0.94816327
0.94817823
0.95241714
0.95408571
0.94821358
0.95962775
0.94265395
0.95010811
0.94231635
0.94719243
0.95564848
0.94906992
0.95188057
0.95544618
0.93951285
0.93999344
0.94522113
0.95256388
0.94968766
0.93953812
0.93106002
0.94852602
0.93306649
0.95796663
0.93799281
0.93884516
0.93010980
0.95355326
0.93726248
0.94899184
0.94978064
0.93791699
0.94212157
0.93842202
0.94936967
0.94441605
0.94617903
0.95099932
0.94928980
0.95562971
0.94692087
0.95044023
0.94639343
0.95873988
0.95843005
0.95327997
0.93671083
0.95236468
0.94785142
0.95057273
0.94094145
0.95464045
0.94147283
0.94037139
0.93913054
0.95647722
0.93928367
0.93991518
0.93252677
0.95051718
0.94060016
0.93719780
0.94384390
0.95182699
0.93694478
0.94720131
0.94543219
0.95302826
0.94903678
0.93968225
0.95013380
0.94666970
0.93986505
0.94476485
0.94565493
0.94323730
0.94266421
0.94878167
0.94932175
0.93640155
0.95100492
0.95259786
0.95191407
0.94039094
0.94459695
0.94143504
0.94699377
0.95163119
0.93444520
0.93421400
0.93836856
0.94131094
0.94545943
0.94796973