0.15609142
0.96297675
0.96363771
0.96741396
0.97305298
0.97585607
0.96516174
0.96372789
0.95873672
0.95217496
0.95128167
0.95212436
0.94930977
0.95708036
0.95327157
0.95470166
0.95246226
0.95050204
0.94902033
0.96464515
0.96352249
0.96406865
0.95619971
0.95368040
0.95127904
0.94787544
0.95560557
0.95201415
0.94958258
0.96009058
0.96005899
0.95503813
0.96130586
0.95595473
0.94814980
0.95103693
0.94616055
0.95677078
0.95730591
0.96434104
0.95577723
0.96727204
0.96759152
0.95596606
0.95690596
0.96570802
0.97545588
0.97766435
0.97845292
0.97215545
0.96483225
0.97470260
0.97202992
0.97268504
0.97753137
0.96917862
0.97792625
0.97267145
0.97780442
0.97388452
0.96954829
0.97562224
0.97316325
0.98143601
0.97564423
0.96799707
0.96996135
0.97389376
0.97215730
0.97999662
0.97946846
0.97362846
0.97934037
0.97294486
0.97273529
0.96985328
0.97234964
0.96665740
0.97081327
0.95866430
0.96109962
0.95972288
0.96496958
0.96958512
0.96867692
0.97280610
0.97233957
0.97136760
0.96381730
0.95983231
0.96135414
0.95372397
0.95945460
0.95427603
0.96213913
0.95491618
0.96167326
0.95100653
0.95269114
0.94659722
0.95575124