0.04789208
0.89614987
0.89240158
0.89396560
0.90727431
0.89237344
0.89732802
0.90485871
0.90024376
0.88628960
0.89933836
0.88931161
0.89083678
0.89996713
0.89690554
0.89561772
0.90377527
0.90480673
0.90483099
0.90036744
0.87571013
0.88143015
0.88746887
0.90006518
0.91111052
0.91596407
0.90119523
0.88903219
0.90511918
0.91754478
0.89575160
0.89881873
0.90887237
0.91154838
0.90570879
0.89681101
0.90000260
0.88116646
0.90279317
0.86442620
0.89201385
0.90519005
0.88482076
0.90990883
0.92237145
0.86302763
0.88820857
0.89081794
0.88937205
0.89298326
0.86741966
0.88840592
0.91335738
0.89370203
0.88859946
0.90138549
0.91215730
0.89275527
0.90413523
0.87489617
0.90697938
0.91019684
0.90303391
0.89893812
0.90401024
0.86912626
0.90145200
0.90906167
0.89406931
0.90629911
0.92042512
0.90106064
0.91754580
0.89943445
0.91216713
0.89567649
0.88121420
0.89183486
0.88451624
0.90942836
0.89051926
0.90410674
0.91112447
0.89163798
0.89394110
0.90848631
0.88384461
0.91606802
0.89012277
0.90229845
0.91054153
0.90703344
0.90481466
0.89022905
0.89249110
0.90064538
0.92242187
0.90606833
0.90423334
0.90650970
0.90169221