0.03719526
0.95200783
0.93916488
0.94390374
0.95623797
0.95318007
0.95543933
0.94082808
0.95995229
0.94851935
0.94762009
0.94393885
0.94652045
0.94094163
0.96277708
0.95890474
0.94441241
0.94375944
0.95524675
0.94606078
0.96267599
0.94544739
0.95041192
0.94573593
0.94261950
0.93527961
0.94692850
0.93804377
0.94906157
0.93928552
0.94761527
0.96246016
0.96304733
0.94378835
0.94339287
0.95119536
0.93803620
0.93880332
0.93493533
0.93857461
0.94853234
0.94259405
0.96563447
0.96042085
0.95942611
0.96711272
0.95862693
0.96312422
0.95602965
0.94584239
0.95983976
0.93975365
0.94049263
0.95057958
0.94049340
0.94087267
0.91293371
0.93408895
0.93599075
0.94836307
0.94795495
0.94029343
0.94152260
0.94495809
0.94839460
0.94236910
0.93357164
0.93494004
0.93283582
0.93880200
0.95378548
0.94599378
0.93695670
0.92675680
0.93197799
0.91790003
0.93614960
0.94130248
0.94521844
0.93107110
0.93829507
0.92338717
0.93519592
0.94492996
0.94740480
0.93178195
0.94907957
0.92295408
0.93935007
0.94080335
0.93643266
0.93227392
0.93849158
0.92584628
0.90326315
0.93852270
0.92670196
0.94230950
0.92675436
0.92944306
0.92795372