0.13204351
0.92764086
0.94363207
0.92075050
0.94159299
0.95025426
0.93810087
0.92954141
0.93725359
0.93102074
0.94117028
0.92801553
0.94501895
0.93167120
0.92070979
0.93755394
0.93096948
0.94208318
0.93504977
0.94968390
0.94018030
0.93518591
0.93050462
0.95086235
0.93747115
0.94303042
0.94492996
0.94788146
0.94927669
0.95425707
0.94512177
0.95175660
0.94849664
0.95194817
0.96293235
0.95055848
0.94690078
0.94093412
0.95731413
0.94713217
0.93891585
0.95050186
0.93852866
0.93617940
0.95352829
0.95195282
0.93138659
0.94721532
0.93076110
0.93732512
0.95235640
0.93902946
0.94602334
0.95464569
0.95365494
0.94748515
0.94976217
0.95988655
0.96161902
0.94936633
0.94258517
0.95211440
0.95253801
0.94423515
0.93836260
0.93167043
0.91785914
0.95346314
0.93736315
0.94886279
0.94793701
0.94580179
0.94624418
0.92912948
0.93046373
0.93394327
0.94537735
0.94673955
0.92101091
0.92428106
0.94374597
0.93752646
0.93012476
0.93552041
0.94380546
0.91922110
0.92846739
0.93407255
0.94100863
0.94871050
0.92797965
0.93478715
0.95221925
0.95012140
0.93311578
0.94470334
0.95043838
0.93932241
0.93020117
0.93513781
0.94378227