0.09163785
0.94590700
0.93318993
0.94649214
0.94897848
0.94711661
0.95263427
0.94345927
0.94772661
0.94431323
0.94967443
0.94631988
0.94988954
0.94163293
0.94225860
0.94707352
0.95125997
0.93457228
0.94498724
0.93788850
0.94988638
0.94322312
0.94761908
0.94145232
0.94443512
0.95050275
0.95062011
0.95609003
0.94479024
0.94412917
0.94367737
0.93686461
0.93596351
0.94277877
0.94400334
0.94412041
0.94427085
0.94194150
0.94191247
0.94628006
0.94548517
0.94229209
0.94485110
0.94193602
0.94447869
0.93978018
0.93621957
0.94809675
0.94336569
0.93853140
0.94518965
0.93927002
0.94467962
0.94155318
0.93754929
0.94663376
0.94055998
0.94001937
0.93632543
0.95221448
0.94478250
0.94151038
0.94608331
0.94731557
0.94895935
0.94534022
0.93310106
0.94275123
0.94656074
0.94257414
0.95146072
0.94891119
0.93144983
0.94095129
0.93835425
0.93599528
0.94083112
0.94374847
0.94344187
0.93746096
0.94732749
0.94484740
0.94674790
0.93631005
0.94112223
0.94181353
0.94904816
0.93572038
0.94189012
0.94191474
0.94426322
0.94178653
0.93652785
0.94817483
0.95473969
0.94282687
0.93848968
0.95260215
0.95126319
0.94718367
0.94772810