0.04957702
0.82572526
0.85267097
0.85494447
0.81960344
0.86263305
0.88214082
0.84857720
0.83984292
0.87920851
0.86052924
0.86132783
0.85766000
0.86908126
0.87113482
0.86430407
0.85109049
0.88075125
0.84999901
0.86274850
0.89428109
0.86541206
0.86855584
0.87359446
0.84769112
0.86372834
0.87448585
0.88498849
0.90605509
0.87982386
0.87730336
0.85795665
0.88704455
0.84895408
0.87101114
0.88879061
0.85995322
0.84487861
0.86852539
0.87567878
0.85906076
0.86135560
0.87666589
0.87081981
0.88242650
0.84517294
0.82871556
0.83094984
0.84399813
0.84803855
0.86670899
0.85594392
0.85966569
0.87356275
0.83379042
0.85307497
0.85529554
0.88143343
0.88125473
0.85383421
0.86416292
0.85773307
0.89579821
0.83869684
0.87466896
0.86901289
0.85271573
0.83832175
0.87209010
0.87615579
0.87644982
0.88698173
0.84859693
0.86962682
0.86002624
0.88564265
0.88842744
0.85269654
0.88449419
0.86640948
0.80877900
0.83578581
0.84004766
0.88216513
0.84655714
0.86541021
0.85021567
0.86705887
0.86106545
0.85875672
0.86328959
0.88511884
0.81921548
0.85872465
0.87559950
0.87635177
0.86227083
0.86232603
0.84069097
0.85601515
0.87906855