0.09163785
0.93937165
0.93120688
0.94225317
0.95421773
0.94057471
0.95198327
0.93785566
0.94116324
0.94066566
0.94836026
0.93939704
0.94419217
0.94314116
0.93964332
0.93986648
0.94437867
0.93728918
0.94543540
0.93834406
0.94251740
0.94548690
0.94771117
0.94143504
0.94351959
0.95591336
0.94881880
0.95301729
0.94558144
0.94092208
0.94688392
0.93053073
0.92664802
0.93682671
0.94526094
0.94434267
0.93934190
0.94296509
0.93488955
0.94855744
0.94695592
0.93876684
0.93998855
0.93501699
0.93624860
0.92821443
0.92980033
0.94295114
0.93639755
0.92894274
0.94063967
0.93661338
0.94438553
0.94120198
0.93197626
0.94725090
0.94410968
0.93595731
0.93655992
0.96081281
0.94813585
0.94441336
0.94584328
0.94182515
0.95006144
0.94818860
0.94228959
0.94461381
0.95150340
0.94341069
0.95479482
0.95237327
0.93970567
0.94607919
0.94804400
0.94124329
0.94113022
0.93896669
0.93515182
0.94443303
0.94665879
0.95313525
0.95436943
0.94232279
0.94778639
0.95305556
0.95421576
0.94137484
0.94336075
0.95235115
0.94740546
0.95001382
0.93905342
0.95145535
0.95139802
0.93868178
0.92558026
0.95211524
0.94519562
0.93639791
0.93512040