0.04957702
0.40888622
0.58186316
0.55279636
0.66001314
0.56537855
0.60272390
0.49621904
0.64847761
0.60831773
0.50059593
0.45382091
0.42717010
0.44940963
0.49164870
0.50042146
0.39892569
0.39635903
0.47590116
0.57687217
0.54707605
0.46005687
0.50823009
0.66243339
0.52793908
0.45953000
0.42978081
0.53687221
0.54849786
0.42079529
0.46588317
0.58206439
0.54754567
0.56294739
0.50946039
0.66449004
0.43187088
0.44354716
0.55415797
0.38760296
0.61453676
0.54329020
0.67021483
0.58321929
0.43546638
0.58222193
0.61908895
0.46495041
0.50447661
0.45540220
0.45090297
0.48683634
0.44492367
0.55463713
0.53141361
0.45128572
0.41932529
0.55105942
0.56328046
0.43225700
0.49830195
0.54651058
0.45339739
0.60290605
0.62576824
0.56450027
0.47345245
0.57261330
0.56264478
0.56231695
0.56133884
0.54808068
0.45412388
0.49982190
0.59227109
0.60084492
0.63926184
0.50618738
0.61387897
0.67638510
0.41380361
0.53334445
0.50146961
0.59862572
0.48614779
0.51362628
0.51283544
0.36981311
0.35942006
0.42899686
0.50173438
0.39331397
0.39244187
0.60152370
0.51886553
0.41908464
0.39259392
0.52615994
0.53937036
0.54240727
0.53925455