0.07852264
0.83277017
0.86040276
0.86869240
0.84240693
0.84367961
0.85306340
0.88591087
0.90155619
0.87567490
0.87411326
0.85889351
0.88569349
0.88949203
0.82958013
0.88093323
0.86463577
0.85328043
0.87946612
0.85227811
0.90217417
0.85253006
0.85918999
0.88048887
0.90886724
0.88216883
0.87155449
0.88232100
0.84769827
0.84504837
0.91334146
0.85652405
0.86432046
0.83386111
0.87491083
0.86875695
0.86513954
0.86750299
0.87068611
0.86535996
0.82445180
0.85495514
0.84667802
0.86108094
0.88015282
0.86336893
0.84721410
0.86599314
0.86455035
0.87068129
0.87950182
0.86439413
0.85975480
0.84516233
0.89535421
0.87052375
0.87619507
0.86086935
0.88274264
0.88244379
0.87727702
0.90486139
0.89376760
0.88341558
0.89109319
0.89022642
0.85837805
0.87133652
0.89128655
0.88140208
0.87555420
0.89351571
0.88494992
0.86858869
0.86993819
0.85075456
0.85679740
0.86619258
0.86963880
0.88580477
0.86774057
0.88451737
0.86988568
0.87942809
0.88039857
0.88234991
0.87494582
0.85750848
0.88471991
0.86923659
0.85504991
0.85926276
0.86916184
0.85030258
0.86293721
0.85313356
0.84335256
0.85115355
0.79568511
0.83354872
0.86146706