0.06884555
0.14384238
0.18829855
0.12162948
0.12020278
0.15765567
0.09138668
0.06606676
0.14039238
0.10027513
0.08327585
0.11529834
0.13820943
0.05670033
0.07250638
0.09606262
0.19878319
0.12536289
0.04529322
0.09025601
0.11086723
0.13333791
0.07840135
0.10270923
0.13881452
0.07558680
0.11267227
0.14330021
0.18364404
0.10855021
0.12542647
0.10243558
0.18976788
0.11225517
0.20572007
0.11913643
0.11960769
0.19481774
0.12525924
0.13918687
0.10464584
0.15260708
0.10048942
0.07524224
0.11032656
0.11412986
0.14341162
0.26936096
0.07101573
0.11867438
0.12631981
0.13934028
0.14605343
0.21346800
0.15743180
0.12794922
0.14691524
0.13031423
0.13695936
0.00676940
0.18609910
0.19235720
0.22498518
0.13898917
0.09033788
0.09820145
0.17324425
0.04296015
0.17441936
0.12499218
0.08225890
0.10375051
0.17255859
0.12130645
0.10038690
0.18033043
0.12306340
0.06655983
0.12578228
0.04979474
0.09841619
0.12221241
0.13706855
0.13913301
0.08803602
0.13819908
0.12382123
0.09832675
0.14327276
0.10346606
0.14381233
0.19809180
0.09352157
0.04932188
0.20811960
0.15567826
0.07839241
0.15641007
0.09238502
0.12165564
0.10862908