0.10090737
0.08972104
0.09142020
0.08280941
0.14765511
0.14074236
0.14453611
0.13057356
0.17308040
0.08782192
0.11804621
0.08742313
0.08278585
0.10921071
0.13288325
0.07419111
0.04588202
0.17172508
0.10054438
0.06024148
0.11037948
0.12223902
0.08824956
0.06458107
0.15826672
0.11349007
0.06707422
0.06748778
0.16793782
0.06340935
0.07148743
0.06297170
0.07085246
0.05331542
0.03659587
0.12490842
0.10788343
0.11194972
0.10927828
0.14221764
0.13401216
0.08513140
0.04683992
0.11600471
0.09612519
0.07839916
0.18329103
0.09689594
0.11325953
0.10611969
0.10834155
0.11961335
0.11531908
0.07899048
0.23576660
0.13666563
0.12234866
0.06171573
0.08328959
0.13373597
0.06351162
0.11295585
0.04938161
0.14342621
0.07799659
0.09665451
0.15199350
0.06494316
0.11816378
0.15327786
0.09258114
0.08669969
0.10228354
0.07585699
0.05038612
0.04877566
0.14136538
0.03242347
0.07593457
0.08737364
0.10629616
0.20107475
0.08833578
0.07528067
0.10915229
0.12716796
0.13871382
0.11157036
0.07299584
0.10958766
0.08720266
0.12229954
0.14020281
0.09868506
0.09223448
0.10498165
0.10137624
0.05331001
0.12843725
0.07155794
0.15032023