0.07498821
0.93972701
0.94314104
0.93404138
0.94904399
0.94797808
0.94133359
0.94067526
0.94960868
0.95163035
0.94740403
0.94480133
0.92768532
0.95245117
0.94141012
0.94683921
0.94646585
0.94298846
0.92637664
0.93951011
0.94525093
0.93241388
0.93946207
0.94460917
0.94182855
0.93944281
0.94249892
0.93637329
0.92489022
0.92765200
0.92654818
0.93172789
0.93810165
0.93006778
0.93755484
0.94272691
0.92234862
0.92679054
0.94331145
0.93150544
0.94866723
0.93825442
0.95046401
0.94351500
0.94595981
0.92851907
0.95263690
0.93010604
0.94573480
0.92083514
0.93608773
0.93652183
0.92988253
0.94166732
0.93928283
0.95020860
0.93945312
0.91750193
0.93577009
0.94036621
0.94061923
0.94527757
0.94133532
0.94340301
0.93500119
0.93329698
0.94150031
0.94713092
0.95350319
0.94789016
0.95309389
0.95352203
0.94944322
0.94156075
0.93353415
0.94282997
0.93965805
0.94851387
0.93949378
0.93283111
0.92525643
0.92105234
0.94543481
0.93756711
0.92231095
0.94905353
0.94081664
0.93170255
0.92759818
0.92827529
0.91372085
0.92615294
0.93174011
0.93343425
0.95823950
0.94472712
0.93887544
0.92952693
0.94609475
0.91393524
0.91543025