0.07852264
0.91111130
0.91539222
0.92247385
0.92652547
0.91276896
0.91910714
0.93110269
0.92214876
0.92808920
0.91976708
0.92162699
0.93225390
0.91961980
0.89887065
0.90208745
0.91416216
0.93521905
0.92260963
0.92091101
0.92969900
0.89999861
0.93340027
0.91493499
0.90999818
0.92408150
0.92238373
0.91393149
0.91193479
0.90133834
0.91709882
0.90911317
0.91403306
0.92363387
0.92193085
0.91087157
0.92407477
0.91826856
0.92614263
0.92017478
0.91969001
0.93912107
0.92389923
0.91580909
0.91178602
0.92507803
0.92288780
0.91346902
0.94157082
0.92797709
0.91708815
0.90516800
0.92717087
0.91576189
0.92363596
0.91155654
0.90272683
0.91021609
0.92718720
0.91168547
0.92482305
0.90758812
0.92632043
0.92819762
0.91585165
0.91931635
0.92408645
0.93114710
0.92751956
0.93464464
0.92737317
0.91632140
0.92652464
0.91850007
0.90509856
0.92012078
0.91578138
0.90336019
0.91450685
0.92931694
0.92467034
0.90320468
0.91416365
0.91882843
0.92795515
0.91322792
0.93429804
0.91337830
0.91652352
0.92358118
0.90574509
0.90021348
0.90971285
0.91060686
0.89637965
0.89051020
0.90877968
0.90892118
0.91226733
0.90212119
0.91519880