0.08686347
0.92793250
0.94681275
0.95417124
0.93825316
0.93049026
0.92763412
0.94528908
0.93778855
0.94336230
0.94877619
0.95095658
0.94725871
0.95079863
0.94952166
0.94617903
0.94748366
0.95138758
0.94274378
0.94359702
0.93954253
0.93473190
0.94388890
0.93588483
0.94031572
0.93986374
0.94879663
0.93619418
0.94973081
0.93032694
0.95052701
0.95002824
0.93684793
0.94095767
0.95564759
0.94645888
0.94024110
0.95446616
0.94008636
0.93677580
0.94339269
0.95560616
0.93744093
0.93952066
0.94258249
0.94207352
0.94269460
0.94656289
0.94171679
0.93498611
0.94580644
0.95129222
0.95350844
0.93685561
0.94669664
0.94758528
0.94998604
0.93686575
0.95240504
0.95882028
0.94499898
0.94564128
0.94087034
0.93555939
0.94964164
0.94372922
0.94364321
0.94042647
0.95175201
0.95290029
0.93524653
0.93131262
0.95054358
0.94782019
0.93790537
0.95260537
0.95140600
0.95465499
0.95110393
0.94878989
0.94352269
0.94205642
0.94238043
0.94612384
0.94497865
0.93698746
0.95432585
0.95370883
0.94300711
0.95738512
0.95300776
0.95534086
0.94917279
0.94467622
0.93934268
0.93869865
0.95508814
0.94930619
0.94750816
0.94454747
0.93944842