0.07852264
0.95920664
0.96057165
0.96202308
0.96779490
0.96293724
0.96811157
0.96752661
0.96349913
0.96736038
0.97402221
0.96615899
0.97104335
0.96867132
0.94999254
0.96236128
0.95347983
0.96348548
0.95445555
0.95254606
0.96429652
0.94702071
0.96272957
0.95321172
0.95405722
0.94168532
0.95216566
0.95931154
0.95228797
0.95226133
0.96218270
0.96241218
0.95536637
0.95447344
0.95297647
0.94634658
0.95941770
0.95654410
0.95786935
0.94707561
0.95030707
0.93934828
0.94080031
0.95226789
0.93377912
0.96146303
0.95253915
0.95055097
0.95133483
0.96053642
0.95943177
0.95182455
0.95525277
0.95179331
0.96063578
0.95500368
0.95442027
0.95522851
0.96023458
0.95500642
0.94931310
0.96046072
0.95702726
0.96095312
0.95237732
0.96559274
0.95329863
0.96397859
0.95828664
0.96668059
0.96246237
0.95740181
0.96545529
0.95445383
0.96303934
0.95078927
0.96638221
0.95127678
0.95603424
0.95428538
0.95725173
0.95571518
0.96419197
0.95449036
0.94998366
0.95917511
0.96261334
0.95587152
0.95731682
0.95404971
0.96215296
0.96392494
0.96232033
0.95866400
0.94819444
0.95471716
0.95516658
0.95599037
0.96241301
0.96197510
0.96067202