0.13204351
0.80227149
0.84645331
0.83578664
0.86024237
0.83396226
0.84228486
0.85615700
0.85633570
0.86773127
0.87087196
0.86698282
0.87202626
0.85235023
0.81252271
0.85871279
0.86921614
0.85951477
0.83086282
0.87229013
0.85912859
0.84416747
0.86092341
0.87335259
0.80415678
0.87136078
0.85744905
0.86456841
0.82206643
0.85879189
0.85656065
0.87344152
0.88468611
0.87193507
0.84921491
0.87863100
0.86187387
0.85241246
0.85624522
0.83578062
0.85393244
0.86146581
0.83431351
0.80190486
0.85121053
0.85473245
0.83756965
0.85898322
0.85107404
0.83861470
0.85546470
0.84062415
0.86175394
0.84116578
0.83422071
0.86524630
0.82235533
0.86292434
0.83922464
0.85437095
0.82463944
0.82991546
0.84357125
0.86248934
0.81981981
0.85697556
0.85384995
0.85893500
0.84745961
0.86214989
0.86456573
0.85119599
0.85663337
0.83274984
0.85960340
0.87345105
0.81400549
0.88868833
0.84103811
0.83389306
0.87441057
0.82711387
0.83120328
0.85404456
0.87583852
0.80734223
0.82775879
0.84092993
0.83029985
0.85087204
0.84955114
0.86666834
0.89670300
0.82218409
0.85206985
0.88531446
0.86458063
0.83655715
0.86280543
0.85608411
0.82921320