0.05043321
0.92492121
0.91588783
0.92326134
0.90536124
0.91330409
0.89657569
0.90176702
0.90013510
0.90602905
0.89489764
0.91159338
0.89423108
0.89963317
0.91194689
0.91801780
0.91006845
0.89790237
0.91313767
0.90786523
0.92852271
0.88727576
0.90899652
0.88842750
0.91126055
0.88255143
0.90332979
0.91639405
0.90432090
0.90636611
0.90787417
0.90881085
0.92735481
0.91740149
0.90460533
0.92181665
0.92352319
0.92052996
0.90361780
0.92631429
0.89303118
0.91801333
0.91518754
0.90309042
0.92269033
0.93014586
0.92911935
0.91883105
0.91887116
0.89762151
0.92869151
0.91815537
0.91056097
0.91934693
0.89905584
0.91247642
0.92029929
0.90706551
0.90697116
0.91208518
0.92139071
0.92185837
0.89729655
0.91825378
0.91959059
0.90120894
0.92116362
0.90708971
0.90016729
0.90527695
0.91167527
0.90494365
0.91693336
0.89081329
0.88286501
0.91897011
0.89644599
0.92488897
0.91194612
0.92552191
0.90866244
0.90511376
0.93025589
0.91794741
0.90805453
0.91163427
0.90619606
0.90100038
0.91586715
0.92640442
0.91757452
0.90301430
0.90578026
0.90831232
0.92520505
0.90705025
0.91581702
0.88848460
0.91965806
0.91274202
0.89792258