0.17855704
0.95995843
0.95343268
0.96155488
0.95615995
0.95662165
0.95218039
0.96144265
0.95031846
0.95238870
0.95952088
0.95571458
0.95760781
0.95304811
0.96433908
0.95520419
0.96121812
0.95485824
0.96237200
0.95904469
0.95877373
0.95766044
0.95426148
0.96223086
0.95423317
0.94876200
0.96275651
0.95273966
0.95503372
0.95581686
0.94860506
0.95801514
0.95497894
0.95760870
0.95851552
0.95778787
0.96149057
0.95184958
0.96908957
0.95817107
0.95532721
0.95303690
0.95947838
0.95520037
0.95679802
0.95417100
0.95130271
0.95582056
0.95980459
0.95407540
0.95834816
0.95372480
0.96117282
0.95761269
0.95101649
0.95184249
0.95877028
0.95457214
0.95257157
0.95937765
0.95563614
0.95983022
0.95669085
0.96032196
0.95682108
0.95610738
0.96004832
0.95383620
0.96095765
0.95845634
0.94733232
0.95564133
0.95393491
0.95444703
0.95789927
0.95467657
0.94923747
0.95736063
0.96206266
0.95270640
0.95799065
0.95168132
0.95369506
0.95171958
0.95562172
0.96282226
0.95133626
0.96627098
0.95375001
0.94870126
0.95725846
0.95645547
0.95486850
0.95774478
0.94538951
0.95757324
0.95443869
0.95647973
0.95788074
0.94939560
0.96130401