0.14959984
0.96426344
0.96911871
0.96312881
0.96669942
0.97146392
0.97005218
0.97322279
0.96707201
0.95914596
0.96646369
0.96167129
0.96164495
0.97656435
0.96551460
0.96711326
0.95344955
0.96830153
0.95616323
0.96040726
0.95130521
0.95668489
0.95496392
0.95948172
0.94821960
0.95522410
0.95358163
0.96701694
0.96508431
0.96366090
0.96786332
0.96218306
0.97313315
0.97766691
0.96475214
0.96649122
0.96352178
0.95789790
0.96274942
0.97303039
0.96466613
0.96208900
0.96442515
0.96207643
0.97511029
0.96589053
0.96142244
0.96379995
0.96272308
0.96322280
0.96553403
0.96780264
0.95606250
0.96789587
0.96030802
0.96001619
0.95318609
0.96509558
0.95852137
0.95667005
0.96139205
0.95469177
0.95775312
0.97003889
0.96353090
0.97339869
0.96639669
0.95906037
0.96469998
0.96835703
0.96433085
0.96410042
0.96345413
0.96733439
0.96668220
0.96647257
0.96761519
0.96272904
0.96949887
0.95806503
0.96018523
0.96019745
0.96132588
0.96308208
0.96070093
0.96342051
0.97260886
0.95915765
0.95325398
0.96577615
0.96783394
0.97236943
0.96377349
0.96754235
0.97524953
0.96235651
0.95943129
0.96626115
0.96358091
0.95170707
0.94982809