0.10973397
0.95313704
0.95346832
0.95183504
0.96349680
0.96760833
0.95911157
0.96808505
0.96432418
0.95739245
0.96608853
0.97014308
0.96289766
0.97000527
0.95179296
0.97046632
0.96917081
0.96369636
0.96369165
0.96149045
0.96562487
0.96787894
0.96361262
0.96305686
0.96029776
0.95562834
0.95548320
0.96051842
0.96163559
0.96574140
0.96363372
0.96234161
0.96052450
0.95648837
0.96722388
0.96624136
0.96895951
0.95992094
0.96945649
0.95766068
0.96456981
0.95803744
0.95489073
0.95917892
0.96360338
0.95455915
0.96103615
0.95874757
0.95295751
0.96427721
0.96028757
0.96291387
0.94965452
0.95621163
0.95029497
0.95451844
0.95043188
0.94548327
0.95831817
0.95786458
0.95746386
0.95652258
0.95930481
0.95061249
0.95910913
0.96708846
0.97015619
0.96649897
0.94747198
0.95342094
0.95554519
0.95429671
0.95111066
0.94851303
0.95260054
0.94572985
0.94903511
0.95854300
0.95825493
0.96151280
0.96409535
0.95743227
0.96071577
0.95727038
0.94702560
0.95760733
0.95051056
0.94793475
0.95128119
0.96423757
0.96418273
0.94726747
0.96467972
0.95987773
0.95961678
0.96144861
0.94965655
0.95256805
0.95189834
0.95176339
0.95046705