0.04433002
0.95112580
0.94979775
0.95246100
0.95538634
0.94791085
0.94529635
0.94548523
0.94560277
0.95549798
0.95533788
0.94887263
0.95762587
0.94636118
0.95553690
0.94990778
0.94943094
0.95762825
0.95122904
0.96044302
0.96140081
0.94676298
0.95053667
0.95259631
0.96035922
0.95991898
0.95313925
0.94320351
0.95579857
0.94927061
0.96317381
0.95028758
0.95242381
0.94174057
0.96063751
0.94885981
0.95512938
0.96220076
0.95215440
0.95258158
0.95604587
0.95047998
0.95831764
0.95504868
0.95480275
0.95555550
0.96058327
0.95384836
0.95898759
0.95345795
0.95099449
0.95583999
0.95288199
0.94508970
0.95846748
0.95189798
0.95319742
0.95089698
0.95872724
0.95039719
0.94563347
0.94573754
0.95370096
0.94532502
0.94503999
0.94184411
0.95632625
0.95286202
0.94619149
0.94643140
0.95523852
0.94618696
0.95160311
0.95298553
0.95997590
0.95077997
0.95550817
0.95671386
0.95295793
0.95242453
0.95364463
0.94819468
0.95499581
0.95272005
0.95360041
0.96248740
0.94820505
0.96064359
0.95545161
0.96702462
0.95033735
0.95408827
0.95765793
0.95650184
0.96101046
0.94832450
0.94829774
0.95531183
0.95584708
0.95487261
0.95193124