0.14954217
0.96764290
0.97207963
0.97864485
0.97358155
0.97399282
0.97344202
0.97489744
0.97291696
0.97212923
0.97485238
0.97763216
0.97201347
0.98146415
0.97606641
0.97980809
0.97524714
0.98012233
0.97645217
0.97608548
0.97714269
0.97367877
0.97679383
0.97109485
0.97808343
0.97986674
0.97833204
0.98013800
0.97689193
0.97553873
0.97859246
0.97379410
0.96686220
0.96710587
0.96748197
0.97639167
0.96949857
0.96078628
0.96577382
0.96708381
0.96398187
0.96115583
0.96077645
0.96526772
0.96481454
0.97494143
0.97264755
0.96537608
0.95981681
0.96343112
0.96687025
0.96816969
0.96743846
0.97096604
0.96556181
0.96933746
0.96966475
0.97239602
0.97035402
0.96352357
0.96913195
0.97652608
0.96011603
0.96351540
0.95972013
0.96463728
0.95372790
0.95625991
0.95899963
0.96961594
0.96915919
0.96122289
0.97140497
0.96509993
0.96937281
0.96147257
0.96117187
0.96705544
0.96194440
0.96390694
0.96159798
0.96599245
0.96963447
0.97379571
0.97449148
0.97669554
0.97097510
0.97329241
0.97173470
0.97983801
0.97099841
0.97776502
0.98029333
0.97357422
0.97751588
0.97963709
0.97954458
0.97803605
0.97934210
0.97468573
0.98294520