0.07551902
0.93317419
0.93123770
0.94045156
0.93347383
0.93301082
0.93248332
0.93331772
0.93320960
0.94229835
0.92632979
0.93000621
0.94382071
0.92825294
0.93715066
0.92888814
0.92552382
0.93123937
0.93723297
0.93504667
0.93200564
0.93147033
0.94713557
0.94388640
0.93458617
0.94124979
0.93532634
0.92169189
0.93729556
0.92705506
0.92797178
0.94041514
0.94945407
0.93341750
0.93940866
0.93672252
0.93596768
0.93339837
0.93178123
0.94135225
0.94135231
0.93767691
0.93094707
0.93953675
0.93353325
0.93417501
0.93719751
0.95003921
0.93786967
0.94712496
0.93181908
0.94434065
0.93293709
0.93490815
0.93792719
0.93671846
0.93467271
0.92923129
0.93041110
0.93926978
0.94000548
0.93661439
0.94233268
0.93023169
0.93418205
0.93885195
0.92940187
0.92490608
0.92930245
0.93382800
0.94961089
0.92924118
0.93505979
0.93952280
0.94953567
0.94155937
0.93990195
0.94074941
0.93179888
0.92026138
0.93500400
0.93792635
0.93694967
0.93536568
0.93267494
0.94159991
0.93502241
0.93494177
0.93449509
0.94279784
0.93332291
0.93750644
0.93077880
0.94063497
0.93302375
0.94205672
0.94275206
0.93512160
0.93433380
0.92753047
0.93863034