0.09925324
0.95733130
0.95580912
0.95844918
0.95168275
0.96279126
0.95862466
0.97241598
0.96024817
0.96223617
0.96729845
0.97239840
0.96730971
0.96788925
0.96828741
0.96117127
0.96321374
0.95766389
0.96490282
0.95195031
0.95448530
0.94974279
0.95512927
0.95198393
0.95245814
0.94401252
0.95932341
0.96501380
0.95449156
0.96461695
0.95923907
0.97327036
0.96310556
0.97269511
0.96710700
0.96879339
0.97052217
0.96334672
0.95833343
0.97014755
0.96388251
0.96585554
0.96721697
0.96514589
0.96867996
0.96953809
0.96450877
0.96905297
0.95653147
0.97167963
0.96415854
0.96914965
0.96401948
0.96217561
0.95477986
0.96885473
0.96122551
0.96727371
0.96122169
0.97069716
0.95574576
0.95893836
0.96866196
0.96699643
0.96719009
0.96120369
0.95490402
0.97080827
0.97209007
0.97229695
0.96325326
0.95612901
0.96871138
0.96193236
0.96260393
0.95725733
0.96987069
0.96975076
0.95948493
0.96910346
0.96775007
0.97167450
0.96893728
0.95930749
0.96622086
0.95268106
0.95082468
0.95708048
0.95782411
0.96070379
0.96788895
0.95552206
0.94922370
0.96721125
0.96455556
0.96673620
0.95723128
0.96560198
0.95645791
0.95596862
0.96036553