0.08970623
0.94804049
0.94213235
0.93937021
0.94271970
0.94471878
0.94772774
0.93891096
0.94798601
0.93807274
0.95332855
0.94725066
0.94516534
0.95747000
0.95857203
0.94757330
0.95308596
0.95261592
0.94958383
0.94952643
0.94077104
0.95822638
0.95732260
0.94869906
0.95402658
0.94366241
0.94649702
0.95401627
0.93796539
0.95645797
0.95703775
0.94780058
0.94632739
0.95005244
0.94290900
0.94148833
0.94809669
0.94705367
0.94242090
0.94640380
0.94451571
0.94538277
0.94716001
0.93778920
0.95346522
0.94985443
0.95006150
0.94643211
0.93285698
0.94144541
0.94486451
0.95262969
0.95270383
0.94176149
0.94735563
0.93663621
0.96621400
0.95512611
0.95556557
0.96234572
0.96046823
0.95160455
0.95957017
0.95578277
0.94701934
0.95925009
0.95513135
0.95096105
0.95661986
0.95812380
0.94667894
0.94094241
0.94283593
0.94953191
0.94363838
0.94742417
0.94585645
0.93166995
0.94456208
0.94082564
0.94226050
0.94726491
0.94047636
0.94568330
0.95261931
0.94533789
0.95495468
0.95104575
0.95074213
0.94240499
0.93781149
0.94452971
0.95151544
0.93509620
0.94671988
0.94289076
0.94799387
0.94751513
0.94211924
0.94720536
0.95178306