0.10194013
0.92293471
0.94181544
0.91672015
0.91062409
0.93152297
0.92902184
0.91022825
0.92160779
0.92803133
0.92835307
0.92261374
0.92673993
0.92222673
0.91662401
0.92908478
0.91764665
0.91796404
0.91684186
0.92781425
0.91323686
0.90572214
0.91176438
0.92297179
0.92476732
0.90961486
0.93126428
0.91620862
0.91579902
0.92635351
0.92435408
0.91042984
0.91004258
0.91315192
0.92656022
0.91544539
0.91681623
0.92579764
0.93142420
0.92050380
0.92270529
0.92116845
0.92167932
0.92658877
0.92366529
0.91964984
0.93461347
0.92598271
0.93025315
0.92864823
0.92464370
0.92499024
0.91183203
0.92196602
0.91820318
0.93257815
0.93313986
0.91901678
0.92516768
0.92208475
0.92682320
0.93205363
0.91781688
0.93020546
0.91639680
0.93267477
0.91461593
0.91086549
0.90788108
0.91163033
0.93259317
0.91587657
0.91668731
0.93171984
0.93360937
0.92213148
0.92770308
0.91270947
0.93393081
0.91965079
0.93201274
0.92850029
0.92040002
0.93143249
0.91039580
0.91732252
0.91143125
0.92568594
0.92770040
0.92077333
0.91310441
0.92457002
0.92725509
0.92537099
0.92711020
0.92375547
0.92199218
0.91901827
0.93798822
0.92583877
0.91526240