0.13948847
0.64927286
0.69572502
0.70612043
0.73794019
0.77723384
0.70092940
0.73856664
0.79320312
0.78773326
0.78983688
0.74951094
0.80618852
0.78062707
0.74268687
0.75886190
0.72700334
0.67796469
0.74139017
0.75202179
0.71801728
0.70569640
0.70438606
0.69003224
0.71823305
0.70145661
0.74589938
0.75998652
0.71228653
0.70534444
0.74640673
0.75611526
0.75650370
0.73625511
0.68841177
0.78183287
0.78636247
0.73161674
0.73893619
0.78370196
0.75529832
0.70051122
0.79039609
0.72390032
0.73930365
0.81209427
0.72462076
0.76172256
0.74528664
0.74994284
0.72161102
0.78391153
0.77792770
0.73666191
0.75788635
0.73079461
0.76120710
0.72056651
0.73692667
0.70069581
0.77223152
0.71233457
0.78176111
0.73880959
0.80377489
0.71848589
0.66209102
0.77845538
0.78053683
0.70455498
0.77073890
0.74588931
0.76013893
0.68870771
0.77939254
0.78796196
0.69337416
0.66801471
0.71224976
0.78268850
0.77021056
0.63042551
0.78012186
0.81594467
0.71940732
0.77967399
0.75464445
0.75147742
0.60105509
0.71726441
0.71076554
0.70240957
0.76614922
0.76799411
0.75472140
0.77886581
0.79620904
0.65885621
0.75459832
0.69748491
0.76594329