0.05321941
0.12255062
0.14566499
0.10703016
0.15024690
0.12679705
0.12226838
0.20236050
0.07842366
0.06225944
0.08482493
0.10213214
0.20146433
0.08714980
0.14827375
0.20777437
0.31078616
0.06688258
0.13312683
0.09992591
0.13296878
0.14998233
0.19118594
0.05404186
0.17657444
0.14425348
0.12285215
0.08532094
0.06676026
0.05361583
0.17590903
0.09906953
0.14603038
0.13932377
0.06801981
0.13776723
0.08343288
0.03923103
0.23815922
0.15847270
0.05240495
0.24004240
0.06622214
0.12943560
0.10876308
0.16642603
0.13830109
0.20344040
0.04715703
0.05255634
0.13626428
0.13731645
0.19508408
0.08718868
0.12976089
0.16708463
0.11840288
0.15557948
0.16785252
0.13608827
0.07071555
0.11738778
0.22754493
0.08484033
0.03897903
0.15383242
0.16931465
0.13534828
0.20238300
0.11003590
0.19629484
0.08124976
0.09390003
0.10171410
0.20837595
0.06056862
0.12819585
0.08881555
0.12229900
0.13430043
0.11578512
0.13805626
0.16744919
0.16004246
0.10134469
0.22872053
0.09671061
0.20092741
0.09647816
0.11790997
0.20290516
0.03802272
0.18461986
0.09552768
0.08543986
0.11076260
0.10823106
0.09238101
0.14088441
0.14518739
0.19345841