0.08970623
0.96214509
0.95607620
0.95997012
0.95676476
0.96066439
0.95506650
0.95567948
0.95835114
0.95935738
0.95807219
0.95293099
0.95462281
0.96134758
0.95191491
0.94555748
0.95550656
0.96216249
0.95342374
0.95793188
0.95303267
0.96254164
0.96181035
0.95779204
0.95959258
0.95458603
0.95642745
0.96335852
0.96078682
0.96049315
0.96101642
0.95585275
0.95962501
0.95941186
0.95097250
0.95399445
0.95062149
0.95371437
0.95289773
0.95065367
0.96246701
0.95704645
0.95665628
0.95521879
0.96080208
0.96248090
0.95530367
0.95086133
0.95324725
0.95481050
0.95808607
0.96191168
0.96559256
0.95904481
0.95344704
0.95600706
0.96697038
0.96371686
0.96783471
0.95941305
0.96100640
0.94848078
0.95753312
0.95643556
0.95330322
0.95929700
0.96124411
0.95866388
0.95959747
0.95961863
0.95441085
0.95541757
0.95402640
0.96229452
0.95402700
0.96042955
0.95474654
0.95661145
0.95485842
0.95207685
0.95889473
0.96374583
0.95133311
0.95267576
0.95527083
0.95834768
0.95923305
0.95466810
0.95396233
0.95430815
0.95459056
0.95467848
0.95830399
0.95387059
0.96019262
0.95376992
0.95793289
0.96018708
0.95453280
0.95377535
0.95557684