0.11598152
0.92035627
0.93725914
0.93551344
0.93137830
0.92873871
0.92916268
0.93902487
0.93556589
0.93457526
0.94402450
0.92825210
0.93666250
0.93538332
0.93725806
0.93660116
0.93819201
0.93418711
0.92942625
0.93894297
0.93144590
0.93424219
0.94097793
0.93259752
0.93965578
0.93225235
0.93678552
0.93425536
0.94277102
0.94386232
0.93520975
0.92572486
0.93613493
0.93771750
0.93565130
0.93914247
0.92656791
0.92061645
0.93738121
0.92959625
0.93025118
0.93086976
0.93596613
0.93599617
0.93576986
0.93974650
0.92186856
0.93209457
0.92950732
0.93386763
0.92873454
0.93008286
0.92263490
0.93153352
0.92298526
0.93361998
0.92736548
0.93363869
0.92803621
0.92405266
0.93161452
0.92846441
0.92744309
0.93138796
0.93747592
0.92109942
0.93049425
0.93634599
0.93421942
0.93539482
0.93791199
0.94153696
0.93311602
0.92837328
0.93251520
0.92861658
0.93398529
0.92809784
0.94403833
0.92512602
0.92302179
0.93317109
0.93802053
0.92658216
0.93624139
0.93282670
0.93605304
0.93115562
0.93618566
0.93299806
0.92334414
0.92870682
0.93381613
0.94977379
0.93623573
0.94431311
0.93483943
0.93844575
0.94318932
0.94420832
0.93835264