0.08236460
0.79481196
0.81755471
0.84716249
0.84180552
0.85422796
0.87264276
0.84554201
0.88122565
0.86729449
0.82456481
0.83342052
0.88713980
0.83057714
0.86129874
0.87557626
0.85725474
0.87825584
0.89177924
0.83686727
0.83457708
0.83096129
0.85303271
0.90345824
0.86749303
0.86240488
0.85023576
0.88197118
0.85016692
0.86972064
0.87819666
0.87558573
0.87978983
0.84549958
0.86454201
0.88961011
0.87152433
0.90128398
0.86698633
0.86564016
0.88316011
0.83676630
0.87844825
0.86822146
0.90607935
0.89093584
0.88322586
0.86543065
0.87971479
0.90116918
0.87386346
0.86903000
0.85213012
0.86844736
0.86806208
0.85664970
0.86105299
0.88109469
0.88612694
0.87651831
0.84684259
0.86221170
0.87250024
0.86947143
0.84875798
0.86245626
0.88983941
0.89652723
0.86442459
0.89597231
0.88459933
0.87904584
0.90009916
0.85701770
0.86795372
0.86356705
0.87171155
0.85784799
0.86206460
0.85873389
0.86656547
0.86183411
0.88350070
0.86488092
0.86857718
0.86976403
0.85767233
0.85963225
0.85071433
0.87498963
0.85321313
0.83721435
0.87983978
0.89834315
0.88228858
0.87519568
0.87223953
0.89474887
0.78874850
0.86893171
0.85470390