0.14341784
0.07546587
0.06882224
0.12493310
0.16552216
0.11296909
0.18980640
0.03245531
0.11630610
0.03815708
0.13131495
0.14300665
0.05724423
0.07383487
0.13229610
0.16375676
0.11607317
0.10667177
0.13159056
0.11089017
0.15965031
0.03604924
0.09723343
0.18772900
0.04984215
0.06524346
0.14163458
0.09740009
0.14483066
0.10976461
0.19457892
0.15900917
0.05898266
0.07404198
0.14709292
0.18443342
0.12210535
0.14050597
0.05684968
0.10151179
0.13284338
0.15562195
0.23109783
0.18607542
0.12656830
0.09885702
0.04753785
0.11703250
0.03063647
0.12719761
0.16046268
0.08051834
0.10943196
0.05028572
0.13611482
0.11574088
0.14261624
0.13436434
0.12841037
0.11166614
0.14625856
0.07398209
0.08123307
0.20416388
0.09201138
0.16838001
0.09856247
0.12211796
0.20722036
0.04895161
0.16267933
0.08091719
0.06728183
0.11328947
0.16449152
0.12715822
0.04328824
0.15415104
0.17329425
0.25623530
0.11094543
0.18115759
0.12406411
0.10928216
0.06090086
0.16048449
0.12598363
0.14702313
0.11085805
0.04290724
0.08574770
0.08625545
0.17084271
0.04392986
0.08348256
0.10560946
0.13807108
0.03635392
0.06304232
0.16510838
0.08764250