0.09254986
0.94621819
0.94369590
0.95663923
0.95568901
0.97324640
0.97051668
0.96421725
0.96394658
0.96456826
0.97034013
0.96537137
0.98046005
0.97389960
0.96884257
0.97381407
0.97290468
0.98091590
0.97955096
0.97330374
0.97604018
0.98221278
0.96599793
0.96731287
0.96905220
0.97077334
0.97377825
0.96361768
0.96773428
0.97619921
0.96880114
0.97256035
0.97286171
0.97560644
0.97390485
0.97374064
0.98167956
0.97610444
0.97701424
0.97386670
0.97872001
0.97528213
0.97385019
0.96254557
0.97427481
0.96981150
0.97604734
0.97321647
0.98045039
0.96880561
0.97953206
0.96918380
0.96116018
0.95713454
0.95558077
0.96499896
0.94598007
0.95198989
0.96248037
0.96112925
0.96130830
0.95966458
0.96408647
0.95368063
0.96426493
0.94439811
0.94826651
0.95268410
0.94305056
0.95132226
0.94749480
0.95244688
0.94911486
0.94549072
0.95248622
0.95766318
0.94972932
0.94132912
0.95758003
0.96113050
0.96258372
0.95711082
0.96203923
0.95363182
0.94842494
0.96015733
0.95785105
0.96122396
0.95641780
0.96524996
0.95289493
0.95910889
0.96058583
0.96051818
0.94728279
0.94589007
0.95612609
0.94375056
0.95931983
0.96708941
0.96979874