0.03719526
0.94536608
0.94138980
0.93419546
0.94498688
0.95891988
0.94828194
0.93766856
0.95091081
0.93794614
0.94301414
0.94012010
0.93764478
0.93616313
0.95097905
0.94532591
0.93510938
0.94585109
0.94406867
0.93962973
0.94588393
0.92427039
0.94614732
0.94080186
0.94201136
0.94147682
0.94534647
0.94622970
0.93891531
0.94364142
0.94459224
0.96005744
0.95160919
0.95057327
0.94003767
0.94083792
0.93814027
0.94489449
0.94651163
0.93184191
0.93336016
0.92868692
0.94272453
0.94781762
0.93082297
0.94409364
0.94267190
0.94704819
0.94301987
0.93240702
0.95239812
0.94704026
0.94400001
0.94279999
0.94831777
0.93991637
0.92107588
0.93736911
0.94236624
0.94946551
0.93759179
0.94795752
0.94189698
0.94732183
0.95053363
0.94625467
0.94313127
0.93963563
0.93420291
0.94009042
0.94899237
0.94521230
0.94367814
0.92900360
0.93710947
0.92870086
0.93675238
0.93900812
0.93439859
0.92343467
0.93811202
0.92966652
0.92267275
0.93888003
0.93993562
0.94368804
0.93681777
0.92802489
0.94686186
0.94458473
0.94105756
0.94271559
0.94535136
0.94585901
0.93457037
0.95041162
0.94341820
0.95272303
0.93402725
0.94377548
0.94793999