0.03719526
0.96965188
0.95763010
0.95944262
0.95878947
0.97735649
0.96600854
0.95830327
0.96674323
0.95553887
0.95968848
0.96255952
0.95505273
0.95251501
0.96653438
0.96894026
0.95675057
0.95712113
0.96400762
0.96375602
0.96518707
0.95163023
0.96096754
0.95496994
0.95847976
0.95615983
0.96059889
0.96058553
0.96388930
0.96081620
0.95847940
0.96853346
0.96562994
0.95941633
0.95969146
0.95856500
0.96080804
0.96016634
0.95747834
0.95034301
0.95679826
0.95564872
0.97194517
0.96829414
0.94797766
0.96558249
0.96412325
0.96248847
0.95762151
0.94994664
0.95572203
0.95598000
0.95952857
0.96610039
0.96140754
0.96480477
0.94975817
0.96733087
0.96095002
0.96694750
0.95861197
0.95932609
0.96186918
0.96802443
0.96683723
0.96278590
0.96844840
0.95662415
0.95785379
0.95945275
0.96531385
0.96477157
0.96059525
0.95777810
0.96215302
0.96006608
0.96028817
0.95833707
0.95934671
0.95188934
0.96060580
0.95740449
0.95865023
0.96027184
0.96472174
0.95337850
0.95925492
0.95276380
0.95967400
0.95793897
0.95811683
0.96498907
0.96856123
0.96267462
0.95005769
0.96285439
0.94893372
0.95940077
0.94986099
0.95285070
0.95935899