0.09369902
0.94074416
0.93424201
0.94657546
0.94325179
0.95538229
0.95319366
0.94824463
0.94617218
0.95223117
0.94052070
0.93812239
0.92708480
0.94605392
0.94776487
0.94558632
0.95139176
0.93385541
0.94315904
0.94024438
0.94707292
0.94897300
0.95362419
0.94772822
0.95936584
0.95501173
0.95609915
0.95897329
0.94405627
0.94618440
0.95684296
0.95732707
0.94723487
0.94393677
0.95049495
0.94323945
0.94922608
0.95305824
0.94716895
0.95351744
0.95267898
0.95188797
0.95389575
0.95777941
0.95498025
0.95692551
0.94552332
0.95444840
0.95269042
0.94964200
0.95419455
0.95320952
0.95819712
0.96207535
0.94977427
0.94828546
0.95111221
0.95134538
0.95083255
0.94018096
0.94943053
0.95005316
0.94457144
0.95249343
0.94960940
0.94263804
0.95246261
0.95497805
0.94299173
0.94090956
0.94593817
0.94263911
0.94926208
0.94984305
0.94578612
0.94795442
0.93949282
0.93542963
0.94296396
0.94240540
0.94339293
0.94317657
0.93600565
0.93610263
0.93361491
0.93730497
0.94416499
0.95087248
0.93928087
0.95044798
0.93797171
0.93369567
0.94403130
0.94959092
0.93622512
0.95844793
0.95119631
0.95278239
0.96375334
0.95647025
0.95565200