0.07450834
0.94309700
0.93173754
0.93504643
0.93780875
0.94401670
0.93904632
0.93755287
0.94473577
0.94963437
0.94280452
0.94865555
0.94259053
0.94140071
0.94163811
0.95147967
0.95355254
0.93154800
0.93989581
0.93295622
0.94426435
0.94872415
0.94030982
0.91936982
0.94087100
0.93471342
0.95072001
0.95086372
0.93268996
0.93999457
0.92325759
0.93696856
0.91948098
0.94664812
0.93301439
0.93837148
0.92062277
0.94673598
0.93621325
0.93378860
0.95092249
0.94707072
0.94972062
0.94904363
0.94162285
0.95188940
0.95401770
0.94016761
0.94785219
0.93664938
0.94038904
0.94967914
0.94991159
0.94459158
0.94497687
0.94869584
0.94650537
0.94371241
0.94487739
0.94725913
0.95191705
0.94502717
0.95443583
0.95697093
0.95901680
0.94944608
0.95032120
0.94965559
0.93595064
0.94862032
0.95035571
0.94420123
0.95029855
0.95690399
0.93656236
0.94154108
0.94494826
0.93345267
0.93612343
0.94811910
0.94432801
0.94744223
0.94476813
0.95092398
0.93655699
0.95161569
0.93454552
0.93859237
0.93197691
0.93440384
0.94717520
0.93726915
0.93965638
0.92461973
0.93070358
0.92545629
0.93223035
0.92670041
0.92235506
0.94515306
0.94312888