0.14325123
0.96181101
0.96045655
0.94729722
0.95967323
0.95477903
0.95513594
0.95306486
0.96010071
0.97019434
0.96458101
0.96475416
0.95814496
0.95890349
0.94830126
0.95785528
0.94668931
0.95712644
0.94266349
0.94784987
0.95371282
0.95955247
0.95276880
0.95855850
0.96187699
0.96056801
0.96580046
0.96889406
0.95736128
0.95758110
0.96825337
0.95730561
0.95341653
0.95676774
0.94381529
0.95696098
0.96650946
0.95299333
0.95098186
0.96461076
0.95718986
0.95941651
0.96683997
0.96187699
0.97022033
0.96595544
0.95697290
0.96619761
0.96281397
0.96033859
0.94915938
0.95411080
0.95847315
0.95130044
0.95246625
0.96947408
0.96233428
0.95021713
0.96294314
0.96072733
0.96001917
0.95499510
0.95755243
0.97090650
0.96906352
0.95632833
0.95941144
0.95280594
0.96103358
0.95605695
0.94970548
0.95439100
0.95305234
0.95910162
0.94985271
0.95133764
0.94942826
0.95379782
0.95664233
0.97010934
0.95775384
0.96320701
0.96699953
0.96085924
0.96052259
0.96364534
0.96046317
0.96622747
0.96118838
0.96030760
0.96070665
0.94960970
0.96560639
0.97042686
0.96909106
0.95893586
0.95880598
0.95625609
0.94560957
0.95805174
0.96567297