0.14959984
0.80661142
0.81052864
0.80124772
0.84624159
0.84155035
0.82760429
0.86175561
0.82140243
0.82964236
0.81861901
0.80596566
0.88098496
0.88019484
0.87945402
0.87293518
0.86070383
0.90024096
0.85482550
0.83904022
0.84641844
0.82437629
0.85935038
0.81551254
0.87327504
0.88629907
0.87368470
0.86857605
0.85785502
0.85320801
0.84626031
0.86789972
0.86541939
0.89450645
0.87978643
0.85534060
0.87851012
0.85933203
0.87149245
0.85510981
0.86450529
0.84965152
0.85425550
0.85212266
0.86063731
0.87745607
0.87625754
0.87652802
0.87429738
0.88664216
0.87875575
0.84943300
0.82212329
0.83378303
0.85013199
0.83313173
0.84179199
0.84583163
0.86086726
0.85731679
0.85559487
0.87269342
0.85608751
0.86244529
0.88661987
0.88391685
0.86641258
0.87493330
0.87544656
0.87164885
0.86748487
0.88574350
0.87092745
0.87066048
0.84046471
0.86120468
0.85646009
0.83161622
0.84673667
0.86985213
0.86879188
0.85406798
0.86248732
0.88458925
0.85713696
0.81504625
0.88258302
0.87101454
0.82573664
0.83887982
0.85703695
0.88182074
0.89714605
0.89468253
0.86888427
0.86551261
0.86021864
0.86084551
0.86198980
0.83822328
0.83653992