0.06998644
0.96986848
0.96986055
0.96461600
0.96530825
0.96102411
0.96525103
0.97066522
0.96638024
0.96095961
0.96788323
0.96907878
0.96797323
0.96933687
0.96403784
0.96898329
0.96558821
0.97159636
0.96298510
0.97432017
0.97160012
0.96793550
0.96631330
0.96484786
0.96835732
0.96528608
0.96251696
0.96875513
0.96331906
0.96599579
0.96393371
0.96291715
0.96069372
0.96379995
0.96378326
0.96860105
0.96731925
0.96198535
0.96709514
0.96916634
0.96420121
0.96246362
0.96367270
0.96953255
0.97002429
0.97253108
0.96536559
0.97410971
0.96990889
0.96303153
0.96817863
0.96891403
0.96861029
0.96374780
0.96681207
0.96337998
0.96673739
0.96850884
0.96590364
0.97225839
0.97026169
0.97218913
0.96814048
0.96749234
0.96607786
0.96338600
0.96229243
0.96617913
0.96397841
0.96481711
0.96555471
0.96900690
0.97467154
0.96982592
0.97062659
0.97016031
0.97296870
0.96202189
0.96517533
0.96795791
0.96701515
0.96891248
0.97435415
0.95948279
0.97215867
0.96729165
0.97732025
0.97253853
0.96862143
0.96804535
0.96854621
0.96875024
0.96624166
0.97190255
0.96828926
0.96860993
0.96372366
0.97180158
0.96270061
0.96887088
0.97067153