0.07251303
0.95568579
0.93406975
0.93839151
0.94585288
0.94491661
0.96219182
0.95797217
0.95859206
0.95725167
0.96045518
0.96086454
0.94712859
0.94765139
0.94696122
0.94608963
0.93942612
0.94301337
0.96186697
0.94123071
0.94742930
0.95381439
0.94947898
0.93680567
0.94701898
0.95176834
0.93511581
0.95145625
0.94695508
0.95946032
0.94062102
0.96410960
0.95051217
0.94547063
0.96088678
0.95369357
0.95072138
0.94402617
0.95495576
0.94762731
0.94448823
0.93809021
0.94533730
0.93646979
0.95618796
0.94934708
0.94271016
0.95371497
0.95154905
0.94464719
0.94800508
0.93014890
0.94121671
0.94515502
0.94188339
0.95163953
0.94540131
0.94072634
0.94186056
0.94740295
0.94885498
0.96806663
0.95216632
0.96169150
0.96616012
0.95642060
0.95593607
0.96409780
0.94847441
0.95510864
0.94499153
0.94713664
0.94897354
0.96227753
0.95482695
0.92689377
0.96210706
0.96273661
0.94987166
0.93863106
0.95673490
0.94156539
0.94059938
0.94697815
0.95052481
0.94524759
0.95485324
0.95642859
0.95809573
0.94289541
0.95230097
0.94513643
0.94565284
0.94370264
0.94878882
0.94669241
0.94719553
0.94587058
0.95796484
0.95178962
0.94648039