0.08586100
0.95173377
0.94970113
0.94530565
0.95176625
0.95647889
0.95558822
0.96110320
0.95576560
0.95952690
0.96745306
0.96802521
0.95936775
0.97232878
0.97782809
0.97297227
0.98136061
0.97317100
0.97336721
0.98080605
0.97792763
0.97261864
0.96411896
0.97805095
0.98021936
0.97392082
0.98159826
0.97853029
0.97045183
0.97409225
0.97426414
0.97400975
0.97084945
0.96495360
0.96268564
0.95568115
0.96154648
0.96767354
0.97527748
0.96622002
0.96597409
0.97228998
0.96657121
0.96901059
0.97198606
0.96774215
0.96391511
0.95658129
0.95198447
0.95078301
0.94984794
0.95222640
0.96166426
0.97271001
0.96798688
0.95514739
0.95550674
0.95824862
0.95853025
0.95750588
0.95044327
0.96961832
0.95525217
0.96055484
0.96731573
0.96955705
0.95268846
0.95837510
0.95228577
0.96114218
0.96058649
0.95902085
0.95803308
0.96466452
0.96053541
0.95619416
0.95786232
0.94867897
0.96152228
0.96635979
0.95674777
0.95902234
0.96257120
0.95424658
0.96171224
0.96333957
0.97019786
0.96169859
0.95560807
0.96256089
0.96159303
0.94644904
0.96018201
0.95211130
0.94491279
0.95891792
0.96108484
0.96180189
0.97009283
0.96419036
0.96776354