0.10148849
0.95173091
0.96415329
0.95394462
0.96159858
0.95813578
0.95591211
0.96254492
0.96416366
0.96550047
0.96274203
0.95446479
0.95943469
0.96505493
0.96012396
0.96468407
0.94934487
0.95053846
0.95970607
0.95632243
0.95809317
0.96416885
0.95631385
0.95287323
0.94987416
0.95514959
0.95187819
0.94593531
0.96037817
0.95040148
0.95628732
0.95940322
0.95327735
0.96256691
0.95352411
0.95410800
0.96010119
0.94775683
0.95173782
0.95238143
0.95134002
0.95103639
0.95172483
0.94918638
0.94620049
0.95399457
0.95891815
0.94086641
0.95431632
0.95490974
0.95227957
0.95325357
0.94547164
0.94688612
0.95106107
0.94219941
0.94479561
0.94741136
0.95013380
0.95809937
0.95219111
0.95408523
0.94795233
0.94540906
0.95109200
0.95051527
0.95712113
0.96414620
0.95339686
0.95816934
0.95264429
0.95475441
0.96135271
0.96390474
0.95640981
0.96048838
0.95616269
0.95559371
0.95303184
0.95108187
0.94787180
0.95685744
0.95724988
0.94804364
0.94932181
0.94853377
0.94717216
0.93636870
0.95342737
0.94305468
0.94445229
0.95554304
0.94346792
0.95622587
0.95086563
0.95078009
0.94133425
0.94588745
0.95240837
0.96232718
0.96051717