0.05855872
0.91611922
0.90948105
0.92366487
0.91847771
0.90656328
0.90698129
0.89071774
0.89039367
0.91959786
0.92196691
0.89473706
0.90959227
0.89428848
0.91779715
0.88600731
0.88845634
0.92674398
0.91224998
0.90692246
0.91858023
0.90629560
0.90681916
0.91445351
0.92082137
0.91878211
0.91696173
0.92817342
0.92261064
0.93059403
0.91639870
0.93899161
0.90406835
0.92193365
0.91203535
0.91226935
0.91562194
0.92118883
0.91765165
0.92392272
0.91615111
0.92352873
0.91380149
0.91582251
0.90757507
0.90855652
0.90708381
0.91638321
0.90268594
0.90499115
0.91161036
0.92736548
0.91118568
0.91646647
0.90877676
0.91576582
0.91339839
0.92625046
0.91381669
0.91817832
0.92681617
0.91856843
0.91133714
0.91540903
0.92199945
0.91374230
0.90095305
0.90104204
0.91846305
0.90415138
0.92649478
0.90330368
0.92677176
0.92943782
0.91002500
0.91033763
0.91405988
0.91878247
0.92257994
0.92191088
0.91458488
0.92123032
0.91932452
0.88219911
0.89998031
0.91625357
0.90973145
0.91203207
0.92123681
0.90622640
0.91625875
0.91492879
0.91287529
0.92341208
0.91353679
0.91154397
0.92119896
0.90193468
0.92031485
0.90872085
0.91943717