0.09163785
0.94168699
0.93648565
0.94264710
0.95758957
0.94365191
0.95667040
0.94422740
0.94194573
0.94482130
0.94778419
0.94489324
0.95218086
0.95380104
0.95204157
0.95576715
0.95593297
0.94996595
0.94995260
0.95064026
0.95442343
0.94853193
0.95168459
0.94662642
0.95006716
0.96000981
0.95575905
0.95585042
0.94908637
0.94436973
0.94685829
0.93788880
0.93153322
0.93878168
0.94955462
0.95087433
0.94253355
0.94957787
0.93515962
0.95250094
0.94891334
0.94396073
0.94346291
0.93858963
0.94265169
0.93244195
0.94079483
0.94745606
0.93873757
0.93186086
0.94087183
0.93526846
0.93834186
0.93147349
0.92302775
0.94130981
0.93831277
0.93150973
0.92399049
0.95135951
0.94019210
0.93585402
0.94268113
0.93881822
0.94671285
0.94713569
0.93008649
0.95268500
0.95240110
0.94761640
0.95195490
0.94964546
0.93951857
0.94195741
0.94673365
0.93728811
0.94445252
0.93980509
0.94392973
0.95078486
0.94623619
0.95544213
0.95995981
0.94205457
0.95231026
0.95591873
0.96060026
0.93724459
0.94352770
0.95131600
0.95535517
0.95117104
0.94204313
0.95077127
0.95568979
0.94334382
0.92896086
0.95548570
0.94742996
0.94235474
0.93895167