0.14674504
0.92469668
0.93114096
0.94045746
0.92780340
0.93734330
0.92911690
0.93514246
0.92747742
0.93339068
0.92909533
0.93168694
0.93848693
0.94139099
0.93574417
0.93949652
0.93251008
0.92635894
0.92730719
0.94520259
0.93094027
0.93077886
0.93162239
0.91950113
0.94194281
0.91814315
0.93199992
0.92957288
0.94619530
0.93921834
0.93363333
0.93382013
0.93795186
0.93102610
0.92402613
0.92501402
0.92845857
0.92993301
0.93339241
0.93266088
0.93304902
0.93386769
0.93585569
0.93111902
0.93530357
0.93725049
0.93842334
0.93876207
0.93837386
0.93450361
0.93042970
0.93337935
0.93360138
0.93722320
0.92912811
0.94505358
0.93312573
0.93146932
0.93789262
0.93069786
0.92796063
0.93596834
0.93350047
0.92932528
0.92524993
0.93976384
0.94157416
0.93054563
0.93061364
0.92869234
0.94107455
0.93300927
0.93525618
0.93648398
0.93094081
0.93181360
0.92855829
0.93883163
0.93508124
0.93545932
0.93233293
0.93468213
0.92595488
0.93507051
0.94359201
0.92888427
0.94056290
0.93995285
0.92714965
0.93263769
0.93791419
0.93156189
0.93272597
0.93385035
0.92430353
0.93029177
0.93660653
0.93008947
0.92487991
0.93087083
0.92608833