0.04433002
0.94314075
0.94638956
0.94460624
0.94150054
0.93924296
0.93984002
0.94117576
0.94503778
0.94512665
0.94687575
0.94414926
0.94740409
0.94316012
0.94267309
0.94034719
0.94211137
0.95104700
0.94684380
0.94384474
0.95071012
0.94631636
0.94075525
0.95031661
0.95737624
0.94354385
0.94778246
0.93246633
0.94050771
0.93392265
0.95531034
0.93679982
0.94284230
0.94032115
0.94998324
0.94502985
0.95317823
0.95200211
0.94430268
0.94480753
0.95038414
0.93808001
0.94487894
0.93580210
0.94822156
0.94710070
0.94873542
0.93948138
0.94491935
0.95127684
0.94804931
0.94917279
0.95236087
0.94349158
0.94026136
0.94689232
0.94482368
0.94382948
0.95221728
0.94419932
0.95067632
0.95086020
0.94949603
0.94745934
0.93986571
0.93116653
0.94910270
0.93993407
0.94326669
0.94560158
0.95062983
0.94119024
0.94770563
0.94662249
0.94947761
0.94000322
0.94861460
0.94425225
0.94400686
0.94704574
0.95101911
0.94235700
0.94276732
0.94889235
0.95163405
0.94994825
0.93483031
0.95181489
0.94606209
0.96639365
0.94563162
0.94975317
0.94073182
0.94333231
0.95142531
0.94274443
0.93760127
0.95000213
0.95184654
0.95038080
0.94156051