0.08970623
0.09868681
0.15844448
0.04385591
0.15858610
0.11733893
0.11292668
0.12163652
0.14291337
0.09203345
0.11198247
0.10872149
0.06491571
0.13173592
0.07267555
0.08636921
0.16728437
0.17611387
0.17328928
0.08641596
0.06937374
0.07521591
0.13632342
0.14809734
0.09487711
0.09369135
0.09472417
0.07404962
0.09705741
0.14640369
0.06163096
0.05295836
0.17267981
0.06164822
0.12535781
0.09096197
0.12647167
0.16906641
0.07052252
0.11636178
0.09331843
0.13376008
0.07303286
0.11262982
0.13755116
0.10590956
0.04303454
0.09529701
0.12208489
0.11829532
0.10818180
0.08004610
0.10334457
0.10407943
0.15397047
0.10053852
0.10649801
0.02725143
0.12352967
0.13809405
0.08906467
0.10093584
0.15499702
0.21714485
0.13967025
0.07782026
0.03763983
0.12696673
0.08943699
0.07752423
0.04105598
0.15816770
0.06253754
0.01810389
0.08704209
0.11228241
0.10479211
0.10773244
0.14961194
0.09176601
0.18290547
0.11238176
0.09506565
0.08755246
0.09457329
0.11470222
0.06060239
0.17753240
0.12858647
0.08476850
0.10326783
0.11177771
0.05156158
0.10995331
0.06940605
0.06764793
0.11913954
0.08303305
0.09722880
0.13287179
0.17033793