0.10090737
0.59573823
0.59536433
0.55585879
0.66668540
0.64322126
0.57565290
0.57600462
0.62356251
0.54381162
0.57531083
0.63079840
0.67793298
0.67783362
0.64833182
0.62405872
0.66142255
0.67474002
0.66904503
0.55060297
0.47071269
0.56909120
0.63864696
0.65461493
0.64263320
0.58454859
0.59060293
0.61292315
0.60156161
0.69898552
0.71534532
0.69866759
0.68649071
0.59706199
0.67738509
0.63334292
0.67267549
0.71785492
0.60419470
0.65161496
0.61346400
0.69308633
0.63105029
0.56103802
0.62001485
0.62410659
0.60557342
0.58991510
0.58688331
0.60400534
0.65214211
0.61503476
0.61843514
0.60689980
0.66607696
0.62216169
0.59756941
0.61371607
0.57291377
0.55888706
0.71222186
0.72086579
0.68517303
0.66223717
0.65193808
0.53648108
0.60811907
0.62666929
0.46562621
0.56713498
0.67549658
0.66936964
0.67801458
0.61000538
0.61719882
0.64331716
0.57800734
0.69568682
0.66454887
0.61781001
0.61009288
0.58975118
0.61582136
0.60210794
0.57267052
0.54548311
0.54468179
0.51821256
0.59517974
0.68193895
0.67085671
0.59469610
0.59738141
0.47851655
0.63210469
0.65940422
0.68450701
0.66516340
0.59390479
0.57700920
0.59454268