0.11421080
0.96149337
0.96428406
0.96724319
0.96363032
0.95700610
0.95721316
0.96060950
0.95212537
0.96457082
0.96372324
0.96567363
0.95553559
0.96578193
0.96412575
0.95788407
0.94956452
0.94645643
0.94833636
0.95485514
0.94559270
0.94590592
0.94804311
0.97124487
0.96337146
0.96003234
0.95260268
0.95655090
0.96084946
0.95315039
0.96414703
0.96662331
0.95980746
0.95944321
0.94510531
0.94619989
0.94695526
0.94582945
0.95317817
0.95326149
0.94864714
0.96044236
0.96700388
0.97272027
0.97542143
0.97297806
0.96136403
0.96728605
0.97382683
0.96480024
0.96225661
0.96209610
0.95011681
0.96147478
0.97037148
0.96653724
0.95107615
0.95852256
0.95962656
0.96491373
0.96042216
0.96317708
0.96999586
0.96314955
0.95799971
0.96906340
0.96052206
0.96210396
0.95568937
0.96215856
0.95623201
0.95834994
0.96383649
0.96821666
0.95585114
0.95833373
0.95646185
0.94603920
0.94788432
0.94954711
0.95095003
0.95695662
0.95744383
0.95609355
0.95281053
0.95039725
0.95254725
0.94662368
0.95360756
0.95395190
0.95526552
0.95959592
0.94278789
0.95447594
0.96793962
0.95708305
0.95392084
0.95321387
0.95842117
0.96675301
0.96078634