0.08586100
0.50141150
0.70230818
0.67526156
0.72557336
0.69352973
0.77473378
0.70432752
0.75209373
0.72591323
0.67418921
0.73333478
0.72078758
0.70053405
0.67458254
0.68008500
0.73085493
0.68184805
0.67089820
0.68389779
0.75215411
0.67473245
0.76636481
0.75950152
0.69365418
0.69980085
0.79917479
0.73047251
0.75957853
0.65417856
0.71515650
0.75426614
0.74711710
0.65635788
0.68829644
0.69563258
0.74936813
0.71090859
0.71970779
0.65834135
0.70886415
0.78391206
0.66671044
0.71216983
0.64012253
0.67405510
0.68786001
0.72949499
0.70367485
0.72854203
0.70829439
0.67350298
0.75848746
0.74807197
0.66172522
0.75727302
0.64172333
0.75592303
0.71625596
0.75490981
0.71299875
0.67107767
0.75041741
0.66901338
0.65432513
0.75983357
0.68926668
0.74553704
0.67051178
0.72127837
0.74183488
0.73002213
0.70155776
0.70551491
0.68550193
0.69323456
0.61734760
0.71272081
0.59848011
0.68140733
0.68255877
0.70527959
0.73172027
0.70896268
0.72947252
0.74918264
0.64851290
0.75083709
0.72399664
0.69596148
0.71354151
0.79249901
0.67143136
0.71350944
0.76079881
0.68171239
0.76280737
0.70107651
0.71757132
0.76140761
0.76156235