0.06375539
0.93902677
0.93194777
0.93838310
0.94217074
0.94157165
0.94195330
0.93759328
0.93650168
0.94270015
0.92258996
0.94415689
0.93074340
0.93271464
0.93550956
0.93829542
0.93506438
0.92477441
0.93963546
0.94084662
0.93257803
0.93779546
0.93761283
0.94623351
0.93391603
0.93733054
0.93993700
0.93282068
0.93079293
0.92860949
0.93169206
0.94735384
0.93602234
0.93675947
0.93435454
0.94289064
0.94424635
0.94492412
0.93487912
0.92377108
0.94243681
0.93385857
0.93633252
0.93002790
0.93475640
0.93966430
0.94397062
0.93641442
0.93424749
0.93798006
0.93099725
0.92584682
0.94301724
0.93155342
0.93474036
0.95017570
0.93509012
0.93998998
0.93141192
0.93804365
0.93714523
0.92539489
0.93105173
0.93788940
0.94712019
0.94313651
0.93169236
0.93693590
0.94519287
0.94200569
0.93700594
0.93029213
0.94044548
0.92645395
0.93443143
0.93663901
0.92973197
0.92141831
0.93951708
0.93579030
0.93702161
0.93718225
0.94127774
0.94131178
0.92909545
0.93571264
0.93930608
0.93804532
0.93888372
0.94257826
0.92465729
0.93426496
0.93592489
0.93686885
0.94445848
0.94597590
0.93789202
0.93804139
0.93721664
0.93660104
0.92309022