0.06718107
0.92737442
0.93911695
0.92825454
0.94469994
0.92651647
0.93765378
0.92868006
0.93541956
0.92520452
0.93912047
0.92916632
0.93509001
0.91376078
0.92734611
0.93314260
0.92042804
0.92349160
0.93087053
0.93229848
0.92822134
0.92570031
0.94283485
0.92505383
0.92782807
0.93225366
0.93747449
0.94442427
0.91748101
0.94243264
0.93638366
0.93702179
0.92806250
0.93791753
0.93353868
0.93639100
0.93544096
0.92949075
0.92221510
0.92792761
0.93812263
0.93939680
0.92043859
0.92366141
0.93022424
0.92340684
0.93681777
0.93280101
0.93212730
0.92793047
0.92101425
0.92568731
0.92311007
0.93238837
0.93716508
0.93141496
0.93017852
0.93013895
0.93129659
0.94013524
0.93908983
0.89997149
0.93047607
0.93793452
0.92956001
0.94156593
0.93837088
0.94168139
0.93339723
0.94283819
0.92663956
0.92459625
0.94038492
0.94041032
0.93307447
0.92687279
0.92356783
0.92322022
0.93417525
0.93124306
0.92783463
0.92454457
0.92508948
0.93824577
0.94577384
0.92966896
0.93657339
0.92667425
0.92986411
0.93781590
0.94102430
0.93005776
0.93306506
0.93630791
0.93643534
0.92735672
0.92571205
0.93935806
0.92922777
0.92395282
0.92625380