0.11598152
0.91083884
0.91544175
0.91386449
0.92549551
0.91543502
0.90496927
0.90416467
0.90373939
0.91521269
0.90612793
0.89368403
0.90057588
0.91864389
0.90971053
0.89572662
0.88572478
0.89225960
0.88463759
0.91454726
0.91721863
0.90746492
0.91191900
0.92008954
0.89510232
0.90994728
0.92774469
0.91571528
0.92773974
0.91389412
0.91176361
0.90187562
0.90826410
0.92253309
0.91667247
0.88892192
0.89651293
0.88566995
0.92590696
0.88901925
0.89021444
0.90104675
0.93396652
0.90678900
0.90908694
0.91523057
0.90055269
0.89984071
0.90236562
0.88628572
0.91285604
0.89593583
0.91024244
0.89243871
0.92571902
0.90221757
0.90063584
0.88135117
0.90048987
0.89037371
0.90318197
0.90830743
0.91172296
0.92236358
0.92310452
0.93746567
0.91937202
0.91855890
0.91125154
0.92673606
0.92385888
0.92297673
0.92376733
0.91045034
0.92204285
0.92338175
0.91259384
0.92483175
0.92028970
0.92444646
0.91681594
0.91952318
0.89482474
0.85430002
0.87029970
0.87811995
0.87891632
0.90848660
0.92540467
0.92544883
0.92634583
0.90663886
0.91140157
0.92666411
0.92868966
0.90693319
0.91714025
0.92291671
0.92724383
0.89647311
0.90905356