0.09256493
0.93989581
0.92792106
0.89955300
0.91345292
0.91926390
0.92472243
0.91363823
0.91511327
0.91597319
0.92495978
0.90487862
0.91057199
0.90456474
0.89814430
0.88832402
0.90917045
0.90086371
0.91758764
0.90604228
0.91472822
0.91014040
0.92151803
0.92007530
0.91600984
0.89992005
0.92037153
0.89426345
0.88805079
0.91122556
0.87108499
0.87896711
0.91014600
0.91505724
0.89695549
0.91776329
0.91575319
0.90582049
0.90297514
0.88135064
0.91079795
0.91823012
0.90160394
0.91457438
0.90219343
0.91451108
0.93179482
0.89719599
0.90708369
0.89912599
0.90795541
0.90330833
0.91217995
0.90636688
0.91711009
0.88611639
0.91789192
0.90288085
0.89621347
0.88689685
0.87110871
0.89081389
0.91448081
0.91245806
0.87017840
0.88138843
0.91345519
0.87835699
0.90622926
0.90080619
0.88922304
0.86564887
0.86106169
0.83321786
0.85782450
0.90859586
0.90679413
0.91334987
0.82285571
0.88665122
0.85677713
0.65972984
0.84678185
0.80241281
0.78588986
0.82596803
0.90695262
0.72672820
0.81723726
0.89405817
0.89463729
0.92456627
0.90090823
0.93162483
0.90767616
0.91926652
0.90604949
0.87413144
0.89891249
0.86972940
0.87033135