0.11950095
0.95865405
0.94293982
0.94937140
0.95155364
0.96050400
0.95290941
0.95473510
0.95839018
0.94213641
0.95636719
0.95440966
0.96208113
0.95127195
0.95838869
0.95680451
0.95833677
0.95293075
0.95241469
0.94792771
0.95099813
0.95502305
0.95572901
0.96014696
0.94381630
0.95192617
0.95806450
0.95800459
0.95745087
0.95473975
0.95371574
0.95327222
0.95847136
0.95743155
0.95377070
0.95547301
0.94886708
0.95671344
0.95800501
0.95164943
0.95654106
0.95458239
0.95245504
0.94950503
0.95524073
0.95549864
0.94747752
0.93633497
0.95325732
0.94661504
0.95244688
0.95435578
0.95175856
0.94442338
0.94768304
0.95392007
0.95360762
0.96189046
0.96047920
0.95190567
0.95250487
0.95701760
0.95025688
0.95184267
0.95641631
0.95940375
0.95280665
0.95470542
0.95745933
0.94487870
0.94578725
0.95952433
0.95452607
0.96159101
0.95411992
0.95258731
0.96162558
0.94913483
0.95621186
0.95950133
0.95517212
0.95711488
0.96528405
0.95895225
0.95588243
0.96035802
0.96024370
0.95411766
0.95826304
0.96499896
0.96710992
0.95611483
0.96092033
0.96109337
0.95636690
0.95943952
0.96442014
0.96206480
0.95743608
0.95879000
0.96030593