0.10072691
0.90158731
0.89300811
0.92018121
0.91234189
0.91289020
0.91841108
0.91734540
0.90825152
0.88920641
0.92422450
0.90360904
0.91205263
0.90688109
0.88396853
0.88929832
0.91674399
0.88500577
0.91878772
0.91155875
0.90363210
0.87607539
0.89181781
0.90973550
0.92796350
0.91297811
0.88619399
0.91432071
0.91284913
0.92261183
0.89999437
0.91303182
0.86666387
0.91190743
0.90599680
0.86626428
0.91457319
0.87970716
0.88043153
0.90998274
0.86944848
0.88723230
0.89490682
0.84220064
0.91084361
0.89212286
0.92119861
0.87953079
0.91512674
0.89762229
0.86674207
0.81315923
0.88651484
0.88676405
0.90622437
0.89185750
0.90253568
0.87973297
0.90224528
0.90566862
0.91586804
0.86856467
0.91217184
0.90799218
0.92761689
0.89036334
0.89899182
0.88880384
0.91018683
0.91464776
0.91398025
0.91604513
0.90610009
0.84752113
0.92355072
0.83643287
0.90665656
0.90369773
0.83614850
0.88501304
0.91574645
0.92484927
0.91545278
0.89104712
0.93753594
0.90432239
0.89330322
0.91501588
0.88577276
0.91165239
0.90657753
0.89086699
0.91486055
0.90062529
0.91237068
0.89324838
0.90683526
0.90132219
0.91348004
0.88156265
0.90569407