0.06924482
0.96131182
0.95800185
0.96106309
0.96445894
0.96309930
0.96010256
0.96840960
0.96987361
0.96898139
0.95538515
0.96024919
0.96362436
0.95193315
0.95321107
0.95868731
0.95402217
0.94965762
0.94663626
0.94089335
0.95418274
0.94135958
0.94664901
0.94281387
0.94457275
0.94593513
0.95099968
0.95411026
0.95563924
0.95559710
0.96519798
0.95511490
0.95735478
0.95898825
0.96039391
0.96766245
0.95834386
0.96569031
0.95491594
0.95357233
0.95292658
0.94932073
0.94269842
0.94798774
0.95123559
0.93674845
0.94914401
0.94077706
0.93776250
0.94597220
0.94109315
0.95472145
0.94583029
0.94405019
0.95487332
0.95451224
0.95815450
0.95291084
0.94727063
0.94268340
0.94933587
0.95322263
0.95003623
0.94085741
0.94040650
0.94368136
0.94332850
0.93516701
0.94861984
0.95337874
0.95883310
0.95354193
0.95335573
0.95727152
0.95318079
0.96226001
0.96117419
0.96428680
0.96382189
0.95674813
0.95774597
0.95533609
0.95381629
0.95429194
0.95850241
0.96212459
0.96019280
0.94829589
0.95538169
0.95864886
0.95887947
0.94281256
0.96646643
0.95595109
0.95095915
0.95760536
0.94236654
0.95116633
0.95792627
0.96153486
0.95230913