0.06709162
0.21702406
0.58389765
0.66647673
0.62381953
0.55875987
0.57510638
0.58925462
0.66130036
0.60694724
0.58974439
0.72869140
0.66777807
0.61501092
0.62672287
0.62265825
0.62111008
0.62403291
0.62513411
0.60517037
0.52085340
0.68333745
0.62771738
0.57358742
0.63725996
0.66037589
0.61333364
0.64163458
0.65381819
0.64701408
0.68726295
0.67208099
0.59818143
0.61001438
0.62590122
0.64543718
0.66660833
0.68591714
0.63509077
0.65474379
0.54763836
0.60237658
0.60263216
0.62545401
0.60039335
0.60286039
0.61980802
0.57848811
0.62333578
0.53363204
0.64051062
0.64525545
0.68843341
0.60773146
0.65213847
0.60570282
0.64693952
0.56942683
0.60290819
0.58863777
0.54168338
0.64130217
0.49150693
0.56022990
0.55320066
0.66119951
0.61707741
0.65791112
0.57794988
0.46259367
0.59879172
0.50683641
0.26651362
0.49054730
0.62844092
0.58979875
0.69775796
0.63582480
0.67828864
0.60660875
0.71905488
0.64829046
0.61612153
0.67134726
0.57533735
0.65627080
0.57575011
0.56958067
0.61101705
0.65099055
0.65091044
0.67014849
0.64219302
0.61467522
0.59082317
0.60746592
0.67708224
0.66306120
0.67590493
0.63357288
0.64155412