0.05636942
0.14992467
0.05704891
0.03124192
0.08135238
0.08705499
0.07376209
0.12975061
0.12473556
0.08489946
0.19076994
0.05733974
0.08423042
0.12313043
0.09572849
0.07303479
0.04045524
0.12541719
0.15432480
0.03128030
0.11888995
0.07202703
0.21218018
0.12084392
0.09189811
0.06893355
0.12681200
0.08207583
0.08098502
0.11720004
0.13024366
0.04762325
0.06019219
0.04468787
0.10595089
0.04499769
0.17976707
0.04900165
0.12521774
0.21377054
0.05295687
0.12523775
0.10327749
0.06072927
0.19565530
0.11573230
0.13104877
0.12940951
0.11705068
0.09253272
0.09892675
0.07649849
0.14536563
0.14354934
0.04740044
0.13174386
0.05644139
0.11947808
0.05603215
0.10071944
0.13045955
0.06807344
0.08175278
0.11654529
0.09012112
0.05907517
0.16501391
0.04827607
0.05709248
0.14622509
0.11137863
0.08847190
0.06600020
0.18611921
0.14326558
0.14516768
0.12599981
0.03458198
0.11657786
0.10356580
0.08648259
0.06537251
0.05852424
0.10492373
0.20227291
0.09043480
0.09770278
0.13281505
0.07926597
0.17096756
0.05581288
0.07478040
0.08398584
0.06112216
0.09806732
0.20766331
0.06333601
0.04753061
0.08432374
0.10463671
0.10911100