0.03829549
0.94141138
0.94581586
0.94758749
0.95239908
0.95189530
0.93840307
0.94542104
0.94119936
0.94247085
0.93822199
0.94144613
0.93533021
0.94032472
0.94009727
0.95569229
0.95375395
0.94777596
0.94185156
0.94309843
0.93875659
0.94019938
0.94357926
0.93603915
0.95157135
0.94968337
0.95048666
0.94433004
0.95143640
0.95338297
0.95646179
0.93978953
0.94841820
0.95175326
0.95799196
0.94814050
0.95383584
0.95218390
0.94128233
0.95590705
0.95587981
0.94965684
0.93841058
0.93369865
0.93557411
0.92034048
0.93695313
0.94238716
0.94706488
0.95789450
0.95367259
0.95368212
0.95790213
0.96543562
0.96829516
0.96288073
0.96465337
0.96225756
0.95727187
0.96261686
0.96527207
0.96440578
0.95871347
0.96137881
0.95681936
0.96432358
0.95191622
0.96363097
0.95271516
0.95161963
0.95310760
0.95044637
0.94737023
0.94603246
0.94108474
0.95654577
0.94376045
0.95203942
0.94702995
0.94019336
0.96574521
0.96118718
0.95120066
0.95454836
0.94499570
0.93855458
0.95212549
0.93890685
0.95618337
0.95358747
0.95683229
0.95074433
0.95454526
0.95123804
0.94438392
0.95092130
0.95654547
0.95004356
0.96336752
0.95706558
0.95508885