0.03719526
0.86897063
0.82605302
0.86809504
0.87872833
0.87350672
0.87089258
0.86474574
0.87926668
0.86901861
0.88050431
0.85783625
0.88303733
0.86697489
0.88348329
0.87383932
0.85652733
0.89839774
0.88457036
0.86281830
0.89473563
0.87465072
0.86894637
0.86911589
0.85272962
0.87388998
0.87144661
0.87511927
0.88026375
0.88200933
0.84996331
0.90116805
0.87803626
0.87376082
0.88557523
0.89348733
0.87147790
0.87939841
0.88481194
0.85633200
0.87113017
0.87364751
0.86143196
0.87992501
0.87320489
0.90797025
0.88507849
0.88057977
0.87750047
0.85827529
0.88339537
0.85695893
0.86959052
0.87280840
0.85221422
0.88175368
0.83910662
0.85585928
0.88686478
0.86633772
0.87391502
0.87534934
0.86868578
0.86624604
0.89024132
0.87546247
0.86056226
0.89302778
0.83393472
0.86223471
0.86087942
0.88717198
0.87961805
0.84868568
0.81312478
0.83258146
0.84602958
0.87207133
0.87692505
0.87003273
0.83603591
0.84810621
0.86555070
0.89150506
0.86680984
0.88198555
0.88134927
0.82529402
0.87034166
0.86091405
0.84274316
0.85214663
0.85567278
0.83996069
0.81081629
0.84735698
0.83529794
0.89122963
0.89111060
0.84888887
0.89527887