0.09471528
0.92500740
0.92141569
0.92111731
0.91419965
0.91995955
0.91972929
0.90377581
0.90662307
0.92609572
0.92300874
0.92313606
0.92336869
0.92700225
0.92037398
0.89796138
0.92773825
0.92228431
0.91839826
0.90740836
0.90850943
0.92566842
0.90444535
0.92365509
0.92153299
0.91719085
0.89600837
0.90423656
0.91450101
0.91129297
0.91042376
0.89406312
0.91343313
0.91672903
0.92170691
0.92648584
0.91698402
0.90711206
0.92882752
0.90449941
0.91598427
0.92090052
0.91891968
0.89407027
0.91540045
0.90411806
0.90965265
0.90094757
0.91567290
0.91724157
0.89725161
0.91632533
0.91820300
0.89935118
0.89528829
0.91852832
0.92394781
0.92547780
0.91021901
0.90928388
0.92039657
0.92445892
0.91894066
0.91686094
0.92681658
0.91702712
0.89878553
0.91683656
0.92407584
0.92739248
0.91809523
0.91138268
0.91522950
0.92549425
0.90736479
0.92027354
0.92795622
0.91562879
0.93404746
0.93719512
0.91651261
0.92492151
0.92005920
0.91323251
0.91521472
0.92201996
0.92809886
0.89715683
0.90844315
0.90847450
0.92628181
0.92689788
0.91649622
0.91551608
0.92737108
0.93644851
0.90908986
0.93290949
0.91875166
0.92283553
0.91038632