0.07450834
0.96607727
0.95236510
0.95247740
0.95724535
0.96562952
0.96011567
0.96273142
0.96133256
0.96797913
0.96449149
0.96738541
0.96521258
0.95637393
0.96201712
0.96650583
0.98105150
0.96404678
0.96706319
0.94662750
0.95799088
0.95791268
0.95865059
0.94604456
0.96186697
0.95678520
0.96085173
0.95833230
0.95504349
0.95731270
0.94199663
0.94986838
0.94919878
0.97293681
0.96317846
0.96872503
0.96070147
0.97642946
0.96580726
0.96654123
0.96680331
0.95219988
0.95858061
0.95367670
0.94187456
0.95864791
0.95488632
0.94738406
0.96098971
0.95698476
0.95088351
0.96684641
0.96572900
0.96510184
0.96380371
0.96715242
0.96411425
0.96083343
0.95664698
0.96289670
0.96335131
0.96212089
0.96731400
0.97510535
0.96565074
0.96433359
0.96245676
0.96135330
0.94888276
0.96547723
0.96887797
0.96147805
0.96003461
0.95711267
0.94821775
0.95969659
0.95920706
0.96144509
0.95602852
0.96052992
0.96224326
0.96443361
0.96160489
0.96972173
0.96141869
0.97637033
0.97497100
0.97670257
0.95916390
0.96446717
0.97528344
0.96966749
0.97565162
0.96862382
0.96179205
0.96886683
0.97337079
0.96922976
0.96602654
0.96263748
0.96285224