0.15928271
0.87734711
0.85623842
0.84889847
0.83833784
0.83394396
0.84869093
0.87270433
0.84557432
0.89843482
0.87092173
0.85669702
0.88734978
0.85277557
0.86429220
0.86286652
0.85084897
0.85501999
0.84220374
0.87184316
0.82511610
0.87170339
0.87280351
0.85249609
0.83830124
0.86596656
0.82538736
0.84980005
0.85488212
0.83900380
0.83912653
0.84868211
0.85077798
0.84218222
0.84367865
0.88147634
0.86579722
0.88181490
0.87216192
0.88670683
0.87259185
0.88003594
0.87675947
0.88568169
0.86536318
0.88839883
0.88537985
0.87111807
0.88849074
0.89347750
0.87197286
0.88561231
0.89617181
0.87647301
0.88661247
0.89445060
0.88340735
0.87717789
0.87945694
0.88470954
0.86105078
0.88964736
0.86276656
0.88611525
0.81578028
0.86527193
0.85799545
0.86140215
0.86426181
0.86304259
0.85626447
0.85487527
0.82140279
0.83514905
0.85030454
0.85736245
0.86788505
0.83236688
0.85322082
0.83507484
0.87921172
0.84633249
0.89996058
0.85399407
0.85824174
0.85910535
0.82798487
0.84272492
0.84146172
0.83879203
0.85913658
0.87301505
0.85034823
0.86459291
0.84300452
0.84511155
0.86866516
0.82317346
0.85213655
0.83136439
0.85561973