0.13953310
0.95194483
0.95466530
0.94371110
0.94334012
0.94513917
0.94917077
0.94807822
0.93231750
0.93824577
0.94163626
0.93188119
0.95625257
0.94294852
0.94654417
0.93639451
0.95516431
0.94338387
0.95064867
0.93808907
0.95752335
0.95557356
0.94112754
0.94779986
0.95414561
0.95642442
0.94216615
0.96131057
0.96264559
0.95447075
0.96292174
0.94009787
0.94089752
0.95256567
0.95906949
0.96554983
0.97290719
0.94385040
0.95337409
0.94705278
0.95553023
0.95433676
0.95819801
0.94594795
0.94795150
0.96127677
0.95258975
0.95442700
0.95381111
0.95876145
0.95316291
0.95800328
0.93334925
0.94173759
0.94512880
0.95443672
0.95277923
0.95396978
0.94989443
0.97014993
0.94737875
0.95758599
0.95038360
0.96242714
0.96212351
0.96068919
0.95827365
0.95386946
0.95351332
0.96200585
0.94885135
0.95885414
0.95209157
0.94005322
0.95724922
0.95581818
0.94534487
0.94108576
0.95632190
0.94293177
0.94985825
0.96825278
0.94792974
0.95208430
0.95802939
0.94710153
0.95564133
0.94162440
0.94997549
0.94667071
0.95538354
0.94070131
0.95174867
0.95614946
0.96525574
0.95515704
0.95815748
0.95813513
0.95260084
0.94900292
0.94088447