0.04015391
0.92708886
0.91876149
0.90700412
0.92814714
0.92513746
0.91856718
0.93055373
0.92762303
0.93468034
0.93073624
0.94065428
0.94424844
0.93199724
0.94582784
0.92654771
0.94103891
0.91470701
0.91159213
0.93137568
0.92119157
0.92681944
0.93875521
0.94136810
0.93070817
0.91967148
0.94055563
0.92791438
0.93381608
0.93124354
0.93642998
0.93767118
0.93132156
0.93896192
0.93064094
0.93314993
0.93825102
0.93764281
0.93023896
0.93806863
0.94096762
0.93101227
0.92291069
0.93132228
0.93345433
0.91887009
0.93071282
0.92560607
0.94115603
0.94013697
0.92562848
0.92464030
0.93770188
0.91788483
0.91571534
0.92609900
0.93793398
0.92401695
0.93584037
0.93457979
0.93292534
0.91648698
0.92957991
0.92848200
0.94213241
0.90874100
0.92950600
0.92950034
0.91987014
0.93522924
0.92930442
0.93940192
0.93346876
0.91754609
0.93414551
0.93208206
0.92297965
0.92254156
0.92361176
0.93462479
0.93178940
0.92784661
0.93803847
0.94375223
0.92221099
0.92607099
0.93284601
0.93628854
0.92925000
0.94832540
0.94926870
0.94024634
0.93050849
0.91816920
0.92800802
0.94087785
0.93352896
0.93357301
0.94225478
0.93617386
0.92915869