0.13413607
0.97493905
0.96447748
0.95839030
0.96182477
0.96506357
0.96192145
0.96763450
0.95978910
0.96609521
0.95857787
0.96446419
0.97118914
0.97061616
0.96383512
0.95867699
0.97268701
0.96366453
0.97142839
0.96500230
0.96365213
0.96365547
0.97255361
0.96818292
0.97162700
0.96920156
0.97147864
0.96305817
0.96275383
0.96506554
0.96101379
0.96465611
0.94617522
0.95440501
0.95053762
0.94899040
0.93831396
0.95562476
0.94602394
0.95064473
0.93512052
0.94259185
0.93847585
0.93918335
0.94450760
0.93697786
0.94139636
0.95311141
0.95437700
0.95621109
0.94178480
0.94626027
0.95969534
0.96911234
0.96277118
0.97627783
0.96641916
0.96958524
0.97099030
0.96515363
0.97651780
0.96209067
0.95368367
0.96271551
0.97125077
0.97022009
0.96704936
0.96759176
0.97173554
0.97328132
0.97151327
0.96783400
0.96971250
0.96674293
0.96286660
0.96700472
0.96197683
0.97192281
0.96628588
0.96656501
0.97005081
0.96746957
0.96533453
0.97370386
0.97539717
0.97400069
0.96961027
0.97276956
0.96299714
0.96939451
0.97303754
0.97093552
0.96693110
0.95471793
0.96837944
0.96100837
0.96399724
0.97145838
0.95495367
0.96105844
0.96464479