0.08449510
0.93857843
0.93325758
0.93707484
0.91213667
0.93404943
0.92508161
0.91804421
0.93944925
0.91422772
0.93047792
0.94394892
0.93747449
0.93918800
0.93570310
0.93293816
0.92353171
0.93082118
0.93077815
0.94962502
0.93553424
0.94296432
0.94465220
0.93495011
0.93105286
0.92366010
0.93001711
0.92623633
0.90868682
0.92321116
0.92244047
0.93771482
0.93693709
0.92369056
0.92853236
0.92565417
0.92440665
0.93758917
0.91929305
0.91894776
0.93081367
0.93915784
0.92841995
0.91980803
0.92409378
0.90510237
0.93490118
0.92170572
0.93020034
0.91906166
0.95172036
0.93958127
0.94221902
0.94153738
0.95343941
0.92395264
0.93986344
0.94466627
0.94104356
0.93929023
0.92553300
0.94822198
0.95397234
0.93774879
0.95149201
0.94967872
0.94362694
0.94337350
0.92251688
0.94795579
0.94481474
0.91712588
0.89784157
0.89458865
0.92194057
0.92947215
0.92399627
0.93987775
0.95071542
0.93965369
0.94821769
0.94142181
0.95283806
0.93736440
0.94247818
0.93454278
0.92742276
0.92550445
0.93954706
0.92892212
0.92212629
0.94417024
0.94765633
0.94675809
0.92118502
0.93560243
0.94487298
0.93287957
0.93435550
0.94706434
0.92017955