0.08533442
0.96446007
0.96442628
0.95942229
0.96117830
0.96025240
0.96324921
0.95687002
0.96117020
0.95287049
0.96450853
0.96628052
0.96685511
0.94491124
0.95653856
0.94966066
0.95839310
0.94985825
0.95267618
0.95871198
0.95392537
0.96279734
0.96309799
0.94984472
0.94564813
0.95457721
0.95863205
0.96087593
0.95987594
0.95355630
0.95722300
0.95955461
0.96867353
0.96206528
0.96269107
0.96790701
0.95963830
0.96438706
0.96301132
0.96689689
0.97458094
0.96447402
0.96626580
0.97751778
0.97097540
0.97438884
0.96454602
0.95423025
0.96706718
0.96751946
0.96320283
0.96820295
0.97375518
0.97560990
0.97526336
0.97367668
0.96665251
0.97114062
0.96633202
0.96278578
0.97232592
0.96660858
0.96726435
0.97070909
0.97090608
0.96927339
0.97574699
0.97604734
0.97548479
0.96548730
0.97208571
0.96600068
0.97004014
0.97030503
0.97555941
0.97435725
0.97021151
0.96951604
0.96369392
0.96478087
0.96204740
0.96927541
0.96353835
0.95811075
0.96188545
0.95826375
0.95789230
0.96167940
0.96295762
0.95990080
0.96452087
0.96228087
0.95919156
0.96700919
0.96598154
0.96812582
0.96790451
0.96648997
0.96352488
0.97009706
0.96535361