0.07852264
0.16460022
0.54783010
0.66286367
0.62999350
0.63851863
0.53495377
0.60642928
0.64718658
0.59093899
0.59585834
0.62530136
0.62909317
0.69030166
0.60067344
0.62728041
0.59453249
0.66049594
0.52464169
0.57151473
0.57775533
0.62989867
0.60565484
0.65795153
0.72001642
0.58868480
0.63746762
0.69460970
0.59635413
0.65066355
0.62243116
0.58706468
0.51775420
0.58646661
0.66031647
0.54319620
0.64105034
0.64454573
0.57026923
0.64603305
0.54179132
0.60102940
0.63938951
0.50472534
0.66515136
0.61308175
0.62442946
0.53782386
0.60526001
0.63414139
0.53703380
0.58914548
0.62131792
0.66187334
0.69404817
0.64569724
0.65049857
0.63879359
0.69565290
0.56550288
0.64620048
0.63253772
0.66171944
0.57912737
0.63729823
0.67046499
0.65290558
0.63497537
0.73066121
0.67501497
0.66539568
0.68351525
0.61095661
0.68682241
0.52185082
0.60858613
0.60785025
0.63230395
0.67331332
0.61269730
0.66883314
0.66710591
0.70833623
0.65941727
0.69026643
0.59030646
0.69475305
0.57679439
0.68899941
0.57108378
0.67615944
0.67223310
0.61700183
0.67345136
0.68570191
0.65729719
0.63163221
0.63721889
0.52888852
0.41899803
0.59616166