0.13953310
0.22828695
0.16969594
0.16609861
0.15020745
0.24903895
0.04922979
0.21642472
0.11333819
0.24239559
0.17911890
0.23323517
0.18086925
0.20723234
0.35685173
0.31885400
0.09136456
0.11912420
0.06651761
0.24604777
0.30755067
0.12482177
0.20489687
0.08537912
0.07497448
0.07209088
0.17394617
0.06483493
0.14335084
0.10923699
0.17531790
0.17460401
0.15143526
0.09704369
0.13483924
0.12714577
0.15025346
0.21348259
0.07205326
0.11295020
0.09553841
0.10723726
0.15468998
0.10587809
0.11215330
0.03582610
0.31253287
0.26095390
0.13784853
0.22115675
0.15908703
0.05058750
0.12921008
0.11582904
0.09443572
0.16981988
0.12491839
0.15038979
0.23384580
0.20818120
0.10942064
0.08760265
0.03773764
0.19431296
0.22233997
0.19322580
0.17262548
0.21167447
0.19589560
0.19497666
0.13368751
0.20864254
0.08500868
0.08379881
0.08140978
0.13098450
0.21990062
0.21307401
0.26026154
0.20116623
0.04540876
0.10941877
0.22351196
0.11249531
0.01004204
0.12835403
0.17544666
0.23365714
0.12961373
0.25160778
0.14654551
0.05679330
0.18888335
0.25300828
0.14432591
0.08923101
0.16213197
0.06822687
0.17595993
0.33713245
0.23570196