0.13413607
0.96263236
0.95963061
0.95526809
0.95606077
0.95834994
0.95390159
0.95503199
0.96032214
0.95608431
0.95341307
0.95671713
0.96506476
0.96355575
0.95667756
0.94946313
0.96113175
0.95486277
0.95276296
0.95668161
0.95594025
0.96260309
0.95735574
0.95450628
0.95958817
0.96261632
0.95709532
0.95475090
0.95869452
0.96200860
0.96151423
0.96804506
0.95405030
0.95568365
0.95611221
0.95520592
0.94572836
0.95055121
0.95579416
0.95553660
0.94575417
0.94601774
0.95927000
0.95126879
0.94834799
0.94883001
0.95510900
0.94712794
0.95936430
0.95477653
0.94691956
0.95531929
0.95582533
0.95612878
0.94770598
0.96091950
0.95596862
0.94945848
0.95461249
0.94538617
0.95986855
0.94553262
0.94876343
0.95233643
0.95340914
0.95258749
0.95001197
0.94442856
0.95577461
0.96281523
0.95127851
0.95569533
0.95255250
0.93879980
0.94156027
0.94739556
0.94607401
0.95640409
0.96069902
0.95358062
0.95529956
0.96099532
0.94817597
0.95381463
0.94320643
0.94568205
0.94293195
0.94352692
0.94873130
0.94729728
0.93925250
0.94703150
0.95868492
0.95123690
0.96544152
0.96914029
0.96797258
0.96257865
0.95590401
0.96616590
0.95197701