0.26633909
0.90549058
0.90456343
0.91777182
0.91119164
0.89947891
0.91801393
0.91826826
0.90084302
0.92070961
0.91542512
0.92417520
0.91798037
0.93435943
0.90551376
0.92542291
0.91932291
0.92148542
0.93105394
0.92091459
0.91615707
0.89734995
0.92194343
0.91814607
0.90674669
0.91317075
0.92012078
0.92063761
0.92663538
0.91166556
0.90305573
0.91842085
0.92184615
0.89384407
0.90781480
0.91058940
0.91459566
0.91238409
0.91994184
0.89969015
0.89197922
0.91682005
0.90849411
0.90934914
0.91172433
0.91326791
0.92050916
0.91601825
0.91261184
0.91675162
0.92754072
0.90898073
0.91665292
0.92691046
0.92704928
0.92732012
0.92568779
0.90416414
0.89293671
0.90226424
0.90947449
0.91563642
0.92398107
0.90741259
0.92274559
0.92325103
0.90328771
0.90766388
0.90640032
0.91690505
0.91909820
0.91786337
0.92801702
0.91538000
0.93213683
0.93467242
0.90575516
0.92323053
0.90249872
0.91654295
0.92291749
0.91130471
0.90530527
0.90241492
0.91985571
0.92463630
0.91782951
0.90321732
0.93244958
0.92699569
0.91774458
0.91476512
0.91499335
0.92847282
0.91932273
0.92287958
0.89450890
0.90992564
0.91032928
0.90169060
0.92137372