0.07657552
0.32297397
0.50142264
0.59489870
0.52747983
0.45085227
0.60631013
0.43469596
0.53897816
0.34692967
0.40777180
0.30168182
0.43032205
0.46509439
0.42616925
0.42702734
0.41625226
0.48791504
0.61639810
0.54124546
0.44986409
0.53318387
0.62836301
0.56130755
0.54426926
0.52934980
0.55432189
0.48956132
0.55426604
0.49891940
0.42209718
0.45233881
0.51910245
0.52398729
0.53326440
0.43075928
0.41909173
0.36986038
0.42520699
0.32968768
0.55713195
0.58474833
0.56565678
0.54540026
0.56597608
0.58817488
0.48923302
0.49064979
0.52279228
0.54797471
0.44333789
0.53523302
0.54860473
0.63890064
0.57214296
0.62506652
0.57354838
0.61856502
0.62411046
0.52893943
0.55545926
0.37906045
0.54440361
0.32132876
0.58926928
0.53763556
0.48169863
0.45554161
0.53097016
0.44724476
0.37558234
0.51304841
0.44511318
0.49697503
0.49513096
0.50194687
0.50657034
0.39505976
0.64442426
0.52104390
0.58865094
0.47607154
0.56421244
0.55671364
0.41722736
0.45804867
0.37223205
0.52639192
0.43329132
0.45216972
0.40354025
0.52104604
0.40494338
0.48926356
0.50450683
0.36589196
0.39601639
0.42608017
0.55585676
0.45410407
0.40672171