0.09163785
0.95169526
0.94022888
0.95417780
0.95626646
0.95322007
0.95943803
0.95704925
0.95876455
0.95353043
0.95982635
0.95807123
0.96263528
0.95467788
0.95560229
0.95973474
0.96100372
0.94920105
0.95733070
0.95151842
0.96082574
0.95279884
0.95699370
0.95031965
0.95626199
0.95942885
0.95782799
0.96495086
0.95554996
0.95630956
0.95124155
0.94322366
0.94184232
0.94552428
0.94956362
0.95193559
0.95242429
0.94683284
0.95077759
0.95512450
0.95613921
0.95116508
0.95372552
0.95080930
0.95460731
0.94826758
0.94296539
0.95658088
0.95042944
0.94564551
0.95223266
0.94711518
0.95144516
0.94694847
0.94216400
0.95035684
0.94459414
0.94518691
0.94088727
0.95694917
0.95178813
0.94271469
0.94951421
0.95300454
0.95518708
0.95411772
0.94124633
0.95110106
0.95186162
0.94589841
0.95390373
0.95267451
0.93763161
0.94433349
0.94688189
0.94803733
0.95270258
0.95362848
0.95490575
0.94519526
0.95407104
0.94932073
0.95261925
0.94150770
0.94594902
0.94795263
0.95433450
0.94170845
0.95072085
0.94887280
0.94883955
0.94626844
0.94378853
0.95644164
0.96218866
0.95002276
0.94681764
0.96028209
0.95690489
0.95367730
0.95372015