0.04789208
0.96055359
0.95916510
0.96155030
0.97005916
0.95902342
0.96183062
0.96857947
0.95579004
0.94459397
0.94812918
0.94494385
0.94864064
0.94454408
0.94169462
0.95018142
0.95692664
0.96061522
0.95438325
0.96613801
0.94579834
0.95518029
0.96627039
0.96078610
0.94198060
0.95907182
0.96724337
0.94426149
0.94539624
0.95480049
0.94888115
0.95283777
0.95094526
0.95547044
0.94924897
0.95645797
0.95779955
0.95159066
0.96176672
0.95437515
0.96263039
0.96989310
0.95270365
0.95453048
0.96790582
0.95456827
0.96229827
0.96177119
0.96195865
0.96920484
0.95147920
0.94999558
0.95752776
0.95837140
0.95467538
0.95619887
0.95561630
0.95571405
0.95209062
0.93264854
0.95666784
0.96395689
0.95476592
0.94516152
0.95684099
0.95105034
0.94005090
0.95500803
0.94031787
0.95961159
0.95521700
0.95913672
0.96228766
0.97014928
0.95850283
0.96018565
0.94084138
0.95891672
0.97159064
0.95169371
0.95583481
0.96034425
0.95476907
0.95465314
0.95447230
0.95799398
0.94432539
0.94691008
0.94482040
0.94828773
0.95610124
0.95142293
0.95083648
0.94249642
0.94400495
0.93827784
0.95114636
0.93270093
0.94296098
0.94744629
0.94727373