0.11512381
0.93505186
0.94683677
0.93880004
0.93883437
0.95043254
0.95045632
0.94250643
0.94519389
0.94885325
0.94578326
0.94149894
0.94306493
0.94559598
0.94358009
0.94748503
0.94818300
0.95160872
0.94535369
0.94786996
0.94114995
0.94003648
0.94607788
0.94616789
0.95186615
0.95584238
0.94717836
0.95322520
0.94742501
0.94034195
0.94068998
0.95220238
0.94154060
0.94050235
0.94752347
0.93472999
0.94699168
0.95592028
0.95094728
0.94841439
0.94650096
0.94637823
0.94032305
0.94575930
0.94740224
0.94992620
0.95529687
0.95168161
0.95022041
0.94590425
0.95413542
0.93957281
0.94722915
0.95418739
0.94455028
0.94737554
0.94696218
0.94725555
0.95140266
0.94077373
0.95256013
0.95458341
0.94476336
0.94530946
0.94575018
0.95056891
0.94211274
0.95238000
0.95258421
0.94484484
0.94651377
0.94474298
0.93955934
0.93622988
0.93773913
0.94641852
0.94297743
0.94532114
0.94104850
0.94681901
0.94371223
0.93110245
0.95020396
0.94876075
0.94400138
0.93330580
0.94317353
0.93562353
0.94827163
0.94983894
0.94645464
0.95693040
0.93802047
0.94603485
0.94573939
0.95532548
0.93877798
0.95115411
0.94272232
0.95509946
0.94354993