0.10148849
0.10762998
0.13466915
0.03851087
0.08359075
0.05674575
0.14286837
0.02670448
0.09896825
0.10812426
0.05578523
0.10664633
0.11495971
0.07309709
0.17396313
0.17746702
0.10467274
0.10055447
0.09804034
0.06589347
0.12366048
0.14689931
0.12817402
0.08834887
0.07286747
0.11325016
0.08531772
0.03377676
0.07569043
0.10623165
0.07449186
0.00713192
0.07019884
0.03033040
0.12179580
0.12831755
0.15364484
0.06622012
0.09629076
0.18278213
0.16994430
0.11438868
0.16035214
0.04030186
0.06306157
0.03900263
0.05226818
0.17398518
0.15856057
0.08422353
0.11596384
0.12405693
0.12234826
0.11698873
0.07261453
0.10604379
0.08356528
0.13939974
0.12552257
0.16642801
0.01559671
0.16619661
0.07437004
0.09925042
0.15752847
0.11842707
0.06964359
0.18161173
0.11043088
0.14852431
0.06764404
0.12110177
0.09665846
0.09525482
0.10740639
0.14816684
0.05672223
0.11835679
0.08070075
0.02328799
0.05128812
0.10859255
0.08730867
0.04088131
0.09883823
0.12974967
0.19215195
0.08879822
0.08011365
0.09483970
0.08402663
0.07092638
0.10141494
0.19256169
0.08628836
0.08984572
0.02325097
0.08505622
0.06554417
0.10096210
0.10116280