0.08970623
0.41573524
0.55391425
0.59254324
0.62018961
0.68045181
0.61895376
0.65203565
0.63201016
0.65515077
0.57263851
0.58392584
0.56635535
0.61378229
0.49986297
0.49229103
0.54493189
0.57136351
0.53190374
0.47106612
0.51684862
0.62033153
0.59306580
0.60018271
0.62329632
0.60899210
0.72614598
0.63099408
0.53713739
0.61091626
0.66384143
0.60121489
0.64227414
0.63794255
0.66779596
0.64321083
0.72422761
0.60262555
0.60500932
0.62740862
0.62761879
0.60426092
0.60268122
0.64015234
0.59397179
0.66485327
0.61978781
0.67980504
0.66375631
0.65775812
0.42566162
0.63274586
0.64058340
0.65238076
0.63963425
0.47193471
0.52378172
0.65714407
0.65463293
0.61308336
0.56199855
0.63085514
0.63181037
0.64670205
0.56304979
0.49436942
0.54972440
0.56511843
0.51784599
0.67448699
0.64900482
0.61113906
0.60673994
0.62257284
0.67050636
0.59155923
0.55609357
0.62355202
0.57314306
0.61941218
0.58738685
0.67342848
0.65068918
0.59804636
0.66073781
0.61018652
0.68690878
0.57915622
0.51116204
0.59122306
0.51948214
0.69816512
0.67316937
0.58495110
0.51281941
0.45528522
0.49959451
0.60365123
0.44566235
0.55064189
0.58309567