0.12130057
0.94796103
0.93707794
0.94326329
0.95201868
0.94562089
0.94269937
0.93892932
0.94503158
0.93499506
0.92735654
0.94371855
0.92302519
0.92633730
0.92928445
0.93294126
0.94938982
0.93569791
0.94982183
0.94197768
0.95414299
0.94167250
0.93482476
0.94602555
0.94609278
0.94873077
0.92803252
0.95191735
0.95994467
0.94468606
0.95102048
0.95750177
0.95168459
0.95366782
0.93459702
0.95576835
0.94873863
0.94320917
0.94730079
0.95292830
0.94799393
0.94952279
0.95508331
0.93510145
0.95937806
0.93748039
0.93883497
0.96042258
0.94632822
0.94968504
0.93877393
0.94826019
0.94900674
0.95401049
0.95817208
0.96364594
0.95675695
0.96041375
0.94745445
0.94936365
0.94586760
0.95495504
0.94421077
0.95931840
0.94741410
0.95360160
0.96244967
0.94404584
0.95572066
0.94373351
0.94753319
0.94770950
0.96535224
0.94007170
0.95129663
0.95546621
0.94385111
0.95837593
0.95235115
0.94620615
0.95555174
0.95846713
0.96164060
0.95857918
0.95665473
0.94996089
0.95627654
0.94759512
0.94604093
0.94794673
0.96122813
0.95708269
0.95391244
0.94430888
0.96190703
0.95729101
0.95997846
0.96079558
0.94919795
0.95317823
0.94941419