0.14325123
0.06016209
0.05587499
0.03419356
0.08691692
0.09913582
0.08975578
0.12103438
0.12071870
0.06132057
0.10315949
0.06131715
0.13732177
0.12513170
0.12246355
0.09018538
0.13102135
0.06429084
0.06068955
0.05223842
0.08186518
0.09509564
0.12571216
0.07116307
0.12596630
0.11534465
0.10465861
0.08154788
0.11440638
0.12693106
0.06872639
0.07246778
0.05473527
0.10109707
0.05733725
0.06363342
0.10432597
0.09320643
0.11504082
0.13035288
0.17213690
0.07412314
0.04722222
0.12368978
0.13218589
0.10295849
0.15024576
0.10501689
0.13981137
0.06463207
0.06777735
0.07155354
0.08302903
0.12393471
0.09810205
0.05526350
0.13031840
0.08843864
0.06338681
0.06581046
0.14260781
0.08040670
0.04517720
0.09356876
0.12535833
0.20602521
0.13170262
0.08510968
0.10757398
0.06587365
0.10762878
0.07366391
0.15609169
0.09989626
0.06334527
0.04040897
0.12294349
0.09008068
0.02695441
0.10272850
0.11908679
0.14698169
0.07068563
0.07222497
0.12644394
0.15848543
0.15542330
0.09301903
0.07835232
0.05827314
0.06944796
0.12734656
0.10186826
0.07459030
0.06995989
0.13631967
0.15471552
0.10556307
0.09681877
0.03888875
0.05622038