0.06375539
0.91393149
0.90543628
0.91421759
0.91544890
0.90757990
0.90513670
0.90493673
0.91121244
0.91637582
0.89062715
0.91881949
0.90041155
0.89754653
0.90136528
0.90683252
0.91036630
0.88975084
0.91420698
0.90529692
0.91049308
0.90740454
0.91389775
0.92447442
0.90138918
0.90462804
0.89593315
0.89643782
0.89713389
0.90849841
0.90532511
0.91534048
0.91121072
0.90449005
0.90820932
0.91811633
0.91778803
0.90692621
0.90394366
0.90281975
0.92910212
0.90749222
0.91153371
0.90940863
0.90343934
0.91367131
0.91271430
0.90389013
0.90269083
0.91490698
0.88894439
0.90396780
0.92421949
0.91391373
0.90316194
0.92708498
0.90431952
0.90281808
0.90572387
0.91178685
0.90417945
0.90083855
0.90513062
0.91204619
0.90036768
0.91264540
0.90494925
0.90850401
0.91633368
0.92633229
0.90885276
0.90765679
0.91735929
0.89547426
0.88694537
0.90137410
0.89600259
0.88541418
0.91932327
0.91116571
0.89932501
0.90592879
0.91224074
0.91697019
0.90306795
0.90149599
0.91532379
0.90208197
0.90744841
0.92253655
0.88555259
0.90696836
0.88707983
0.90498847
0.91469193
0.90994179
0.89474523
0.90500015
0.88505137
0.90031791
0.89092606