0.04433002
0.20862775
0.15502751
0.13346231
0.07059683
0.21722096
0.08714052
0.03666291
0.16102858
0.09615418
0.07538217
0.17814976
0.11755923
0.09123348
0.14170706
0.06982122
0.11584198
0.16882257
0.09603813
0.15807998
0.02920084
0.12842226
0.09529276
0.17827776
0.12980792
0.17531136
0.08878777
0.15209666
0.09227059
0.09090714
0.04011725
0.13533227
0.13871184
0.17230427
0.04066820
0.12305363
0.07385526
0.15371548
0.04766341
0.12445786
0.04990905
0.13767749
0.05601394
0.05786443
0.08543697
0.12645781
0.12599503
0.04357075
0.18711908
0.07479088
0.08691423
0.16018637
0.08272409
0.07570115
0.19587334
0.06710356
0.12655808
0.09420835
0.25096080
0.13541113
0.14218296
0.05672714
0.08095827
0.19995759
0.07669218
0.18108507
0.11659066
0.15516549
0.04153681
0.12717317
0.23501281
0.09032331
0.19765854
0.11604170
0.16623203
0.13916726
0.10013218
0.14665556
0.08346468
0.11472395
0.03754420
0.12403169
0.03495538
0.10136348
0.11571411
0.11092012
0.13442712
0.03726861
0.06165420
0.10388811
0.13423851
0.24511679
0.06690451
0.13244118
0.10747917
0.02152119
0.06645606
0.08062985
0.08880533
0.13254339
0.23451144