0.05321941
0.54867172
0.43991828
0.26323780
0.37381163
0.44163543
0.49258405
0.49010798
0.37729084
0.28282091
0.04723121
0.57493991
0.53311944
0.43398702
0.51171172
0.28922188
0.44846573
0.56603616
0.46002170
0.47858432
0.45133153
0.16658360
0.50185859
0.18802986
0.38236836
0.39195061
0.28649545
0.42454830
0.30993593
0.30511954
0.48013330
0.30255273
0.50179297
0.30368781
0.46494770
0.35983518
0.38142025
0.37606788
0.29088232
0.22268832
0.38506946
0.31911784
0.52865738
0.64965600
0.46362713
0.43978962
0.42965087
0.29025704
0.47268334
0.21085726
0.25521889
0.33160165
0.59355623
0.28072852
0.41018257
0.43918335
0.59245485
0.26430494
0.43598884
0.33835194
0.28187665
0.43610623
0.60492969
0.34408265
0.33191997
0.42645139
0.30317092
0.44578868
0.31847379
0.28223655
0.51851529
0.38222569
0.45622417
0.34067932
0.42269936
0.59793258
0.54692143
0.26533827
0.40584862
0.52632868
0.48569885
0.33435261
0.23314182
0.23949730
0.25672358
0.21757564
0.19999735
0.36758024
0.52883112
0.60816211
0.50432062
0.36249369
0.48311710
0.42792264
0.11487972
0.45982006
0.34190589
0.19747800
0.22456747
0.42178866
0.29063001