0.08533442
0.39583531
0.50809652
0.49218005
0.45864418
0.45855984
0.26444435
0.28377426
0.36982933
0.18634272
0.20226370
0.37124956
0.17930147
0.17258754
0.29553941
0.42190850
0.48012474
0.51488745
0.43552902
0.50159854
0.41141406
0.10032245
0.41926250
0.17119542
0.16151170
0.27352020
0.49189824
0.36207303
0.40865192
0.35685214
0.54683077
0.41000280
0.57349062
0.19724818
0.45616814
0.24262147
0.46358341
0.32724476
0.40578520
0.29425973
0.50674379
0.44686878
0.25390276
0.39906436
0.39750588
0.26995534
0.46175519
0.16123785
0.38653609
0.33207825
0.27328098
0.37014455
0.08514391
0.36027595
0.37748554
0.41502038
0.21941921
0.51855177
0.53444409
0.35117966
0.43871865
0.28560069
0.16618124
0.32204923
0.22839285
0.54836607
0.29387704
0.11590345
0.31954426
0.29313633
0.20624638
0.27688241
0.29651824
0.21151634
0.34505031
0.22934669
0.26254937
0.21822731
0.55787528
0.28630134
0.33917227
0.46885532
0.39329404
0.47567996
0.12798062
0.09729468
0.40402198
0.47975013
0.50314111
0.24987274
0.40663800
0.45976397
0.31058452
0.23333697
0.46768463
0.45967823
0.36418366
0.22567245
0.40407807
0.42754680
0.36870202