0.05071247
0.91615182
0.93651986
0.94048822
0.93430090
0.93285638
0.94413233
0.93700349
0.94432968
0.92462212
0.94100738
0.93558741
0.93158197
0.94223779
0.94537979
0.94028777
0.93965524
0.93142718
0.94284511
0.95019031
0.94931227
0.95347977
0.95076871
0.94340158
0.94263601
0.93713307
0.94974411
0.94636226
0.96032876
0.94830203
0.94501841
0.94229186
0.94153053
0.95071954
0.95079684
0.94273758
0.94681543
0.94618118
0.93630809
0.94182456
0.94018477
0.95085627
0.94697088
0.95156884
0.95027465
0.93786639
0.95249194
0.94431955
0.95903444
0.94992983
0.95256406
0.94960558
0.95207673
0.95709658
0.94711363
0.95913661
0.94967413
0.95031840
0.95095056
0.95342755
0.94710726
0.94570869
0.94691360
0.95234370
0.94741821
0.94635248
0.94930148
0.95021027
0.94500297
0.94756055
0.94171476
0.95691323
0.95367384
0.94106591
0.94487441
0.95324099
0.93889064
0.95086145
0.95024741
0.94267005
0.93882489
0.93652403
0.94683546
0.94721150
0.94527864
0.95164335
0.94669515
0.94328386
0.94534141
0.93986481
0.95684260
0.95201701
0.93521672
0.95014763
0.94486654
0.93700111
0.94803739
0.94070047
0.93882233
0.94430327
0.94954163