0.06884555
0.91534752
0.91903824
0.93821180
0.89805979
0.91293097
0.90648133
0.93804884
0.91886818
0.91455925
0.92697996
0.93864286
0.90684348
0.93438447
0.93782663
0.91940528
0.94234627
0.94351357
0.94154328
0.92728621
0.93414164
0.92324686
0.90334457
0.92465246
0.90788615
0.93084878
0.93980712
0.93061996
0.92454618
0.92460251
0.91718900
0.92425364
0.91637069
0.90133876
0.92047656
0.93851280
0.92958593
0.92256892
0.92280978
0.90523118
0.89463782
0.90466899
0.91865230
0.91844177
0.91974854
0.91387057
0.93826354
0.93488973
0.91852933
0.92260551
0.93071496
0.92669785
0.93381691
0.93041468
0.93205774
0.92155594
0.93335515
0.92619205
0.90513855
0.91589212
0.93687767
0.91489691
0.93094260
0.92303085
0.91658872
0.91065216
0.92296410
0.92085707
0.92023748
0.87894630
0.90234345
0.90576041
0.88720489
0.90201026
0.89692879
0.93559527
0.91701704
0.89231688
0.92234743
0.93251288
0.91825646
0.93168187
0.93713295
0.90667832
0.94049883
0.93176115
0.90564954
0.91680855
0.91082960
0.92073655
0.92714399
0.93002188
0.93079025
0.92896187
0.91985923
0.92646146
0.93807578
0.93084693
0.93348658
0.92910284
0.94488031