0.14959984
0.20523207
0.10778236
0.15898825
0.12176748
0.04951140
0.19003481
0.09274830
0.08780932
0.03308737
0.08114941
0.10578319
0.19561729
0.04591602
0.11937127
0.10153481
0.12410934
0.11168285
0.18233497
0.08383410
0.12001354
0.04583510
0.10784886
0.10359644
0.08398488
0.10164933
0.16411091
0.06085760
0.07170112
0.08423238
0.13031837
0.07937104
0.11121495
0.13086940
0.09065846
0.04618825
0.13205256
0.16651990
0.06042255
0.19485132
0.20076832
0.06846737
0.08643844
0.03711666
0.15876727
0.04278683
0.03173501
0.18524654
0.03277265
0.10306738
0.05274570
0.04010113
0.09513948
0.17175213
0.10257735
0.05897680
0.08125265
0.08655698
0.13003242
0.07865842
0.21662942
0.12869436
0.15867525
0.10980771
0.05963590
0.11201606
0.06563710
0.04407755
0.09385955
0.06828738
0.06879923
0.07597360
0.04885653
0.08934139
0.11636580
0.07659417
0.12540902
0.10001289
0.14015713
0.07460694
0.08231413
0.14163481
0.09074437
0.04273805
0.08909447
0.10857072
0.03978612
0.03932082
0.11498288
0.15380420
0.08397072
0.14215425
0.06851309
0.16111639
0.04409955
0.12368903
0.12316196
0.08261193
0.15568522
0.19961710
0.12893447