0.04433002
0.90807837
0.91415346
0.92374885
0.90279055
0.90833926
0.88602835
0.91840762
0.91097426
0.92243767
0.92032832
0.91529244
0.90977645
0.90806305
0.90984237
0.90646875
0.90267682
0.92062986
0.91317660
0.90541273
0.91369772
0.89295793
0.92714113
0.92129022
0.91546583
0.92002928
0.90155548
0.88035887
0.90074110
0.91452980
0.88195300
0.90068626
0.90373939
0.89660585
0.91573393
0.87928796
0.91544271
0.89067954
0.90522385
0.82022202
0.92314446
0.90210199
0.89365786
0.92355263
0.89864594
0.89887583
0.91113067
0.91348565
0.91505605
0.92242324
0.91876251
0.91329378
0.92582411
0.89472300
0.91670287
0.92021620
0.89802217
0.91811728
0.91264212
0.91188085
0.90769720
0.90218335
0.92093009
0.91607833
0.88260704
0.89030027
0.88591367
0.89891261
0.89364088
0.89822525
0.90325183
0.87009835
0.88258642
0.91110986
0.91986626
0.92051667
0.89619088
0.90446138
0.92231536
0.91875875
0.92489070
0.91870862
0.89726520
0.89798975
0.90640724
0.92898071
0.90376544
0.92570281
0.89514756
0.91732758
0.90504313
0.91154671
0.92342055
0.90434045
0.91377169
0.89791769
0.91398841
0.92419320
0.91174567
0.91925836
0.90102553