0.12130057
0.94051534
0.93871641
0.93223119
0.93785632
0.93204480
0.93816972
0.93160981
0.92497337
0.92373270
0.94658059
0.91942805
0.93312395
0.93144953
0.93904912
0.95344424
0.93830168
0.93029958
0.92752349
0.94135278
0.93854636
0.92806089
0.92939168
0.93307954
0.93145895
0.92767191
0.91046113
0.92453158
0.93261796
0.93256414
0.93329924
0.94333136
0.93425488
0.92442888
0.91365951
0.93310094
0.91980684
0.94157499
0.92693305
0.93188506
0.93237299
0.92850757
0.92349619
0.93274224
0.93499619
0.93280977
0.93705744
0.92375314
0.92640686
0.92311257
0.92602575
0.91621137
0.92957413
0.93527311
0.94488442
0.92608505
0.92872787
0.93665552
0.92395270
0.92943114
0.91112280
0.92408705
0.93307334
0.92714399
0.91993922
0.93182164
0.93348384
0.92462832
0.93110448
0.92247391
0.92980415
0.93739724
0.92278785
0.92227495
0.90761024
0.92130011
0.92454666
0.93296713
0.89899886
0.92788839
0.93196779
0.91831422
0.92323172
0.93805724
0.93339235
0.91631180
0.92936754
0.92123365
0.92878813
0.93446904
0.93304586
0.92997277
0.92196238
0.92750818
0.90994161
0.93997437
0.93087584
0.93281519
0.91043615
0.90511405
0.90569800