0.04957702
0.06903510
0.14069423
0.06006447
0.14896207
0.08326411
0.09719259
0.08557828
0.16364171
0.10382356
0.22350366
0.06822851
0.08827064
0.09336662
0.10457571
0.09441194
0.13826755
0.17764567
0.21902622
0.11807073
0.23909269
0.08564812
0.13140145
0.16680153
0.12618023
0.14658855
0.12757576
0.11358911
0.15639621
0.10942405
0.12187400
0.24830525
0.21697100
0.02878360
0.10555753
0.22163065
0.04784008
0.12590680
0.04431643
0.06335801
0.07124361
0.08694614
0.03172711
0.07124984
0.19629321
0.16810733
0.06681337
0.08370474
0.07740989
0.07141404
0.12860589
0.13356285
0.11802205
0.13763779
0.23516317
0.21639940
0.11853796
0.09286057
0.13257194
0.08141960
0.11206844
0.06777223
0.17902613
0.11583370
0.25842652
0.17308244
0.10284931
0.10003048
0.11555126
0.21770057
0.11709318
0.11276338
0.10197303
0.11423809
0.18503882
0.10020696
0.15084945
0.11388843
0.17057393
0.03926153
0.06044926
0.12281060
0.13446115
0.07619761
0.18916269
0.08523676
0.10327160
0.27409223
0.25934973
0.06621726
0.15908477
0.14165729
0.15019320
0.11146576
0.10120199
0.23767728
0.16021921
0.11076756
0.07361982
0.04483908
0.09750585