0.04913504
0.36118233
0.35887516
0.27918279
0.35259974
0.46210277
0.23025416
0.32348832
0.36868989
0.35201535
0.13909283
0.23613414
0.24543297
0.32212275
0.55679053
0.28801781
0.44240186
0.30340022
0.24019367
0.18816398
0.07532207
0.16129237
0.36425290
0.20293386
0.36160278
0.46731564
0.50643510
0.37858558
0.57018268
0.31320545
0.39324540
0.38017845
0.50563246
0.46908566
0.50719601
0.15092093
0.08914410
0.39939046
0.43529433
0.39085153
0.26685092
0.16732720
0.38366374
0.30970812
0.30814862
0.35099509
0.21851939
0.22575781
0.33743060
0.51702803
0.38496995
0.45513448
0.42993256
0.22873791
0.39790919
0.30780953
0.37366584
0.23171839
0.47297746
0.54996008
0.45794737
0.35805374
0.35862762
0.45580304
0.50161976
0.39567679
0.36338490
0.26213580
0.39573503
0.27634600
0.35077900
0.28124788
0.50374055
0.36266369
0.21764496
0.24740821
0.41611415
0.21907820
0.50581819
0.49587810
0.48898575
0.43930385
0.27689305
0.15216845
0.19322789
0.40340093
0.28533012
0.07446866
0.55571318
0.39926994
0.40205443
0.44390810
0.42297542
0.41471690
0.32112792
0.19459562
0.37003398
0.42414409
0.43842915
0.55080175
0.41975635