0.06924482
0.14245503
0.03981577
0.03245590
0.10553775
0.05873013
0.10832191
0.06655098
0.13236088
0.10095034
0.06510655
0.08392981
0.13382828
0.04118344
0.05555566
0.09020584
0.07987466
0.08854823
0.08551796
0.11204123
0.09162161
0.07606348
0.03559705
0.11412481
0.09717366
0.11012492
0.14157133
0.07655919
0.09314465
0.06772663
0.09914036
0.04215588
0.07774771
0.09794781
0.14478420
0.13293630
0.04248207
0.09657702
0.17886418
0.10924014
0.09234106
0.11231026
0.06189649
0.13688004
0.11056440
0.08361563
0.09418177
0.13672468
0.10912980
0.06630471
0.09526704
0.11728443
0.06347698
0.07780895
0.14092658
0.08344480
0.03514761
0.12889937
0.04709292
0.14662643
0.03537716
0.06441703
0.12967741
0.08607503
0.14863484
0.05318148
0.12439123
0.09281292
0.07624930
0.11349532
0.10424938
0.11167455
0.04736595
0.10824732
0.07212224
0.12562251
0.09979196
0.04377225
0.11516877
0.06805073
0.10298774
0.08024039
0.18516508
0.14882310
0.08717115
0.08339611
0.05819389
0.16902733
0.11539793
0.10254789
0.10555101
0.11334181
0.06173657
0.05976706
0.07859358
0.11708467
0.12761587
0.07639948
0.05286337
0.07287060
0.13697605