0.14341784
0.88922203
0.89453244
0.89488715
0.93483889
0.92165065
0.94728637
0.92811823
0.93179220
0.93132126
0.91040939
0.92201585
0.92985344
0.92344493
0.93166006
0.93779665
0.93264961
0.91356689
0.93219429
0.90400034
0.89499784
0.92127913
0.92012131
0.91839027
0.91062391
0.93348277
0.93838972
0.90150946
0.92626244
0.92490625
0.91078484
0.93572474
0.93275541
0.93720454
0.92847222
0.91960710
0.93561655
0.90410691
0.89962977
0.87368792
0.88808858
0.91805357
0.94518560
0.91799659
0.92210180
0.90644145
0.93209594
0.92412996
0.93931335
0.92943430
0.93845642
0.93311828
0.94152725
0.91906774
0.94461465
0.92726594
0.94986117
0.94215941
0.93405831
0.93369764
0.92220825
0.91512877
0.93760359
0.94425195
0.93367571
0.93659723
0.93894476
0.92771167
0.93037474
0.93365443
0.90719521
0.93512809
0.93024409
0.93417776
0.95247126
0.93542039
0.93189168
0.94644499
0.92289305
0.91596144
0.93039805
0.92279536
0.91996086
0.93262011
0.94439214
0.93332362
0.93424344
0.92793250
0.92408425
0.92531031
0.90807641
0.91686004
0.92670274
0.92464483
0.89671546
0.93414199
0.92625344
0.93992877
0.94036108
0.93202943
0.92003107