0.15609142
0.95159674
0.94823217
0.95505106
0.94385636
0.96673894
0.95983917
0.95447040
0.95606858
0.94061363
0.92936289
0.95698768
0.94721240
0.94482636
0.93728369
0.95708114
0.95400429
0.95813346
0.95445192
0.95412999
0.96137911
0.96604490
0.96546137
0.96129638
0.95823580
0.95708460
0.95368612
0.96667051
0.96070594
0.97101158
0.96265030
0.95193750
0.97036529
0.94901872
0.96090609
0.96650344
0.95902121
0.95388150
0.95089537
0.95099658
0.95088720
0.94208598
0.93664068
0.96205628
0.94763094
0.94646555
0.95256704
0.93922728
0.93351614
0.92538643
0.93396109
0.93790364
0.93419039
0.93286049
0.92328894
0.90660936
0.92574853
0.93052274
0.94474852
0.95157510
0.94754291
0.95468408
0.94608575
0.95903474
0.96012717
0.92429680
0.94435346
0.94033080
0.93300855
0.95317644
0.95615965
0.95419317
0.96014601
0.96350688
0.95625061
0.96258181
0.96167618
0.96280706
0.97002280
0.96517152
0.96492356
0.95961523
0.96759325
0.96332216
0.96727163
0.97072870
0.96090460
0.97370893
0.96153718
0.96887285
0.96344066
0.95139676
0.96453059
0.96310151
0.96587390
0.96018183
0.95359373
0.95452410
0.94577843
0.96028137
0.96829242