0.10090737
0.24386351
0.33053592
0.18560253
0.19906496
0.19779935
0.29190338
0.27882418
0.26634088
0.24596091
0.34627232
0.16452610
0.26294005
0.15990326
0.12103100
0.18118736
0.22337213
0.17030130
0.21051468
0.06471282
0.21419546
0.13789263
0.22581798
0.27668205
0.35287187
0.28083369
0.22036391
0.14732438
0.15245014
0.18117917
0.26102683
0.15772457
0.25501508
0.12222964
0.22375304
0.34012875
0.14965400
0.16493052
0.18797740
0.29026070
0.26918373
0.34144869
0.24873428
0.17578536
0.08436499
0.10310487
0.16941872
0.16368438
0.14273997
0.13466221
0.10226387
0.18574177
0.31084424
0.17227022
0.21718208
0.26865503
0.12116197
0.18376485
0.29511955
0.28047529
0.13742326
0.21483010
0.19041435
0.21295600
0.22246416
0.30193448
0.23438884
0.21007822
0.23856136
0.17433752
0.19611259
0.07037959
0.22503889
0.33805865
0.32363215
0.29150277
0.20595264
0.07638312
0.17895710
0.15180859
0.10981371
0.33176056
0.05222428
0.09629625
0.05326252
0.11113892
0.11801254
0.22971196
0.20326035
0.16620369
0.10345847
0.23695897
0.29211757
0.21677631
0.28073293
0.24370438
0.26156297
0.22245133
0.34280914
0.25539055
0.30449450