0.10519592
0.96050417
0.94588751
0.95936042
0.95003462
0.95412493
0.96154028
0.95778102
0.95510310
0.96210778
0.95698732
0.95748550
0.95802599
0.96048552
0.95710230
0.94167590
0.95922667
0.95985794
0.96405852
0.96613395
0.96526229
0.94308162
0.96389574
0.94637728
0.95238090
0.94414157
0.94977647
0.94517481
0.94366729
0.93606454
0.96052462
0.93883485
0.92562532
0.94662565
0.94188690
0.95216364
0.95205408
0.95594263
0.93910891
0.94359314
0.93724090
0.94747806
0.96030152
0.94245791
0.94051397
0.93583059
0.94802022
0.94447374
0.94091153
0.94341981
0.94503433
0.94804627
0.93287396
0.94635856
0.94107729
0.94339967
0.94929576
0.95654589
0.95122588
0.94548517
0.95366377
0.94229239
0.96358114
0.95085365
0.95203418
0.95493782
0.95916021
0.95108110
0.96648401
0.96082312
0.95395339
0.96719527
0.95282203
0.95452094
0.95300478
0.94298232
0.94939113
0.94315910
0.95691109
0.95702058
0.95234323
0.95697379
0.95411682
0.95342463
0.96456778
0.95426941
0.95357931
0.93926966
0.94616020
0.95321822
0.93405527
0.94661504
0.95124108
0.95992690
0.94948435
0.95001024
0.95268744
0.95747924
0.95189023
0.94379610
0.93842554