0.06721490
0.12111622
0.12563311
0.08968078
0.13060354
0.08287446
0.09720844
0.06314758
0.07773013
0.05090736
0.06976384
0.08868690
0.09090690
0.13024165
0.08427733
0.09590736
0.17066085
0.07919519
0.07083850
0.13546430
0.04521170
0.10247504
0.16153157
0.11081588
0.15463546
0.06251390
0.11968729
0.08567663
0.13008602
0.07723263
0.03737730
0.11631158
0.08455636
0.05837269
0.10751218
0.04950507
0.08836192
0.08710092
0.12576889
0.09007365
0.12137044
0.09873583
0.08478928
0.09246234
0.12766175
0.12320165
0.26413763
0.02625963
0.07403712
0.10920170
0.06632636
0.03573909
0.06168535
0.06668417
0.14171156
0.11109736
0.11265101
0.07107539
0.09586699
0.03444904
0.07310561
0.05486761
0.03970753
0.08875244
0.03176118
0.05737923
0.08257594
0.09447007
0.07648975
0.10896020
0.12365041
0.05233614
0.03905638
0.06654222
0.15750049
0.10702469
0.11125462
0.12183882
0.14726774
0.12091222
0.17077842
0.03631954
0.13700384
0.09390988
0.03424788
0.06612393
0.19320102
0.05881310
0.05900187
0.04167816
0.12492507
0.06647430
0.11372274
0.11033698
0.19989252
0.06138445
0.16397545
0.04866487
0.13745861
0.23227711
0.09443475