0.09753011
0.88079214
0.86759317
0.88197255
0.84484780
0.88264108
0.86428612
0.86027265
0.85933977
0.88125783
0.90214884
0.88893026
0.88411385
0.86276513
0.92982107
0.92226148
0.92724818
0.93742037
0.93264574
0.91197896
0.94069421
0.93735552
0.92727637
0.94935638
0.92965281
0.90286934
0.93614697
0.94089991
0.93239331
0.92665023
0.93401259
0.92253655
0.92453665
0.91404730
0.91915596
0.91374671
0.90079880
0.91040754
0.89517248
0.88676775
0.89030039
0.86845934
0.91664672
0.91781980
0.90230203
0.91582716
0.89043325
0.90604860
0.90147853
0.88468343
0.90156150
0.89407861
0.89947730
0.89765143
0.88753980
0.91963196
0.90884990
0.90553856
0.91519856
0.91446465
0.91516793
0.91490996
0.91386747
0.91684252
0.89976335
0.92806810
0.90635324
0.92631727
0.88895136
0.90497416
0.89671725
0.90877634
0.90995246
0.90615571
0.91159129
0.92490393
0.90730673
0.87137568
0.87859011
0.88552910
0.88597494
0.92064726
0.89915603
0.90641272
0.92586684
0.92818063
0.92840874
0.91092902
0.93969011
0.91726661
0.92775011
0.94450969
0.94611531
0.91803759
0.91069633
0.91621244
0.92781907
0.92136270
0.92496079
0.93433601
0.94583380