0.05043321
0.95761490
0.94044721
0.95403260
0.94137621
0.93161672
0.94258153
0.92681724
0.93719727
0.92108309
0.93790406
0.93957186
0.94095767
0.95546824
0.95541853
0.94148058
0.94398063
0.94324905
0.93275583
0.94159096
0.94635165
0.94563508
0.92434174
0.92867923
0.94821525
0.92963982
0.93983603
0.94645035
0.94211406
0.93026948
0.92987096
0.93918371
0.95511925
0.93993741
0.93630648
0.95207101
0.95006257
0.94101423
0.91819841
0.94788659
0.95114362
0.94809908
0.93742150
0.94444376
0.94140905
0.94338256
0.94100845
0.94026446
0.94936061
0.93917978
0.93948311
0.94480348
0.94784975
0.94442725
0.94383407
0.94569212
0.94433314
0.94041765
0.95211112
0.95283884
0.95999700
0.95887494
0.94152856
0.95439607
0.95262939
0.95302314
0.95319986
0.96199346
0.95121503
0.94562674
0.94708657
0.93484062
0.94812393
0.93114817
0.91942650
0.93859965
0.94364947
0.94393802
0.95040429
0.93806040
0.93836594
0.93317270
0.95051032
0.93721503
0.93639165
0.94804603
0.93437141
0.94868541
0.95329267
0.94779122
0.93889636
0.93984926
0.95186198
0.92999166
0.93669432
0.95068955
0.94871950
0.93843031
0.93904907
0.95297629
0.94434112