0.08449510
0.19634801
0.04778692
0.10484862
0.07051137
0.14604884
0.11518840
0.02956413
0.11519867
0.02248161
0.06705586
0.09233370
0.09018730
0.11736151
0.12814009
0.05356881
0.11204927
0.10292220
0.03072796
0.13730030
0.20107932
0.05773732
0.13630791
0.13341531
0.07436007
0.02721954
0.05626711
0.14357063
0.06774262
0.06296390
0.05779788
0.05949138
0.11555017
0.11182447
0.11600517
0.07130656
0.09193550
0.02476122
0.07205931
0.07493045
0.05027866
0.12961040
0.10186985
0.03146806
0.10587499
0.07430313
0.15273164
0.13281481
0.18107978
0.09356084
0.07514601
0.10667376
0.11780258
0.15298276
0.21849589
0.09481478
0.07343756
0.09221032
0.16541156
0.09860758
0.05805179
0.13252057
0.05260539
0.05645639
0.08766747
0.06520794
0.18714549
0.10418007
0.06177674
0.05933841
0.14230466
0.07530951
0.09254115
0.06585529
0.05192735
0.07431486
0.18766463
0.07295899
0.10791155
0.14620759
0.06554946
0.04547894
0.05249092
0.08988070
0.04403188
0.07849975
0.14524989
0.07776501
0.03111184
0.20315878
0.09161742
0.12077411
0.13959557
0.11043245
0.05700995
0.12596039
0.21143609
0.09883820
0.11469779
0.04871714
0.08311540