0.06884555
0.95393503
0.95160675
0.96510011
0.94973582
0.95125616
0.94862503
0.95893157
0.94789034
0.94978571
0.95915872
0.95896286
0.94801664
0.95435750
0.95664895
0.95623857
0.95078254
0.96052378
0.95408136
0.95928693
0.95725471
0.95904803
0.96544379
0.96340948
0.96239495
0.94819665
0.95490694
0.95695174
0.95589823
0.94518018
0.95696348
0.95902282
0.95860010
0.95427269
0.96082985
0.96570170
0.95354182
0.96103609
0.96467382
0.95547175
0.94994408
0.95505631
0.93734586
0.95077926
0.95910680
0.94810319
0.95392060
0.95726889
0.96581656
0.96151811
0.96372885
0.96470243
0.95981824
0.98036337
0.97784722
0.97339010
0.97371811
0.96790558
0.96212387
0.95390809
0.96105582
0.97172391
0.96737176
0.98139685
0.97455347
0.97620112
0.97843605
0.97557223
0.97822261
0.97087407
0.95992714
0.95700514
0.95778757
0.94416261
0.95485491
0.95535105
0.95858717
0.95320249
0.96016049
0.96770591
0.96393049
0.95763320
0.96340621
0.96996170
0.95852900
0.94888771
0.95888907
0.97070384
0.96102750
0.96400487
0.96634203
0.97403699
0.95590395
0.95822424
0.96481878
0.95530021
0.95226741
0.96576071
0.96700746
0.96822309
0.96930265