0.08236460
0.93193626
0.91694605
0.92000902
0.93334204
0.92528564
0.94070554
0.93371713
0.93035561
0.93559104
0.91780472
0.92340750
0.94065905
0.92216486
0.92128974
0.92090064
0.92308313
0.92610991
0.93421096
0.91793883
0.93480241
0.92421347
0.91765082
0.93419093
0.92578334
0.92419243
0.91682923
0.91178519
0.93388891
0.92635131
0.93064481
0.93335485
0.93650836
0.92583108
0.92720449
0.92302728
0.92506331
0.91158152
0.91576922
0.92341101
0.92351067
0.92991805
0.90479958
0.92590308
0.91277277
0.92038268
0.93168348
0.91465741
0.91764569
0.92542398
0.91322762
0.92871666
0.92912787
0.92768216
0.93156928
0.92027819
0.92206991
0.92435938
0.91670907
0.93151468
0.93011808
0.92687309
0.92360479
0.93726039
0.93553084
0.93546587
0.93871391
0.93457621
0.93041658
0.92621452
0.93198693
0.93394780
0.92367029
0.93444818
0.93880576
0.92004418
0.91514951
0.93481231
0.93342859
0.93334734
0.93841255
0.93921602
0.93535662
0.92307913
0.92973971
0.94298041
0.92997164
0.93602890
0.93012244
0.93710983
0.93713462
0.93994886
0.92971873
0.93284243
0.94284141
0.94340628
0.93486053
0.93419105
0.94269830
0.92967397
0.93985087