0.08581891
0.16538206
0.21029608
0.12976955
0.26057252
0.42148724
0.36550245
0.34118378
0.33486390
0.36012137
0.29100510
0.19467458
0.25349563
0.22931966
0.30216447
0.27048126
0.23370665
0.10149102
0.33466217
0.37799090
0.29535401
0.31095475
0.43270999
0.38257310
0.33088523
0.37538356
0.25739041
0.19805399
0.13479735
0.20835584
0.28881723
0.17930134
0.31844565
0.30288336
0.26910168
0.28373212
0.29709527
0.33623946
0.41773975
0.48728162
0.33538750
0.37413228
0.17604350
0.27574536
0.14182495
0.23128904
0.12999758
0.25596192
0.26577729
0.15202880
0.12488482
0.29097179
0.29012674
0.33797520
0.23457386
0.30843356
0.45433763
0.25874385
0.24813926
0.15820208
0.07393490
0.12774812
0.25755027
0.33339489
0.42160758
0.33057761
0.48303741
0.50902790
0.48695591
0.37049115
0.32174966
0.36586225
0.47243828
0.39055419
0.34666574
0.19086914
0.19121413
0.12380740
0.13144392
0.30973569
0.32470596
0.19486183
0.25224686
0.06954853
0.14459768
0.23033395
0.17373662
0.30567163
0.38889435
0.41643009
0.33420062
0.18565425
0.15899415
0.14384288
0.25747508
0.15174942
0.28025872
0.16212901
0.08849668
0.05632380
0.19699503