0.17097370
0.03363044
0.11409590
0.09919178
0.08893923
0.16041785
0.12893507
0.07330552
0.06735740
0.13836758
0.08602271
0.08522063
0.02531614
0.07901087
0.08755027
0.09519149
0.11357871
0.13776571
0.11383975
0.08418403
0.06618874
0.07691218
0.11862902
0.11407818
0.11672740
0.05607788
0.08969171
0.05162253
0.10434407
0.12825842
0.15477003
0.06563184
0.02106490
0.09112405
0.07916674
0.13124515
0.15953001
0.01263145
0.09461046
0.02310313
0.07691392
0.03752954
0.09286355
0.10641447
0.13224931
0.06815360
0.06116023
0.13237163
0.06072811
0.13632400
0.17022064
0.19444883
0.13118848
0.10893165
0.05947881
0.05264566
0.14339247
0.16460219
0.08609047
0.11639541
0.07653978
0.08565380
0.05673106
0.09280545
0.16129428
0.17619839
0.10344604
0.06590998
0.04731806
0.06372166
0.02940959
0.13864018
0.14782822
0.09249736
0.07916971
0.10250720
0.11717737
0.06023296
0.03642064
0.12595966
0.07360389
0.17288032
0.05078521
0.15693517
0.13255642
0.17674805
0.02008734
0.14859775
0.03771707
0.13060534
0.09566522
0.07749220
0.12790999
0.11218014
0.10438811
0.12165792
0.11447058
0.12181786
0.16858877
0.13049056
0.11307174