0.13204351
0.08156122
0.10285126
0.04433702
0.10929428
0.15809003
0.12911220
0.05297399
0.14696729
0.13750750
0.13597789
0.05279153
0.08456710
0.07544434
0.01952812
0.05324164
0.13420615
0.10022763
0.15544493
0.08465892
0.15891616
0.11728553
0.12479681
0.03388349
0.06462612
0.10943058
0.12767175
0.09721153
0.13132094
0.11892220
0.07086246
0.00842159
0.04102448
0.11481140
0.08497075
0.08997484
0.13443506
0.09009960
0.08131181
0.14580967
0.12513946
0.10325476
0.04796408
0.10247105
0.09849317
0.10206566
0.10510509
0.11585861
0.14874081
0.10436435
0.10747972
0.05806499
0.12973279
0.06256900
0.13578475
0.14383253
0.15689021
0.09675407
0.08582548
0.13838387
0.11023702
0.08085353
0.06968915
0.18574081
0.14085647
0.06526519
0.07964364
0.06456512
0.12797996
0.11281617
0.11968148
0.16571122
0.13594159
0.12102836
0.13452297
0.07381058
0.12499087
0.14376308
0.10199032
0.11765585
0.10711232
0.06937837
0.14540046
0.09800357
0.10969299
0.07887886
0.12069760
0.06103439
0.15806973
0.05819226
0.07910550
0.08218423
0.05755729
0.04114505
0.05902542
0.09494038
0.11598124
0.11980261
0.09409282
0.05335438
0.10386690