0.04913504
0.87299210
0.84966791
0.84960991
0.84938979
0.85521334
0.85616511
0.84446663
0.88022733
0.83474320
0.85232103
0.82676619
0.83788061
0.83238816
0.83824724
0.86110789
0.84503531
0.84316081
0.86140132
0.84164751
0.88033843
0.85734105
0.85901695
0.80453521
0.84185576
0.83258712
0.85023260
0.84281123
0.86788332
0.84926093
0.86366355
0.87182349
0.85753274
0.85472459
0.83977616
0.86004996
0.84683728
0.81356943
0.84559488
0.87751389
0.85709810
0.87861806
0.84516776
0.83527774
0.86031920
0.87410784
0.85566801
0.87184364
0.83056235
0.86795861
0.87530327
0.87794691
0.82582694
0.88514107
0.84975517
0.85165000
0.86580926
0.86012590
0.86424237
0.85719985
0.83976614
0.84149522
0.86265612
0.86076975
0.88626432
0.83399057
0.85808700
0.84329963
0.84548247
0.86248207
0.85624003
0.83643073
0.85767961
0.85940093
0.87194449
0.86348450
0.86024112
0.83172274
0.86270785
0.85445249
0.82911766
0.84261888
0.86711019
0.84611976
0.84590781
0.86337477
0.89247549
0.85333395
0.84262377
0.86471343
0.87393105
0.86509478
0.83614558
0.85726744
0.85402894
0.87902206
0.84435225
0.85677308
0.86066717
0.88088191
0.86794883