0.13948847
0.30087236
0.16083854
0.29819438
0.34107593
0.52528131
0.41595122
0.34510985
0.42521241
0.33294311
0.36430573
0.41261029
0.36175346
0.37213743
0.26500389
0.16553324
0.26621187
0.35661957
0.23348801
0.18330353
0.27850148
0.31476319
0.08592078
0.12675039
0.16152844
0.12372013
0.19101629
0.08449962
0.17745188
0.26612061
0.25150725
0.27057159
0.34473011
0.39892808
0.38446948
0.39545590
0.33620429
0.27826098
0.28591716
0.20570393
0.23512404
0.17263882
0.19631229
0.25300398
0.31074998
0.15499845
0.18446234
0.20490293
0.26308429
0.23647657
0.25665668
0.30193681
0.24308185
0.25157592
0.32174522
0.22392234
0.25465927
0.18901943
0.22165671
0.21469124
0.10531454
0.31027505
0.31479549
0.46293136
0.38862798
0.41315135
0.43186581
0.35981625
0.39966956
0.43717968
0.34939504
0.35705197
0.38528404
0.21481362
0.45643878
0.40265870
0.44714835
0.32126263
0.34495559
0.35142875
0.37640220
0.42921543
0.10989929
0.09232116
0.14072560
0.13233623
0.14469503
0.16790453
0.12372214
0.05663424
0.16977541
0.15837856
0.29761830
0.17880857
0.16643625
0.17001194
0.18025745
0.15161666
0.08047081
0.14776042
0.30475658