0.14341784
0.94275320
0.95196241
0.94837183
0.95601362
0.95700538
0.96742493
0.96247214
0.95976496
0.95980662
0.94238228
0.95650882
0.95638549
0.93908525
0.95516229
0.95566839
0.96225005
0.95094627
0.96249604
0.95027578
0.95207542
0.95754796
0.95876992
0.95542717
0.94905263
0.95248115
0.95841950
0.94431132
0.95313299
0.96175551
0.94716406
0.95708346
0.95635915
0.96531671
0.96044165
0.95474756
0.96009552
0.94554710
0.94289255
0.94950384
0.94653177
0.95795912
0.96559262
0.95332575
0.95865560
0.94811219
0.96087426
0.95863867
0.95856118
0.94789034
0.96039963
0.96051943
0.95744586
0.95787722
0.96280283
0.95872879
0.96795154
0.96184808
0.96030217
0.95484614
0.95412993
0.95265126
0.95409048
0.96151376
0.94963610
0.95542914
0.95570993
0.95655107
0.95814294
0.95570135
0.94649196
0.96353227
0.95804411
0.96277827
0.96512485
0.95106781
0.94995248
0.96077156
0.95667338
0.94372916
0.94617295
0.94832313
0.95180464
0.94853425
0.95968843
0.95259613
0.96671915
0.96111053
0.94962585
0.94874716
0.92236882
0.93530113
0.94687903
0.95650029
0.93713433
0.93618202
0.94270951
0.94981676
0.93972892
0.93582529
0.93727279