0.05169185
0.78662646
0.88462907
0.83027595
0.82710421
0.86818457
0.80128783
0.86104727
0.86034274
0.84327394
0.87804955
0.87320620
0.84685493
0.86546779
0.81741214
0.79286575
0.86309659
0.84798342
0.86732674
0.83541417
0.85417265
0.82970220
0.82262480
0.83790171
0.84471887
0.84944016
0.82484514
0.84648573
0.82871252
0.80070555
0.85787129
0.86715120
0.80190462
0.83408242
0.83000529
0.81015784
0.88484567
0.83804214
0.85210145
0.87371176
0.83516073
0.85445756
0.82276344
0.84577674
0.85987860
0.82681501
0.85092717
0.86577249
0.85846770
0.85131425
0.87503433
0.80886877
0.84154320
0.86147588
0.79796225
0.82882708
0.83770871
0.85417533
0.82722777
0.83317459
0.84857702
0.83060235
0.86491889
0.87736893
0.84862500
0.85104680
0.83727568
0.83908653
0.80715883
0.81033975
0.80501467
0.83882028
0.83468932
0.86389381
0.81247544
0.86358094
0.84175056
0.82950109
0.80818504
0.84855920
0.86915261
0.81723207
0.83525896
0.80560458
0.86601275
0.82693380
0.86409760
0.85529673
0.82408351
0.86256874
0.82099283
0.84408700
0.79301244
0.86848921
0.86347228
0.84173173
0.86244386
0.85661286
0.86833817
0.85486895
0.78345782