0.09753011
0.80081415
0.87201345
0.87959045
0.84455210
0.87038249
0.88202864
0.85586900
0.87453246
0.82429755
0.80897278
0.86892354
0.86823785
0.86552125
0.88419318
0.86833280
0.85859007
0.86354780
0.85665983
0.87954271
0.81667274
0.84405655
0.85792643
0.81280386
0.84204978
0.85603750
0.85017717
0.86417389
0.81910348
0.83459336
0.87963748
0.85577881
0.86568880
0.87262499
0.83934420
0.82805908
0.86507297
0.88327390
0.86192411
0.86536670
0.85979074
0.82898039
0.86246324
0.85148275
0.83580339
0.86888289
0.83627969
0.86706597
0.81721258
0.84929609
0.83392859
0.82688981
0.82785869
0.87630492
0.86017108
0.85175943
0.86880445
0.87741715
0.84721464
0.84116369
0.83488220
0.83614123
0.88407606
0.86578554
0.84402788
0.83197403
0.83247942
0.84825128
0.87432837
0.83352679
0.84686071
0.80025601
0.85639703
0.85056573
0.85343742
0.86404657
0.81741023
0.85522550
0.86135149
0.84813100
0.88760322
0.89206916
0.83149505
0.84707725
0.81358892
0.86872596
0.81965727
0.89282423
0.83603686
0.85485184
0.85034233
0.81870866
0.87173873
0.82716089
0.84291130
0.85220057
0.85002542
0.83714795
0.82232416
0.82462746
0.81782651