0.14341784
0.95819974
0.96541649
0.96171343
0.97162282
0.96895617
0.96757120
0.96867448
0.97250342
0.96472853
0.96259409
0.95889926
0.96070367
0.96017236
0.96983439
0.96421951
0.96754491
0.96614182
0.96123278
0.96542978
0.95626521
0.95682150
0.96134454
0.95310247
0.95742577
0.96328622
0.95852828
0.96221596
0.95380682
0.96132743
0.95097649
0.96515757
0.95577723
0.96476960
0.95406479
0.95542824
0.94570017
0.95339996
0.93925875
0.94491065
0.94474357
0.95871383
0.95243853
0.94364184
0.95263690
0.95038027
0.95297766
0.95186156
0.95865631
0.96005136
0.95400292
0.95783943
0.95426351
0.96027774
0.97329718
0.97352737
0.97261381
0.96830255
0.95762062
0.96313882
0.95726305
0.96091622
0.95906878
0.95792425
0.95572352
0.96632475
0.96380121
0.95882308
0.97256202
0.96962333
0.96732026
0.97643012
0.96359879
0.96700388
0.97193575
0.97392917
0.97335184
0.97037911
0.97001052
0.95995438
0.95614660
0.96067613
0.96154541
0.96074885
0.96395636
0.95132589
0.96590769
0.95534700
0.94697684
0.95210737
0.95457792
0.96776772
0.96092451
0.96710724
0.95732224
0.95910859
0.96132690
0.95182401
0.95444894
0.95121491
0.94766456