0.08153112
0.91987938
0.92779070
0.92529005
0.92208070
0.92273301
0.93249327
0.91486895
0.92141664
0.92514366
0.93560481
0.93814933
0.92700595
0.93091375
0.94435424
0.93745631
0.93426543
0.92258567
0.92683202
0.93206161
0.91514832
0.94193488
0.93202478
0.94472206
0.92671317
0.93344969
0.93526864
0.93855578
0.93181086
0.92088324
0.91605294
0.93680841
0.93281889
0.93335694
0.92645943
0.92434281
0.92973495
0.91906184
0.94210649
0.92454481
0.92148381
0.92931038
0.91444010
0.92301172
0.92312521
0.92219335
0.93915528
0.94011861
0.90664214
0.93469763
0.93046427
0.93010598
0.92404360
0.93836886
0.91800523
0.93267190
0.94174212
0.91779828
0.93171281
0.93800306
0.92115080
0.93265271
0.92997092
0.94109452
0.93140376
0.92371631
0.92920703
0.93014848
0.92367780
0.93606162
0.93393427
0.93627852
0.93624628
0.93919748
0.93270689
0.94680107
0.94480377
0.93782979
0.93087858
0.93879366
0.92651057
0.93807817
0.94149458
0.92511594
0.91945022
0.91823095
0.93006277
0.94126666
0.94188261
0.93327111
0.92949003
0.93547404
0.93393821
0.93698072
0.94980240
0.93937063
0.93549097
0.93309915
0.92576987
0.92319107
0.93741900