0.07657552
0.11476002
0.01632527
0.15147291
0.10367877
0.15349169
0.19924009
0.07815024
0.09004079
0.20368297
0.04737872
0.08760181
0.09645806
0.16450904
0.04579473
0.14088841
0.13761620
0.14924601
0.03720604
0.08692250
0.12748067
0.25837392
0.05539194
0.13576341
0.12886605
0.16562447
0.04650411
0.09638274
0.09703513
0.08844855
0.10890235
0.16691656
0.05522623
0.14707747
0.08316198
0.20012864
0.05603366
0.07423365
0.02664619
0.15361415
0.09840310
0.04089325
0.13890214
0.14455372
0.06423125
0.17295069
0.08355276
0.16452992
0.12312278
0.10003486
0.07262813
0.13230292
0.11073210
0.16868116
0.05989800
0.14628057
0.11657521
0.13132577
0.09667227
0.06725530
0.10878564
0.08318105
0.09279232
0.17393051
0.06409539
0.13236278
0.09668138
0.10272077
0.22428729
0.09194821
0.08162300
0.10066617
0.12184250
0.07544482
0.06520738
0.13316292
0.25469053
0.10047532
0.09664134
0.20485952
0.04491469
0.13337600
0.13586922
0.12829095
0.16330819
0.08926269
0.09205545
0.13112038
0.12407667
0.12667240
0.06273028
0.10120553
0.12132324
0.17328440
0.10805279
0.11474801
0.13528368
0.14360024
0.10808431
0.10378806
0.08480254