0.07788720
0.94009787
0.93533778
0.93498361
0.93760699
0.92091632
0.93204165
0.94482172
0.93946040
0.92699015
0.94433022
0.94579178
0.93366247
0.92729831
0.94821352
0.93452728
0.93459368
0.94722372
0.94397378
0.92074889
0.94559395
0.93205011
0.93225485
0.92776132
0.91933554
0.92224371
0.91258889
0.93007630
0.92695534
0.93014848
0.93075126
0.92730004
0.91539329
0.90943915
0.93131530
0.94310540
0.92477965
0.91751480
0.93743926
0.92640424
0.92533624
0.93606848
0.91119629
0.93978858
0.94071442
0.94153917
0.93811464
0.91409892
0.93633670
0.91514379
0.94493300
0.94948298
0.92237312
0.92686296
0.92232752
0.93465853
0.93435341
0.94294119
0.92474091
0.93665230
0.93837011
0.94962770
0.94375086
0.93216687
0.93349594
0.94202757
0.92307854
0.93945771
0.95115626
0.93337309
0.91829085
0.93675309
0.93064392
0.92332077
0.92407453
0.94268298
0.93713510
0.93017763
0.92869985
0.94572532
0.93983382
0.93231475
0.93470055
0.94375563
0.94337463
0.91387016
0.94286531
0.94397539
0.93789148
0.94293475
0.93389219
0.94067514
0.95003492
0.94167674
0.95624733
0.93437821
0.93295121
0.94131112
0.93226695
0.93545258
0.94368833