0.06709162
0.92456335
0.90682745
0.91994393
0.92842013
0.92728013
0.91853577
0.93433291
0.93105388
0.94311941
0.92874116
0.92140120
0.93817741
0.91511154
0.93067914
0.94039750
0.92990577
0.92347872
0.91690093
0.92989862
0.93197548
0.94376159
0.92566305
0.91839033
0.93660516
0.94103736
0.93794841
0.92895770
0.92739725
0.93563199
0.93961436
0.93006468
0.93303412
0.93114835
0.93740308
0.93735212
0.93061835
0.94469404
0.93737191
0.95265150
0.93787730
0.93147552
0.92329186
0.93296766
0.92586660
0.93032515
0.93944532
0.93204218
0.92538589
0.91927302
0.93612069
0.92898619
0.92525512
0.93107843
0.93426239
0.92021364
0.93011510
0.91363519
0.93921119
0.93990755
0.93030769
0.93430173
0.93346995
0.91880625
0.93641490
0.93191355
0.91571546
0.92608529
0.93640554
0.93141532
0.90408325
0.94750232
0.92393541
0.92595625
0.93359727
0.93014449
0.93518466
0.93688929
0.94628882
0.91795248
0.92908007
0.93637490
0.93209112
0.93850029
0.93704987
0.94212389
0.93538088
0.94289941
0.92437929
0.93014383
0.94323236
0.93017000
0.95061648
0.93142021
0.93469977
0.94265807
0.94082171
0.93718827
0.94762468
0.94219351
0.93638724