0.10973397
0.93681955
0.93089616
0.93293899
0.95090503
0.94838870
0.93250352
0.93983644
0.93778700
0.92346662
0.94775563
0.94249415
0.92854393
0.94040573
0.93045843
0.94594193
0.94747424
0.94188386
0.94037431
0.94481814
0.93721318
0.93706024
0.93215251
0.94845343
0.93079859
0.93613225
0.94539481
0.93690711
0.94622141
0.95056689
0.94952613
0.94808060
0.93155593
0.94300491
0.94002998
0.94675398
0.95628005
0.94493276
0.95163065
0.95259750
0.95412230
0.94994873
0.95939028
0.94085193
0.94949770
0.94923538
0.94369262
0.95932740
0.94592023
0.94933534
0.94386673
0.95534497
0.94830114
0.93593836
0.93839037
0.92889190
0.93365026
0.93886077
0.94809866
0.94390875
0.93555659
0.93863660
0.94650674
0.93649083
0.94201261
0.94379431
0.94857526
0.93177706
0.92188853
0.94013125
0.93975091
0.93928075
0.94482362
0.93370682
0.94269180
0.92465150
0.94198877
0.94210297
0.94018805
0.93055320
0.95652097
0.94305456
0.95233327
0.94643521
0.93793851
0.93777281
0.93397141
0.95325750
0.93984580
0.94675547
0.95408475
0.94670480
0.95069665
0.94634187
0.94600594
0.94803655
0.94441581
0.93069679
0.94280535
0.93737924
0.93969846