0.18653215
0.90289479
0.89337707
0.90393519
0.91121340
0.87877417
0.88626969
0.90926611
0.89381522
0.88505358
0.88237733
0.90072465
0.90318346
0.91345000
0.91706920
0.88029450
0.90286279
0.91464072
0.91894478
0.91111082
0.88575500
0.90231466
0.90517676
0.90771329
0.89514905
0.89016181
0.89507222
0.89741933
0.90951121
0.90761977
0.89724618
0.91344076
0.89907730
0.88501716
0.88166666
0.89013839
0.85747755
0.89395350
0.87988454
0.89914781
0.90788794
0.91017729
0.87894881
0.89794427
0.89181268
0.85706484
0.89583170
0.89758492
0.90493429
0.90422130
0.89867282
0.89559531
0.88255429
0.91658139
0.89916563
0.87957674
0.90983385
0.89699483
0.89618552
0.90513521
0.89202577
0.88048714
0.91392112
0.87875819
0.90648180
0.87773561
0.87046432
0.88411224
0.88694704
0.91154772
0.91082388
0.87624311
0.91355425
0.89869136
0.89570051
0.89686275
0.90711105
0.90988851
0.91451281
0.91248012
0.91583335
0.89319909
0.91412836
0.90093535
0.89587241
0.91114378
0.90499777
0.89469904
0.92378366
0.91196746
0.90609175
0.89351320
0.91670001
0.89322984
0.90246749
0.90070117
0.89378715
0.90538192
0.92137301
0.91779852
0.91247290