0.06360167
0.96136481
0.96738547
0.97680455
0.98055148
0.97027421
0.96543616
0.94763374
0.94340491
0.96044213
0.95473123
0.95534652
0.94970465
0.96047693
0.95915484
0.96102983
0.95882624
0.96481973
0.95493370
0.96079719
0.95999986
0.95645279
0.94685942
0.95697558
0.95495194
0.94452149
0.95239758
0.95234144
0.95660478
0.94433916
0.94383126
0.94641870
0.94798851
0.95750052
0.94911367
0.95860815
0.96293741
0.97053659
0.96329987
0.96578979
0.96222848
0.95384377
0.95515531
0.95711690
0.95713210
0.95090330
0.96418959
0.94923109
0.96148688
0.95725089
0.93603468
0.95336187
0.94478953
0.95560342
0.95191747
0.94924706
0.94884270
0.95921463
0.95121467
0.94530249
0.96371597
0.95835203
0.95540065
0.96470714
0.95953250
0.95162565
0.96034020
0.94873428
0.95391679
0.93697739
0.95826095
0.96051496
0.96028006
0.95913035
0.96010864
0.95773757
0.94760370
0.94914633
0.93471229
0.94989133
0.95128417
0.94348526
0.94734311
0.94400948
0.96226865
0.96017563
0.96080458
0.94878477
0.96235257
0.95974088
0.96455741
0.95732909
0.96033251
0.95927131
0.95221496
0.96320015
0.95241839
0.95415407
0.95818704
0.94376218
0.93810564