0.07852264
0.05343858
0.06504297
0.01930019
0.02746529
0.06279827
0.11413202
0.10957329
0.13940078
0.03667527
0.09039391
0.05024090
0.07981645
0.06657603
0.15290837
0.01484125
0.05622603
0.17562491
0.04140462
0.06049655
0.16836683
0.14504677
0.07221638
0.04413240
0.09581869
0.03569040
0.07482208
0.09403025
0.10630254
0.04850526
0.08043238
0.13015483
0.03761946
0.01960097
0.13165326
0.08181348
0.08677604
0.11957645
0.12855153
0.07323740
0.11973722
0.11895940
0.02383230
0.05644124
0.09572476
0.08843669
0.09248696
0.03582205
0.16120797
0.07245672
0.09557302
0.10915200
0.08985631
0.03441359
0.15871315
0.15164544
0.14954790
0.08602358
0.06239631
0.08625791
0.08225460
0.08659687
0.13529582
0.09327880
0.14920482
0.08259740
0.08390572
0.05614577
0.02573327
0.07435226
0.18457703
0.09091159
0.02303597
0.07667285
0.06740797
0.11582110
0.10977852
0.05308270
0.11719298
0.11462276
0.11844945
0.05497866
0.04220196
0.05214114
0.08560048
0.04116987
0.07929563
0.15660135
0.06909002
0.06524219
0.12962508
0.06572080
0.06740896
0.06643087
0.13400757
0.07696847
0.09861247
0.09161731
0.07099731
0.09973057
0.04820918