0.06884555
0.63738716
0.89584374
0.89811349
0.85459495
0.87905806
0.88997054
0.87623018
0.86283785
0.88085717
0.90994340
0.91729075
0.87453890
0.90552872
0.91561610
0.84563339
0.91424423
0.89891505
0.90799308
0.85857946
0.88491601
0.86748141
0.85761732
0.87400937
0.86009431
0.90534759
0.89610952
0.86128759
0.88664418
0.87311852
0.89222354
0.88632846
0.87268549
0.86006516
0.86287993
0.89595085
0.91606224
0.90051812
0.86985707
0.88785958
0.88308764
0.84797996
0.90485346
0.92162168
0.90053147
0.89370519
0.90765834
0.90354812
0.84635729
0.89292026
0.88757408
0.91095221
0.89816999
0.85977012
0.85889453
0.86850870
0.88037729
0.89828819
0.88663352
0.86737704
0.90459555
0.87318200
0.87988192
0.85884112
0.83688837
0.87000275
0.84923714
0.89043587
0.86276758
0.82895780
0.83187997
0.85726714
0.89291275
0.89079309
0.87321806
0.89531416
0.86821234
0.85192752
0.89417863
0.88350427
0.85370743
0.89942533
0.90633011
0.86696506
0.90998197
0.89205933
0.84816217
0.87267804
0.82374704
0.87026817
0.89607728
0.89332736
0.87887239
0.89225525
0.89367503
0.89403963
0.89427531
0.87140048
0.92539430
0.91883272
0.92394471