0.14959984
0.37924668
0.58315390
0.70022440
0.60808665
0.61024714
0.45238751
0.55449730
0.52352881
0.55457222
0.61826634
0.61180520
0.47861886
0.47414917
0.51771134
0.51163393
0.49319008
0.65067428
0.38356346
0.54494631
0.35120314
0.46124309
0.55691135
0.62081546
0.61159557
0.65637827
0.52972597
0.45402431
0.67152113
0.54503113
0.67103559
0.65044570
0.61421180
0.67618889
0.67027795
0.59580058
0.54899365
0.57377410
0.41157833
0.43054816
0.61523294
0.51967382
0.60711402
0.51713586
0.33832806
0.48809540
0.39487153
0.68230629
0.50266671
0.58335179
0.60272413
0.65629715
0.64512366
0.61111903
0.38156208
0.35119545
0.37282971
0.41442314
0.66581517
0.49917784
0.38971969
0.55622840
0.56394386
0.52686495
0.31820759
0.40725601
0.54801846
0.54294944
0.61304170
0.72356385
0.62492841
0.48852131
0.63154864
0.35409942
0.36784756
0.61534673
0.53225267
0.54263026
0.47702160
0.55222505
0.36026978
0.43217486
0.54370576
0.47593647
0.36126891
0.54742306
0.58171290
0.45901620
0.35607335
0.29734305
0.55074096
0.56039214
0.58509040
0.45679769
0.64366484
0.58607161
0.52283686
0.37083897
0.26688945
0.49512300
0.41358089