0.06360167
0.93384194
0.94011146
0.94496977
0.94502944
0.93138397
0.94279504
0.93523467
0.90907478
0.94443518
0.92068785
0.93393689
0.91936868
0.92824209
0.93468177
0.94127703
0.93122756
0.94221377
0.91440237
0.92781550
0.93158311
0.93650901
0.93378401
0.93839860
0.92837572
0.92232776
0.94203371
0.92184919
0.93456811
0.92940110
0.93011230
0.92030162
0.91698128
0.94391894
0.93617570
0.92839724
0.94548297
0.93681425
0.93700242
0.93445098
0.93502295
0.91359824
0.92097330
0.92446566
0.93076140
0.93630511
0.93878627
0.93319356
0.93707830
0.93220955
0.92195886
0.94537520
0.90140444
0.92989439
0.93139315
0.93446738
0.92300856
0.93145871
0.93353820
0.91303307
0.92645407
0.92655653
0.91717684
0.93432391
0.92707545
0.92146349
0.90859151
0.92990625
0.92367721
0.92547590
0.92741334
0.92575026
0.92766678
0.92725557
0.92552847
0.91007924
0.91892713
0.90853429
0.92947900
0.92200625
0.91505224
0.92650139
0.91341209
0.92212439
0.92425555
0.91875559
0.92877662
0.89844584
0.91669881
0.92442209
0.91637254
0.90650100
0.94119817
0.91307592
0.91140157
0.92235023
0.89008307
0.93318903
0.91466975
0.91957420
0.92388672