0.10090737
0.95053220
0.94556230
0.94899780
0.95344764
0.95095205
0.95720446
0.93845105
0.95418990
0.95060927
0.95177275
0.95459336
0.94990230
0.94287086
0.95173246
0.94887191
0.95540190
0.95067018
0.96276128
0.93058360
0.93993640
0.94957823
0.93650484
0.94385672
0.94216174
0.95203072
0.93887252
0.93321747
0.92609483
0.93664759
0.95329493
0.93999594
0.92750275
0.91152567
0.94581085
0.94345319
0.93173677
0.93138766
0.94300580
0.94743311
0.93513083
0.94501412
0.93402177
0.94201797
0.93077338
0.94518548
0.95047599
0.94001096
0.89930099
0.93221629
0.93051034
0.92743963
0.92558062
0.94253427
0.95072436
0.94715726
0.94202363
0.94765031
0.94949973
0.94818473
0.94493693
0.94693601
0.93790126
0.90902662
0.94348037
0.94087023
0.93952101
0.93284804
0.93301904
0.92935544
0.94192564
0.92438006
0.94253325
0.94536507
0.94787008
0.94182086
0.95994532
0.94332004
0.94466364
0.94762391
0.94206285
0.91676658
0.94443101
0.90621305
0.91623968
0.92778009
0.91749328
0.91693437
0.94518775
0.94100386
0.93344188
0.93884814
0.95414728
0.94140172
0.94877982
0.95744115
0.92838866
0.91812617
0.93890947
0.93262589
0.93515557