0.04433002
0.79932976
0.90630281
0.92318898
0.89887255
0.91063559
0.92674392
0.91107064
0.91258973
0.89440703
0.88996071
0.93355405
0.92642379
0.92267901
0.91801351
0.91234076
0.90319616
0.92937362
0.90839487
0.90396577
0.92099386
0.91062540
0.91034919
0.91827631
0.90198892
0.91133416
0.91205168
0.88530272
0.91973549
0.90124100
0.91189325
0.90479779
0.91376668
0.92677516
0.91500694
0.91561216
0.90701324
0.90928018
0.91850638
0.89964706
0.92311049
0.89605230
0.90408379
0.91035128
0.91840672
0.92161769
0.92685354
0.91557860
0.92231172
0.93351930
0.92015129
0.91174173
0.91002083
0.92134809
0.92910421
0.90130067
0.93195367
0.92860472
0.91698259
0.92162657
0.89273947
0.90789866
0.92665160
0.91784918
0.92504442
0.90087622
0.93116713
0.90743196
0.93816751
0.91624337
0.92891002
0.93530309
0.94836485
0.93591255
0.93327814
0.94337511
0.92881119
0.93262529
0.94420844
0.94457936
0.93632555
0.94537574
0.92457581
0.94187486
0.94193780
0.94234192
0.94773042
0.94155395
0.95837218
0.94852304
0.95339704
0.95029861
0.94469976
0.92798537
0.95433784
0.93838823
0.93312567
0.95134795
0.95961469
0.95913786
0.93996358