0.09256493
0.79006022
0.82193667
0.79832679
0.80720705
0.81067365
0.85575944
0.78714556
0.84528404
0.89650130
0.84992963
0.86544883
0.89003432
0.88244009
0.87921333
0.86986452
0.91933471
0.88098776
0.89983231
0.86478996
0.92486823
0.89135259
0.89507401
0.90089941
0.88718772
0.88997382
0.91553146
0.89178872
0.88006997
0.88153857
0.88848269
0.87364888
0.88425612
0.89830017
0.89987487
0.90445000
0.88627684
0.89266473
0.86158514
0.85584360
0.87329733
0.87306100
0.87711197
0.85716265
0.87002403
0.89975619
0.91307425
0.90745336
0.86831778
0.86464083
0.82476336
0.85198671
0.86501676
0.89603406
0.87918669
0.88732010
0.93698657
0.87693894
0.88325346
0.89542276
0.89829707
0.87761223
0.90660989
0.90981257
0.87908006
0.88795882
0.91573799
0.87510294
0.85725093
0.84602737
0.88795745
0.89957649
0.88455439
0.90872520
0.90892428
0.89395881
0.85433847
0.86646152
0.86571145
0.89903378
0.86653006
0.90629989
0.88369960
0.86987007
0.88429773
0.88083482
0.86292207
0.86956346
0.90382797
0.86551398
0.88058883
0.89024216
0.88140893
0.86961198
0.90748513
0.90888786
0.89185226
0.88187301
0.92147827
0.88466811
0.89653862