0.08686347
0.73574781
0.85920632
0.93239534
0.89554220
0.89971358
0.88555056
0.90579939
0.91183835
0.92140853
0.91913366
0.93280810
0.92844248
0.90744328
0.89248037
0.91499794
0.89862502
0.87292594
0.88602263
0.91925865
0.89395875
0.86053717
0.89698929
0.85883975
0.89151132
0.86918664
0.90112078
0.89280617
0.91641921
0.86025298
0.91647267
0.90272105
0.87906164
0.90629441
0.90346807
0.89794451
0.86362070
0.91822171
0.91989225
0.89805168
0.90977478
0.91456360
0.91138047
0.88958240
0.89013845
0.90446961
0.82923353
0.89745170
0.89337456
0.90799922
0.90909630
0.92032260
0.93874025
0.92451620
0.92628998
0.92028666
0.90518630
0.87017131
0.90008354
0.92107636
0.90384626
0.91506255
0.92196190
0.90228933
0.92096007
0.93882442
0.92465281
0.88054383
0.85692906
0.92418975
0.89671183
0.91237622
0.93203050
0.92804527
0.91541082
0.91792262
0.92702341
0.93635541
0.88861197
0.91063190
0.92439622
0.89119184
0.89930534
0.92332286
0.90346563
0.87842405
0.89152288
0.91026342
0.91102076
0.92096728
0.89592576
0.90893328
0.92191505
0.92064470
0.89493889
0.87230211
0.92372876
0.91111404
0.92456460
0.92095518
0.92153895