0.07657552
0.87696004
0.87207717
0.85755205
0.83855677
0.86448407
0.83106822
0.86571831
0.83593088
0.86508286
0.81935710
0.86936277
0.85547960
0.84887856
0.82770461
0.77698731
0.80935591
0.86254847
0.90640020
0.85179025
0.85613298
0.86369586
0.85657388
0.86048913
0.81447113
0.85179919
0.86203623
0.88092732
0.85931349
0.78526807
0.79234701
0.86933649
0.79135251
0.86039388
0.77968234
0.77288759
0.57816875
0.32007322
0.47636417
0.75857514
0.81786895
0.77113307
0.73436022
0.81023318
0.71339202
0.76790929
0.79577094
0.82041246
0.89542031
0.80199599
0.85030609
0.70235234
0.75816125
0.69266337
0.64221501
0.45349601
0.85776883
0.87684768
0.80309355
0.75685936
0.84973991
0.74557340
0.66050130
0.86706370
0.86278647
0.75877571
0.63530421
0.09870216
0.53877413
0.79138911
0.79542887
0.86770838
0.71168035
0.76302946
0.74345636
0.65067858
0.53950578
0.44103307
0.76139486
0.86487126
0.85186696
0.83107096
0.81199217
0.56111044
0.69113928
0.83679312
0.83080488
0.42616037
0.43300179
0.68127555
0.74130762
0.76525879
0.69017440
0.81755853
0.86611605
0.87054253
0.83734000
0.82362145
0.76032209
0.74416190
0.75538099