0.12927887
0.11408424
0.14171772
0.13085502
0.03560620
0.08360732
0.10975706
0.11340436
0.19201076
0.08186515
0.04334741
0.09484307
0.04921695
0.03936122
0.04293714
0.07929405
0.08113328
0.08611846
0.12662341
0.17014100
0.06491891
0.09380469
0.07649503
0.04981147
0.09651834
0.07657866
0.14648624
0.04752869
0.09093379
0.14850682
0.11715372
0.09206118
0.08901390
0.03533618
0.07817296
0.09388579
0.10237264
0.20607975
0.07851491
0.11403497
0.12485418
0.16535786
0.07985344
0.14192507
0.13153714
0.08069353
0.04927947
0.05468798
0.06137495
0.13206445
0.12432700
0.11831825
0.09121177
0.06833029
0.15598415
0.04161460
0.04608717
0.12159634
0.10620029
0.05414626
0.12439482
0.06819072
0.08765855
0.05084597
0.03971666
0.07470442
0.07640268
0.13629928
0.13734387
0.09613799
0.09918066
0.13815810
0.13249695
0.09618331
0.05497927
0.09273361
0.12931530
0.13612169
0.06447420
0.06260834
0.10357329
0.08927212
0.07291158
0.10079558
0.14830093
0.06777085
0.12019621
0.02591974
0.12000933
0.08012672
0.07720403
0.10050668
0.06826218
0.11500686
0.08504628
0.13134086
0.08303204
0.07555418
0.08767983
0.08799411
0.05953959