0.09072412
0.92213064
0.91874206
0.89300382
0.91071564
0.92132264
0.91483259
0.92851359
0.93078715
0.92957604
0.90287381
0.92837280
0.90442306
0.93748128
0.93173903
0.91662055
0.92774010
0.92757678
0.92376310
0.91686904
0.91982031
0.92306113
0.90083903
0.92216933
0.92626745
0.92192549
0.92071432
0.91431773
0.92848313
0.93254828
0.91055053
0.92935264
0.92108887
0.93742281
0.92121160
0.92874259
0.90786308
0.92112726
0.92784303
0.91570938
0.90996355
0.92260003
0.91817892
0.92555183
0.91452181
0.91031671
0.90772718
0.92705810
0.91568643
0.91250384
0.91104227
0.92336464
0.90788370
0.92277682
0.91331542
0.90288949
0.92849731
0.92441970
0.92414278
0.91029078
0.90696341
0.92422646
0.91998583
0.92036223
0.91108161
0.92094207
0.91402328
0.91487592
0.92208964
0.92851061
0.91219079
0.92641538
0.92095065
0.90311533
0.91564280
0.92227900
0.92536074
0.91489810
0.93710589
0.91085702
0.92731780
0.91677946
0.91785872
0.91845167
0.92788017
0.93453002
0.92013556
0.92309868
0.91716295
0.91190118
0.91176653
0.92283177
0.91409546
0.92186415
0.93730658
0.92795980
0.91873270
0.91215020
0.91265976
0.91496146
0.90827048