0.07551902
0.80022073
0.75206375
0.82556450
0.74567926
0.77475893
0.74970418
0.81049055
0.80656189
0.83918905
0.76663291
0.76917779
0.83386970
0.76921481
0.81177717
0.81899756
0.81119651
0.78992915
0.79881757
0.77286637
0.82520223
0.82397920
0.80580056
0.81445658
0.83290780
0.79506803
0.80681610
0.82794654
0.84200257
0.86497569
0.85550934
0.83555204
0.85208237
0.84863585
0.81532669
0.84635788
0.85521418
0.83611190
0.82126129
0.80359411
0.82371974
0.84127098
0.77727079
0.79630113
0.76959902
0.83845383
0.74185896
0.77817369
0.79523420
0.76211989
0.81231558
0.77319980
0.76418328
0.74550927
0.80990708
0.78571922
0.79338026
0.75912958
0.77618241
0.77896118
0.83283615
0.82302207
0.82054496
0.78950155
0.81207061
0.77352315
0.80141646
0.80204302
0.81792849
0.81058848
0.82382071
0.83322769
0.81331152
0.79390556
0.80846155
0.77477342
0.74418098
0.79691374
0.81717795
0.79648709
0.76418203
0.76497930
0.80222178
0.77218759
0.80577540
0.79665923
0.80093932
0.77651358
0.79861420
0.78635275
0.84311217
0.78852999
0.78934026
0.77726424
0.80195254
0.78594893
0.79055238
0.85405272
0.79742157
0.80997115
0.84006113