0.05043321
0.71203560
0.75380975
0.82459509
0.76937759
0.74594378
0.72361267
0.77358896
0.73352349
0.80019796
0.77303642
0.77681953
0.81272525
0.77710128
0.76626611
0.84157592
0.83299196
0.73666376
0.78119493
0.77424681
0.78903174
0.70538831
0.75775313
0.77545989
0.76443052
0.79809916
0.75891721
0.83049059
0.78258169
0.72889978
0.77974844
0.71074939
0.74021006
0.74339658
0.74832940
0.78307021
0.84288740
0.84300810
0.69895446
0.77465600
0.73220044
0.75793427
0.72418523
0.77098554
0.81157994
0.79287916
0.76125985
0.76927137
0.77704728
0.78297472
0.68677473
0.72956622
0.68618411
0.73632377
0.71204627
0.74267507
0.75732660
0.79858291
0.75711715
0.75956285
0.73136193
0.79133928
0.74351960
0.76296836
0.80470634
0.72435433
0.76158595
0.75484776
0.78252679
0.77774179
0.79085845
0.71662730
0.78148925
0.78353494
0.75131816
0.80107653
0.77759570
0.75136739
0.74009395
0.77672815
0.76355970
0.75318956
0.70092916
0.70519960
0.70252532
0.75915986
0.75809890
0.77833176
0.80719161
0.77233315
0.71305102
0.68957788
0.74192077
0.69481856
0.77255064
0.71765137
0.77036399
0.76708084
0.79223710
0.76188385
0.77561796