0.11598152
0.07154749
0.12488733
0.13161893
0.13604815
0.08737895
0.08084302
0.16798754
0.09222752
0.01750972
0.12650467
0.11623528
0.09243356
0.06769505
0.14190093
0.10226362
0.16725846
0.07912152
0.10796934
0.12146535
0.08675934
0.07264293
0.13374448
0.08789576
0.02248843
0.07270312
0.05512683
0.06767724
0.11720851
0.15259373
0.13909760
0.13456282
0.10788120
0.12672092
0.10789981
0.08777546
0.08075848
0.06838167
0.07881829
0.05341052
0.02489811
0.08029144
0.05683657
0.08994161
0.15978956
0.04706299
0.13209811
0.06723411
0.10403191
0.05723022
0.17819221
0.07808247
0.07245407
0.07894874
0.05729883
0.14142929
0.15964366
0.02487855
0.02557541
0.09337467
0.11231492
0.08046928
0.15479828
0.07129591
0.14684971
0.07123195
0.09606488
0.06314605
0.11216970
0.09675238
0.17594320
0.11176667
0.04641860
0.08569852
0.10700084
0.04525709
0.08657456
0.09092790
0.08459220
0.18613912
0.08827244
0.14353132
0.11741903
0.07797945
0.12329030
0.12583937
0.16526616
0.05738052
0.05451608
0.20706967
0.04708368
0.06037900
0.08870660
0.07710961
0.03180758
0.11187968
0.11844788
0.07452116
0.10058298
0.14907517
0.09711572