0.08236460
0.93135619
0.92774451
0.93011719
0.94388902
0.92909777
0.93588942
0.94023079
0.93214154
0.93297285
0.92495346
0.93112183
0.93886149
0.93020195
0.93007463
0.92729414
0.93590569
0.92533869
0.94079459
0.92332762
0.94137633
0.93498337
0.92295104
0.92301857
0.92693567
0.91141617
0.92052412
0.91966081
0.92669958
0.92745805
0.93828851
0.93813425
0.93899137
0.92952967
0.92182004
0.91964859
0.94338667
0.93386817
0.92493820
0.93129641
0.92698443
0.91999757
0.92353308
0.91755956
0.92685390
0.93165803
0.92757303
0.93394685
0.89957917
0.93107450
0.93432260
0.92492926
0.92694032
0.92518264
0.93973076
0.90974039
0.93175364
0.92023176
0.93089646
0.93630135
0.93122256
0.92024320
0.92563033
0.93804193
0.92168653
0.92068654
0.94424266
0.92646629
0.93596870
0.93062955
0.92568517
0.93915075
0.93090922
0.93671644
0.92757368
0.91962224
0.93348372
0.93278658
0.92632371
0.91183090
0.92471290
0.93708795
0.92718965
0.89821219
0.93699092
0.94095582
0.92764682
0.93442190
0.92877078
0.93168449
0.93565035
0.93177795
0.91882741
0.93308061
0.93362772
0.93895006
0.93418401
0.91914773
0.92393374
0.93005079
0.92383927