0.10973397
0.90928763
0.87624770
0.88328910
0.91015464
0.90097159
0.88023919
0.89185816
0.89736468
0.87174392
0.90898997
0.88647276
0.88141543
0.90214270
0.89172781
0.89630151
0.90416771
0.90496397
0.87849051
0.89234716
0.87904543
0.89278364
0.89598185
0.90935999
0.86663210
0.87394750
0.89316797
0.85934943
0.88697249
0.90700030
0.90222090
0.90552652
0.88101053
0.89791626
0.89375901
0.87968874
0.89995176
0.89478952
0.91327757
0.90927941
0.90439886
0.90157074
0.91988909
0.88068908
0.90262967
0.90647423
0.88972807
0.92428041
0.89641589
0.91084075
0.90672529
0.90574843
0.91759497
0.89245588
0.90833008
0.87906587
0.87390792
0.90276045
0.91102362
0.90075433
0.87330401
0.89317977
0.90221632
0.90869272
0.89366716
0.90409815
0.92170960
0.89716613
0.88878161
0.89390814
0.89164233
0.88694215
0.92621958
0.90124410
0.89373666
0.89325011
0.90543157
0.87091255
0.88346136
0.84999198
0.91395497
0.90865129
0.88348234
0.90067530
0.88195801
0.86853731
0.87879252
0.89619792
0.88093191
0.88744217
0.90662456
0.88255697
0.89850008
0.85548592
0.90230477
0.91158235
0.89434004
0.88952059
0.89386559
0.89512032
0.89714587