0.08533442
0.96480417
0.96389878
0.96138215
0.95964301
0.95166856
0.95335954
0.95682639
0.95470095
0.94794112
0.94671977
0.96752161
0.96132493
0.94469750
0.94711936
0.95740342
0.95593131
0.94065225
0.95455611
0.94744170
0.94672585
0.96307367
0.97329819
0.95464975
0.95371813
0.96333265
0.96637136
0.96086365
0.96541244
0.95952058
0.96409822
0.95945680
0.96433258
0.95612794
0.95859390
0.96337420
0.95188475
0.95024031
0.95084590
0.96248740
0.95361108
0.95248872
0.95172954
0.96471345
0.95739728
0.95468652
0.94524628
0.94237173
0.95442742
0.96040815
0.95312417
0.95936692
0.95637596
0.96887869
0.96655989
0.96773446
0.95463699
0.95870751
0.94592768
0.94315559
0.95063853
0.94960129
0.94954300
0.96041209
0.94991088
0.96594298
0.96402842
0.97154838
0.95846248
0.96859229
0.96833307
0.96635985
0.96696299
0.96713167
0.96975732
0.96671700
0.95727783
0.97581381
0.95775628
0.96950060
0.96480238
0.96148133
0.97078836
0.96527803
0.95882696
0.96737373
0.96008223
0.95894134
0.96564847
0.95666242
0.96235538
0.95888573
0.94771171
0.95643318
0.96280754
0.96160597
0.96170974
0.97938108
0.96609545
0.97172928
0.96278876