0.13204351
0.94119155
0.95893615
0.93915766
0.96313417
0.96216655
0.96469176
0.96458274
0.96325415
0.96084183
0.96961862
0.96455026
0.95140600
0.95350820
0.94864637
0.95804209
0.93869811
0.95322657
0.95363271
0.95533800
0.95266795
0.95669478
0.93562245
0.94421721
0.93263525
0.93988508
0.94158995
0.93669081
0.95939666
0.95132798
0.94744492
0.96499115
0.97055084
0.96693617
0.97458786
0.96182466
0.95630074
0.95987964
0.95871490
0.94886911
0.94777739
0.95604223
0.93555075
0.92752612
0.93724144
0.94000274
0.93747765
0.94371295
0.95937788
0.95090234
0.96023458
0.93029463
0.93920892
0.94373924
0.95112711
0.92698705
0.93832517
0.93927878
0.95943314
0.95598185
0.95190477
0.95314616
0.97420746
0.96310633
0.95777720
0.95153964
0.96005225
0.96185058
0.95746833
0.96147054
0.96111155
0.95466590
0.94977629
0.94500822
0.95777512
0.95901787
0.95106477
0.94996595
0.94756341
0.95213389
0.95608276
0.94025177
0.94142705
0.94921738
0.95154619
0.92747849
0.96236998
0.94815987
0.94614470
0.96342826
0.94830346
0.95696634
0.95036018
0.95811862
0.94259316
0.95899665
0.95732063
0.93544394
0.93725204
0.93796206
0.95081824