0.03732009
0.12095043
0.14453354
0.03369257
0.09241343
0.11048111
0.05870553
0.10735144
0.03370779
0.09514127
0.09052244
0.11093304
0.06546890
0.02774649
0.08504885
0.06583242
0.08943512
0.12083189
0.12208048
0.11839318
0.05430935
0.17499334
0.09177174
0.05336913
0.13433340
0.10861737
0.15366201
0.06136351
0.12743245
0.15492049
0.13002129
0.11532243
0.08473680
0.15250930
0.06402510
0.10248854
0.03999210
0.06433256
0.06516111
0.04032655
0.00948711
0.12754889
0.10166806
0.03439096
0.06756249
0.10322016
0.11712956
0.10884269
0.06949946
0.12953815
0.03393801
0.12031229
0.05598700
0.11328019
0.06985068
0.10935163
0.13324746
0.03302363
0.11278363
0.06326832
0.05220321
0.18315868
0.04856780
0.11628096
0.21582793
0.08657906
0.03449681
0.08416987
0.05789198
0.07641940
0.11503860
0.02026271
0.01643229
0.14081559
0.08705954
0.08492971
0.03823356
0.04801511
0.08309285
0.10774033
0.09298446
0.02742139
0.04723812
0.04318733
0.10130539
0.04608630
0.13148853
0.14940538
0.13532749
0.15186690
0.13403335
0.10976781
0.12810944
0.11546742
0.09648088
0.05473690
0.08663845
0.08287291
0.12257991
0.07092213
0.08307164