0.09753011
0.93327487
0.91059953
0.94140249
0.91308969
0.93106210
0.92551214
0.91504914
0.92885518
0.91987157
0.93351030
0.93146187
0.92389047
0.92054003
0.93686783
0.92761004
0.93621588
0.93305284
0.94076174
0.91457486
0.93395704
0.93319708
0.92171961
0.94380385
0.92728704
0.93859750
0.93928909
0.92871642
0.94113654
0.93249810
0.93841088
0.92074090
0.91032171
0.93121302
0.92570043
0.92247754
0.92796218
0.94380796
0.93772149
0.92211640
0.93289703
0.93054563
0.95184135
0.92027354
0.92853218
0.93056387
0.93212378
0.91729808
0.92221314
0.90654200
0.91446519
0.93858719
0.94079047
0.92917001
0.92055911
0.94550651
0.93334734
0.91743255
0.92981279
0.91319841
0.92622888
0.93471956
0.94031096
0.94110107
0.90752828
0.93305087
0.92755198
0.93922186
0.93034363
0.92770010
0.90462041
0.93300307
0.92172402
0.93646598
0.92948729
0.92066437
0.91470808
0.92869157
0.91839689
0.92359632
0.93202460
0.93363601
0.92120987
0.92472410
0.93522054
0.91892171
0.91773766
0.93858445
0.92784125
0.92227834
0.92195451
0.91667539
0.92042702
0.93129969
0.92880094
0.90844530
0.92597097
0.93498439
0.92257714
0.93339789
0.92109275