0.08153112
0.94224286
0.95498002
0.94948506
0.94099718
0.94698489
0.95213693
0.93720657
0.94044191
0.94798172
0.95045668
0.94842428
0.95277697
0.94531065
0.95198357
0.95428580
0.96202528
0.94733328
0.94900262
0.94971758
0.94989014
0.96557969
0.95129412
0.96431869
0.95059919
0.95724374
0.95537710
0.95233381
0.95089632
0.95200312
0.95141214
0.95870560
0.96165490
0.95742917
0.95127451
0.95933801
0.96205211
0.95466363
0.96678126
0.95450193
0.95284110
0.95715380
0.95103991
0.95263916
0.95191324
0.94853485
0.95091224
0.95071709
0.94716787
0.95376986
0.94308490
0.95810705
0.94533265
0.95041418
0.94210929
0.94381940
0.94802397
0.94378555
0.95231920
0.95967668
0.95280778
0.95033258
0.95264059
0.96552658
0.96048629
0.94750732
0.95869708
0.95808911
0.95344019
0.95973337
0.95324701
0.95657724
0.96777999
0.97101027
0.96136099
0.96824181
0.97017992
0.96765226
0.95780504
0.95894265
0.95974129
0.95863175
0.96306604
0.96608782
0.97038567
0.95940661
0.96267897
0.96172434
0.96626937
0.96206003
0.96243125
0.96330017
0.95992142
0.96613854
0.95796794
0.95411348
0.95973814
0.95957351
0.95140696
0.94686598
0.95623285