0.14674504
0.26121661
0.08958099
0.17880242
0.04971807
0.16105284
0.10026307
0.18753195
0.11138450
0.09404941
0.03327124
0.11752786
0.12712802
0.13366602
0.14112291
0.12837893
0.09709750
0.30893144
0.09289595
0.13080938
0.10793022
0.08075752
0.12567709
0.01815222
0.10709327
0.20028965
0.12495016
0.05617310
0.06112422
0.13319713
0.09436863
0.10743424
0.06212425
0.09808545
0.13682152
0.12042556
0.09361353
0.06880553
0.17006479
0.09318800
0.06048743
0.03838981
0.13780524
0.10456045
0.14342467
0.19497889
0.19227371
0.16045277
0.08729561
0.14826189
0.06254216
0.17448604
0.06327787
0.15778516
0.04623422
0.15139100
0.10145379
0.17702870
0.13957389
0.15651040
0.17425805
0.14659318
0.08028129
0.29157391
0.21712434
0.08025929
0.04989763
0.07422183
0.21660928
0.18112823
0.11879145
0.07010479
0.11157452
0.14506005
0.07974019
0.10199325
0.17440149
0.10455821
0.22291301
0.09058019
0.13224974
0.08286480
0.16254233
0.10538238
0.10397696
0.12392004
0.18887709
0.20785762
0.11901379
0.08792786
0.12369997
0.13320847
0.12625574
0.16193669
0.18515253
0.17400870
0.14694998
0.15427591
0.11038390
0.09342534
0.15553845