0.10303149
0.80708152
0.90897292
0.89625829
0.90973854
0.91037428
0.85607588
0.83380449
0.86104941
0.89819443
0.88372445
0.89880180
0.88487083
0.86466944
0.90738505
0.87254333
0.88741118
0.88097000
0.88736284
0.92301661
0.90234977
0.89606369
0.91881853
0.91704077
0.92197198
0.92050970
0.90865844
0.92290014
0.89915949
0.89578700
0.88883704
0.90691972
0.92665064
0.91947770
0.88968551
0.91745400
0.90308189
0.86979264
0.88409752
0.91382807
0.88990575
0.91035199
0.88727713
0.90139967
0.89083856
0.91754049
0.92587012
0.92420012
0.91866732
0.90801454
0.92419273
0.90019524
0.89301407
0.88873625
0.89991790
0.88587052
0.90675193
0.92263085
0.92235374
0.91607690
0.90628809
0.87241536
0.88284719
0.90927643
0.89780867
0.87446070
0.89073008
0.86933827
0.89240509
0.86980569
0.86476684
0.90530580
0.86908013
0.88571131
0.90977263
0.89631361
0.90987045
0.92511034
0.91747671
0.91118264
0.90156555
0.90793437
0.89547211
0.91849196
0.92871529
0.92595965
0.90854722
0.92674929
0.91837698
0.93075109
0.91495574
0.93195474
0.92266816
0.92706114
0.91756296
0.91321081
0.91467094
0.89030176
0.89759827
0.89525253
0.91394502