0.11950095
0.84504771
0.90434539
0.90171236
0.90174353
0.88101488
0.85382354
0.89493090
0.87268889
0.88310921
0.85539442
0.88764662
0.87519348
0.88583517
0.87775373
0.88159800
0.89155269
0.90546817
0.86931330
0.88339639
0.89397347
0.85013306
0.90187621
0.90045732
0.89910018
0.82371789
0.86796927
0.92136711
0.88545805
0.90380728
0.86262286
0.89690024
0.88838416
0.89094651
0.90582877
0.87710351
0.88486946
0.87966162
0.90080208
0.89266807
0.91051370
0.89467019
0.86872786
0.89219362
0.90351164
0.89767861
0.88495910
0.88318992
0.90093970
0.89667857
0.86407858
0.90039337
0.89400256
0.90712392
0.92819095
0.90537161
0.86996841
0.89059639
0.89947724
0.87056702
0.90118194
0.89208198
0.89620227
0.88372350
0.91208148
0.89954734
0.88382620
0.87800485
0.88879341
0.89077353
0.89625603
0.87932801
0.91412085
0.90743172
0.87681890
0.88882941
0.88589323
0.86169600
0.87947953
0.84821028
0.89109033
0.89042228
0.89503717
0.90742928
0.90605688
0.86103106
0.87910759
0.89017570
0.88135612
0.88311088
0.91132486
0.90161604
0.90772486
0.90898019
0.86385894
0.86266637
0.88874525
0.90622145
0.87610543
0.90047926
0.90013224