0.08153112
0.11716335
0.11175711
0.13702680
0.13534060
0.17504336
0.11226828
0.12496259
0.07310528
0.10542162
0.21764635
0.14164689
0.14600401
0.07631472
0.05273683
0.26386487
0.20084435
0.06838278
0.04794452
0.08578337
0.10934117
0.11259545
0.12287168
0.09661903
0.16721210
0.05419306
0.14438683
0.10484481
0.24777022
0.23134649
0.21357514
0.10447094
0.06837308
0.05810567
0.12132681
0.14189833
0.11049674
0.13222487
0.08052668
0.09908434
0.10036496
0.12393222
0.08332331
0.19730254
0.08650664
0.22166798
0.13121650
0.23255254
0.13436857
0.08928309
0.28923404
0.05150210
0.09794972
0.11265843
0.06497510
0.17132638
0.09704348
0.12814586
0.08226740
0.15151937
0.05910928
0.07240609
0.14757240
0.08508264
0.10583676
0.13592587
0.04787253
0.09135100
0.10024008
0.14492272
0.13868105
0.13100055
0.17591293
0.07521293
0.18195064
0.11320002
0.15220504
0.14888029
0.15074319
0.08932731
0.11098126
0.19327785
0.17207240
0.10446262
0.12656718
0.08560525
0.08792152
0.11290106
0.13767305
0.04710925
0.06775392
0.26457658
0.05752335
0.11290948
0.16694710
0.11785147
0.12003851
0.16796455
0.19179478
0.05001049
0.02932182