0.08318138
0.88187021
0.90877259
0.89446640
0.88984817
0.90910232
0.91521531
0.89934731
0.91560745
0.89849466
0.92011732
0.90669668
0.89866120
0.91124839
0.89611620
0.91017288
0.90646362
0.89068091
0.91905028
0.89980829
0.89737284
0.91895491
0.92256033
0.89646393
0.86351371
0.87833190
0.87231982
0.89498121
0.89372218
0.91759866
0.88969070
0.91826296
0.90109617
0.90437073
0.90012395
0.90558982
0.91490203
0.91714609
0.92293298
0.90175712
0.92792320
0.90744054
0.90040624
0.88320732
0.85202050
0.89377105
0.85257173
0.89984584
0.89451277
0.90401578
0.90327716
0.87785649
0.89120972
0.89102918
0.91034842
0.90770549
0.89381033
0.89977694
0.90220839
0.87916940
0.89035165
0.90332758
0.88955724
0.90409833
0.91341668
0.90435135
0.89143860
0.90621072
0.90471822
0.90061575
0.91337234
0.89991128
0.87527841
0.89013565
0.90065897
0.81054652
0.90684950
0.91176343
0.89579767
0.87511283
0.88964075
0.90344125
0.90525103
0.90465486
0.90143949
0.89769578
0.91290563
0.92530847
0.91399634
0.89062589
0.85830098
0.90121233
0.89660382
0.88992262
0.89956784
0.91596985
0.88187140
0.91171396
0.89594674
0.88838267
0.90818733