0.08263307
0.04250723
0.11515763
0.11876828
0.14590430
0.03993476
0.17909184
0.21071692
0.12909092
0.22266842
0.12736398
0.12197104
0.08128977
0.10625443
0.08588657
0.15164645
0.18558387
0.10588819
0.13065112
0.05600795
0.16295466
0.05513526
0.18567938
0.17136982
0.11532008
0.08379775
0.19272107
0.04179247
0.11919100
0.17673208
0.16890556
0.15111561
0.12449341
0.17681070
0.12739421
0.19038075
0.04482037
0.04985289
0.16812231
0.07269752
0.08186330
0.11922526
0.19086415
0.12160701
0.05215733
0.03828638
0.09030856
0.11127890
0.10494798
0.10953160
0.13223074
0.09483957
0.22473443
0.20565008
0.11881907
0.28414768
0.12930715
0.08353367
0.03087778
0.14213276
0.16285589
0.16127175
0.07700414
0.19823985
0.08371465
0.09661402
0.13271098
0.20979542
0.12097908
0.13095336
0.13003919
0.10317830
0.21486410
0.15842061
0.17709941
0.14420837
0.11444304
0.19837230
0.12143391
0.05585895
0.06847345
0.07908063
0.15949914
0.14876600
0.06463111
0.22861558
0.10966847
0.10706098
0.16110514
0.09613356
0.11686362
0.15363532
0.15345031
0.09154418
0.13835052
0.09354284
0.09433174
0.15415752
0.07729147
0.20155472
0.19655392