0.09072412
0.95615256
0.96088648
0.96146888
0.96045935
0.96346593
0.95480037
0.95803940
0.95917964
0.95592123
0.93930453
0.95325190
0.92903060
0.96388757
0.95551902
0.95807624
0.96362090
0.96048468
0.94742805
0.95864540
0.96779704
0.97034407
0.97128761
0.97271669
0.97328347
0.97041869
0.97001320
0.95591235
0.96480048
0.97596097
0.96010363
0.96563947
0.96578825
0.97351575
0.96792734
0.96985227
0.96418417
0.97460645
0.96635079
0.96178353
0.96630841
0.96628606
0.96636641
0.96635163
0.96253115
0.96747100
0.96876442
0.97379088
0.96240389
0.96622658
0.96636415
0.96224672
0.97137094
0.96828097
0.96188784
0.95538092
0.97870725
0.97131866
0.96888292
0.97771925
0.96435487
0.97195810
0.96521765
0.97012198
0.96985656
0.96679902
0.95833856
0.95640320
0.97388959
0.97133362
0.97437233
0.96507651
0.96426791
0.95379221
0.97080767
0.97306550
0.97578448
0.97163427
0.97671598
0.97066587
0.97194189
0.96166903
0.96470964
0.96247619
0.96682274
0.96053201
0.94405574
0.94322526
0.95927072
0.95147079
0.94522589
0.95273757
0.94122803
0.94609666
0.96271265
0.94314271
0.95609665
0.95693994
0.96093661
0.95968509
0.96147883