0.07788720
0.16717204
0.13810731
0.10163267
0.07138408
0.06612395
0.10492662
0.07658198
0.16497436
0.07735015
0.12989263
0.05181070
0.10213485
0.08553477
0.09914043
0.08869528
0.14411554
0.11711524
0.07080457
0.08033726
0.08494956
0.10023819
0.08628035
0.18874276
0.07730979
0.10229132
0.06813049
0.17446449
0.17769399
0.09705155
0.10560979
0.09929835
0.06823663
0.07509794
0.09820381
0.04837436
0.10973585
0.09572708
0.11893105
0.08149669
0.07081146
0.07042426
0.05846175
0.07402802
0.06361720
0.11198557
0.05593500
0.02425743
0.12323067
0.04481732
0.07015967
0.09236005
0.12330103
0.14257517
0.09875802
0.18449128
0.06833111
0.06092334
0.06328320
0.06831618
0.06925517
0.06410722
0.21006514
0.11802155
0.10633754
0.05841719
0.12407934
0.15842330
0.04761509
0.07674223
0.07941331
0.02179205
0.08814448
0.08549238
0.12177584
0.05334461
0.08515368
0.15889384
0.11439977
0.07842792
0.07762769
0.11400830
0.10658795
0.04342147
0.04062758
0.09396425
0.09727962
0.05969474
0.12797508
0.02651063
0.09529788
0.09779876
0.08236150
0.09717107
0.18126804
0.04863107
0.15160681
0.10010830
0.11098202
0.10096335
0.02245283