0.09090188
0.02285192
0.10017768
0.08417366
0.05946826
0.10058628
0.09371044
0.10157750
0.08812191
0.05184430
0.08270287
0.09244990
0.11040915
0.05318674
0.08984388
0.19841233
0.04823013
0.12127959
0.12845194
0.09710407
0.10921708
0.11759508
0.07165772
0.06190911
0.08931859
0.10539648
0.13292690
0.03296574
0.06158803
0.06140210
0.05441481
0.09683542
0.10749833
0.07431472
0.11907332
0.13655871
0.08679018
0.03940271
0.12876403
0.13432601
0.06900638
0.06665570
0.04496192
0.13107617
0.10235234
0.08296514
0.13273720
0.19754578
0.06765023
0.09203453
0.08302517
0.06846318
0.16856335
0.08905568
0.13395198
0.04121176
0.05442859
0.12975176
0.04322246
0.12385879
0.08777556
0.11473984
0.10330285
0.16411139
0.04528511
0.11021577
0.04539497
0.16149059
0.07860898
0.04157651
0.10546307
0.09336734
0.05007865
0.06757098
0.07058571
0.09426199
0.09404983
0.13190213
0.09551245
0.11336266
0.05864812
0.15444297
0.05769067
0.04316052
0.11286042
0.06093618
0.07621352
0.12932882
0.04085307
0.15525952
0.09869774
0.03183153
0.04812698
0.14064482
0.04193147
0.04648918
0.04437254
0.11437140
0.11688738
0.04273050
0.04831275