0.10973397
0.04948111
0.15738758
0.20367022
0.15552095
0.06245476
0.25610217
0.19715229
0.10518350
0.08349796
0.28355536
0.18496908
0.20896673
0.43275285
0.31862086
0.06810548
0.38766748
0.26908687
0.26631692
0.26268885
0.12107670
0.37975910
0.34300515
0.16901644
0.39412576
0.30301225
0.14545093
0.09121078
0.30982247
0.30555007
0.36681542
0.21865627
0.36030921
0.46563971
0.23200709
0.14441943
0.27638268
0.31571463
0.04496518
0.19411123
0.23863174
0.24221535
0.40370128
0.08865981
0.45207465
0.43046203
0.35642579
0.40499818
0.25504473
0.35512975
0.10469518
0.28210041
0.40183762
0.37601215
0.47723827
0.17700264
0.27418467
0.28084359
0.13658276
0.36152434
0.08640525
0.36733532
0.27025282
0.21761534
0.23666164
0.25579628
0.25881147
0.49095607
0.35782346
0.35044888
0.37905517
0.20157331
0.41683015
0.14661685
0.27633971
0.26802373
0.43985215
0.33822688
0.11939246
0.40781951
0.30052030
0.43217248
0.38319793
0.30103335
0.31323552
0.28055620
0.35810173
0.26918498
0.20934543
0.15079163
0.19971521
0.13460140
0.26759595
0.10704550
0.18701337
0.31240121
0.30290946
0.07402392
0.02689888
0.21162327
0.40886986