0.07657552
0.93795180
0.92862475
0.92642075
0.93354475
0.93496025
0.92848223
0.91645765
0.92984968
0.93995637
0.91718096
0.91588056
0.92342073
0.92965949
0.92551976
0.93612731
0.92063361
0.93432128
0.94647628
0.92871910
0.90569448
0.91902810
0.93517148
0.92856437
0.91074079
0.92130309
0.93004525
0.93070525
0.92636818
0.94046617
0.92838961
0.92624444
0.90614873
0.91147351
0.92514837
0.92074782
0.92182380
0.90505689
0.91695124
0.92958772
0.93454802
0.88921511
0.92232400
0.91977936
0.91426063
0.91016906
0.93773359
0.92831528
0.91936076
0.92551339
0.90435386
0.94983721
0.91828758
0.92961425
0.90013343
0.92070615
0.91779435
0.91789365
0.91215777
0.93181878
0.91712534
0.93705237
0.93793190
0.93837547
0.92998779
0.90863013
0.93300813
0.93246531
0.91756094
0.93040884
0.93112695
0.92810369
0.93621278
0.94385171
0.91940194
0.91864282
0.92806494
0.92467284
0.93079340
0.90554941
0.94034994
0.93855178
0.93580890
0.93668795
0.93502176
0.92044657
0.94285333
0.93410438
0.91968709
0.92445302
0.92292464
0.93052447
0.90946388
0.89666259
0.93380851
0.93797636
0.94374990
0.93761617
0.93309611
0.92062163
0.93326753