0.14325123
0.71527845
0.80002534
0.82714772
0.82324672
0.72082019
0.80619168
0.70733660
0.74390107
0.71870911
0.82147598
0.78682935
0.75273454
0.75775415
0.80949342
0.83041853
0.82203203
0.81314933
0.83844447
0.85354829
0.79783595
0.82294446
0.81998855
0.80177850
0.81316125
0.81014562
0.83374918
0.83165932
0.81925291
0.82740790
0.81037843
0.80430627
0.79341638
0.80804479
0.83231127
0.80191231
0.82255411
0.82848001
0.84319603
0.85928756
0.84706950
0.83384246
0.85214746
0.80269921
0.82095832
0.84248716
0.82986635
0.85876542
0.81644732
0.75610298
0.79353637
0.72704667
0.80941528
0.74148822
0.86723524
0.83762860
0.76934659
0.83920181
0.85621691
0.81030357
0.79539490
0.81657654
0.77635694
0.79607058
0.79204577
0.84275216
0.83362770
0.81323570
0.76505464
0.78339064
0.79431236
0.81026703
0.82522339
0.83166564
0.83268517
0.80708224
0.78302306
0.69704062
0.80425054
0.83389753
0.83290917
0.81514382
0.83685952
0.78659636
0.80351073
0.83309579
0.78217679
0.80178279
0.83258688
0.77716184
0.80142027
0.87281692
0.82730126
0.79738116
0.79577935
0.79865021
0.78843635
0.84462595
0.75246400
0.81095296
0.83866119