0.05321941
0.93261892
0.94218343
0.94578123
0.94741213
0.95634329
0.95237589
0.94470268
0.95932901
0.95573771
0.94765878
0.95105493
0.94747424
0.95135987
0.94746798
0.94431007
0.93901092
0.92830580
0.94868904
0.94567579
0.93185878
0.94586319
0.94768232
0.93519396
0.94951802
0.94220549
0.93985361
0.93908715
0.93524170
0.95737672
0.93881071
0.93886018
0.94433409
0.95516944
0.94319230
0.94908547
0.94455183
0.92874789
0.92449903
0.92680669
0.94991690
0.95766526
0.95503861
0.94064641
0.95038909
0.94540107
0.94834900
0.94454145
0.95019823
0.94419724
0.95303732
0.96229899
0.95462638
0.95622146
0.94424707
0.95442468
0.95390946
0.95157170
0.93536514
0.95959687
0.95039010
0.95832360
0.95171571
0.93777215
0.92965430
0.95080626
0.93879813
0.93904907
0.93652976
0.93949133
0.94389653
0.94765848
0.95457017
0.92753464
0.93297219
0.95581555
0.95232600
0.94665170
0.94122809
0.94709945
0.95165163
0.94428366
0.95770615
0.96036202
0.94266599
0.94854271
0.92903650
0.95380157
0.93964654
0.93978781
0.93967432
0.95024717
0.93975961
0.94146490
0.93988585
0.91734123
0.93784028
0.92624068
0.93411601
0.93850660
0.94280601