0.06916220
0.88298666
0.82553655
0.79070836
0.83208245
0.84836984
0.80543548
0.82958788
0.78611070
0.80707169
0.80520701
0.77598917
0.82112181
0.78402853
0.83618325
0.85007548
0.83159029
0.82111138
0.80948567
0.83261460
0.80962348
0.83686376
0.82628250
0.82906842
0.83958924
0.79323417
0.82280189
0.83267301
0.85302073
0.81587470
0.85799873
0.87359947
0.86222476
0.80209792
0.81936049
0.87691849
0.78798789
0.82464349
0.82661194
0.82722056
0.83141220
0.81927180
0.85237622
0.84989035
0.84481454
0.75029969
0.84977990
0.83649915
0.81607389
0.79591781
0.84846568
0.83976954
0.84633029
0.82736254
0.86050200
0.87535530
0.86582762
0.85754472
0.86674726
0.86451775
0.82694471
0.83562636
0.81382489
0.84941995
0.86689812
0.87105155
0.87361407
0.85678065
0.82791251
0.87810159
0.88460106
0.85355407
0.86211812
0.85687304
0.82593435
0.86209589
0.82662493
0.83440554
0.83445007
0.83010352
0.85836309
0.83935684
0.86008471
0.81279838
0.82801026
0.77130365
0.85999268
0.85430366
0.80426520
0.85421240
0.77493334
0.83836275
0.80970091
0.85009974
0.87830526
0.85241818
0.85764527
0.78993231
0.80401689
0.84060061
0.84072107