0.05855872
0.04683327
0.10576323
0.06367199
0.14509368
0.05083912
0.11514892
0.09775881
0.07706456
0.08286422
0.07947639
0.05245997
0.07397329
0.09055629
0.14972396
0.07865547
0.16738673
0.02592753
0.02550138
0.07524665
0.04253166
0.06474686
0.05842200
0.14906275
0.13336147
0.07834955
0.07874764
0.08574705
0.16615398
0.08954503
0.07252611
0.03586135
0.15195107
0.02266265
0.09599915
0.04760076
0.11975141
0.03367699
0.12363625
0.04352500
0.05997895
0.06412145
0.05068595
0.11410329
0.03348173
0.06903035
0.12299020
0.10574020
0.05749018
0.14129528
0.03355926
0.08157626
0.04251553
0.09582691
0.15372960
0.05341242
0.20595841
0.13153696
0.07746847
0.14845775
0.12201981
0.02130809
0.13144444
0.11158332
0.08975655
0.14104307
0.04601250
0.00376773
0.08882547
0.04818295
0.11220963
0.08468434
0.07736852
0.05503537
0.14163530
0.11036178
0.09677877
0.07080176
0.10852365
0.13204426
0.13931996
0.07924422
0.08787791
0.10028069
0.09928893
0.03266670
0.06862320
0.05041315
0.07714344
0.23482589
0.03467892
0.04692448
0.06885003
0.08466989
0.16548114
0.08433712
0.11889196
0.13521035
0.08168413
0.05360670
0.12152626