0.05855872
0.95720506
0.95506662
0.95768809
0.94211715
0.94204354
0.94779307
0.95498878
0.93306494
0.94618309
0.94629908
0.93264955
0.93475413
0.92865372
0.95351893
0.95082438
0.94087493
0.95029879
0.94339478
0.95087385
0.95382279
0.93310767
0.94829398
0.95412612
0.96225768
0.95804793
0.93396974
0.95654184
0.95464355
0.92846972
0.94156319
0.95992738
0.95073920
0.93910187
0.94879317
0.93755502
0.94311851
0.93434501
0.93877119
0.93610579
0.94725549
0.95499527
0.94736463
0.94395864
0.95337659
0.93377274
0.93607408
0.94656044
0.94950455
0.95916659
0.94572198
0.95308959
0.93499541
0.94769609
0.94935817
0.94472182
0.93521118
0.93582797
0.94957644
0.96031898
0.95497286
0.96185911
0.93959069
0.94697714
0.95397758
0.95047385
0.96057242
0.94389910
0.95231932
0.94440657
0.96178907
0.94091344
0.95414889
0.95843375
0.94737250
0.95552337
0.94988197
0.96033949
0.95589942
0.95557284
0.94565630
0.95893151
0.95943117
0.95859772
0.95496374
0.95766699
0.96068281
0.95042205
0.95216215
0.95221865
0.95722574
0.93720049
0.94628042
0.95315146
0.95758516
0.93750161
0.95486146
0.95153159
0.95802039
0.94182885
0.95359784