0.07874878
0.94813567
0.94679177
0.94176698
0.93825310
0.94986373
0.93750048
0.94276828
0.94254142
0.93759656
0.94808036
0.94996190
0.94362390
0.94898367
0.93257737
0.95295411
0.94125444
0.95231825
0.96096945
0.95439607
0.94778425
0.95583516
0.95895475
0.95217973
0.95726562
0.95332038
0.95433861
0.95832658
0.94974840
0.95374793
0.96547717
0.95482713
0.95930952
0.95537394
0.95909750
0.95349962
0.95680916
0.95796227
0.96706861
0.95738000
0.95384896
0.95432997
0.95919603
0.95913446
0.95820159
0.95770484
0.95898378
0.95926172
0.95429069
0.96107757
0.94975525
0.94936109
0.93420446
0.94481540
0.94881690
0.95374471
0.93897051
0.94110382
0.94989312
0.93564951
0.94238913
0.95184660
0.96885073
0.94950700
0.95987594
0.95542312
0.95701331
0.96668386
0.96522683
0.96432638
0.96132678
0.96344680
0.94391358
0.95519304
0.95320666
0.95658755
0.96282524
0.95730138
0.95937455
0.94337672
0.96099645
0.95756757
0.96325195
0.95028913
0.93833536
0.95516050
0.94414061
0.95497894
0.96641314
0.96577692
0.96312052
0.96549445
0.95211637
0.95996493
0.96144605
0.95135409
0.95814586
0.96422380
0.96347475
0.96023637
0.95541644