0.08263827
0.64590406
0.61729234
0.69912577
0.76779908
0.80634725
0.75439763
0.79699785
0.71885771
0.78290921
0.74520266
0.72532767
0.75768036
0.78497678
0.76981330
0.83004224
0.67328662
0.77433467
0.64978814
0.66930962
0.70944113
0.73404956
0.78790069
0.69748122
0.76892030
0.78175235
0.68076462
0.77924937
0.71586603
0.72419786
0.66384453
0.68313628
0.73397475
0.68701911
0.73074704
0.73996741
0.72316658
0.61570585
0.62046868
0.75668353
0.67992663
0.75329757
0.73904639
0.61274999
0.72254211
0.75092989
0.66443199
0.72765654
0.76320642
0.75620979
0.67828345
0.75409460
0.70946044
0.73855966
0.73054069
0.78992009
0.61166799
0.81475502
0.74349231
0.57560396
0.70918536
0.82816052
0.70612496
0.75185251
0.72477114
0.79503518
0.69677091
0.71562386
0.71971351
0.71964723
0.57492554
0.67691934
0.72243899
0.76265275
0.79556733
0.70179915
0.74119782
0.73291916
0.74750906
0.61691290
0.66323251
0.74175966
0.69112784
0.75009245
0.71373892
0.69526911
0.70401168
0.77467728
0.79742694
0.74971229
0.75073534
0.73828298
0.65502459
0.70879698
0.75712371
0.73094094
0.70954806
0.77085936
0.69863802
0.70329660
0.69785446