0.11598152
0.04728036
0.19123614
0.06041573
0.15149173
0.13592334
0.07692663
0.14633542
0.06923288
0.14567737
0.06827305
0.17996776
0.07250436
0.14679393
0.17382146
0.05641278
0.15054613
0.10764408
0.07441720
0.08629376
0.07807463
0.07401992
0.11233772
0.09786869
0.05681113
0.07732119
0.10668614
0.05884095
0.14851466
0.14079583
0.19022419
0.09443972
0.20453282
0.11093684
0.05685136
0.10099050
0.13694224
0.10107736
0.05770519
0.14091516
0.07405113
0.10651077
0.03223980
0.07345342
0.09524947
0.02949401
0.07462897
0.10168879
0.23343967
0.06552871
0.08586113
0.12726253
0.11255625
0.05465734
0.13402824
0.16876829
0.05799161
0.16269745
0.16278578
0.08793143
0.10078161
0.16127449
0.08591157
0.04940483
0.16469406
0.25390685
0.08220997
0.04115810
0.23310663
0.06262748
0.08728804
0.13297263
0.19003870
0.09462788
0.16023548
0.11530878
0.07834294
0.03398102
0.05116295
0.18897325
0.15668091
0.10709833
0.22103515
0.11515860
0.16024847
0.12378469
0.22280255
0.12660071
0.09812525
0.07807647
0.03814600
0.13086945
0.08351517
0.08036821
0.10816499
0.11624663
0.11571873
0.09854505
0.11638252
0.06040458
0.25296107