0.08318138
0.95845842
0.95648348
0.95883459
0.95358002
0.95808524
0.95726067
0.94439614
0.95784551
0.95248115
0.94310302
0.94754267
0.94900781
0.94780707
0.94691938
0.95974040
0.95717776
0.96672279
0.96528763
0.95218122
0.95220369
0.96575987
0.96177429
0.95469069
0.94835633
0.94092858
0.95650804
0.95023894
0.95253289
0.95114118
0.96257204
0.95700562
0.95538884
0.95217675
0.94062424
0.95141059
0.94527787
0.94351244
0.93711692
0.94627410
0.95377344
0.96042681
0.95430732
0.94563109
0.95450425
0.94877863
0.95294869
0.95649612
0.95725572
0.96292162
0.95055819
0.95144492
0.96116126
0.96642709
0.94906157
0.95085341
0.96393418
0.97397310
0.95945787
0.97359270
0.97985303
0.97434568
0.97875452
0.97951180
0.96805847
0.95573151
0.96965408
0.96898437
0.96577346
0.97239065
0.96740097
0.96787417
0.96188819
0.96521699
0.95039946
0.94859785
0.95723540
0.95870286
0.95959479
0.96244019
0.96084213
0.96157163
0.95509928
0.95389611
0.95560801
0.95902282
0.95697707
0.94030970
0.94434845
0.94619727
0.94789839
0.94635940
0.94288355
0.96128279
0.95267838
0.94687128
0.95130557
0.95170695
0.93786597
0.94352800
0.95713562