0.10303149
0.64568406
0.76902223
0.82279801
0.78252912
0.81925154
0.77437735
0.73955727
0.77276504
0.84274942
0.80800188
0.79089510
0.86586362
0.83400190
0.83491725
0.82741433
0.85100091
0.78887230
0.75638175
0.69113976
0.74815184
0.71245283
0.85483259
0.81014353
0.83919805
0.76157951
0.83360839
0.85741591
0.83120078
0.82388872
0.67893791
0.70908743
0.86186630
0.86394179
0.74535728
0.69645059
0.74487954
0.77634692
0.80826789
0.81966650
0.84932816
0.81326807
0.69314665
0.80871195
0.82679158
0.84475046
0.87649018
0.85353488
0.84349459
0.82354110
0.80360407
0.83533692
0.81841218
0.83040780
0.77314270
0.83511335
0.85845459
0.84075618
0.84604853
0.84354788
0.79831862
0.79998761
0.75174230
0.82564950
0.81696820
0.84462851
0.75826234
0.84055132
0.82805735
0.83921796
0.82092714
0.79926544
0.71786553
0.78920603
0.78031069
0.79343712
0.82077074
0.74447274
0.72362989
0.81875193
0.79031491
0.83013707
0.78778338
0.81229752
0.80419838
0.82145661
0.83934844
0.82610053
0.84528750
0.81892884
0.83265132
0.84662855
0.83008456
0.77685815
0.79998869
0.83331490
0.80252719
0.82332397
0.87609118
0.82985544
0.80679286