0.10519592
0.46943510
0.59981573
0.62084126
0.59393013
0.70097268
0.65299928
0.72055990
0.63526857
0.52311903
0.65515953
0.60604429
0.57389235
0.54706496
0.53447616
0.45253509
0.48562390
0.57862920
0.57303256
0.44139290
0.62211233
0.51042867
0.66099876
0.66253996
0.73426062
0.64471930
0.62412256
0.71840698
0.68770266
0.65743637
0.63644791
0.62257540
0.60536820
0.61849099
0.74297404
0.69211662
0.70911539
0.63826442
0.60122985
0.57767016
0.62994194
0.68448848
0.68408638
0.69525450
0.72298348
0.70035326
0.71995020
0.69886088
0.71558326
0.61491638
0.60260725
0.68162042
0.68839043
0.61198252
0.72799921
0.69075012
0.67491198
0.71399003
0.66928214
0.64884984
0.69736558
0.67842031
0.65293711
0.68107247
0.74691659
0.68369919
0.59202015
0.67849785
0.74115855
0.65390313
0.70971251
0.73165268
0.70702845
0.73306537
0.77656054
0.74083626
0.66267705
0.65975589
0.72111261
0.73212945
0.71619225
0.75136065
0.76642573
0.69411498
0.69795203
0.68872488
0.71489602
0.77689546
0.69266403
0.68548822
0.63223094
0.67348808
0.68618971
0.73422796
0.71950912
0.72075826
0.67626357
0.75022483
0.69614595
0.62911516
0.71142358