0.09256493
0.80834502
0.86698890
0.82339311
0.83963799
0.87066734
0.89092690
0.84478325
0.87414163
0.90635717
0.88214761
0.84315133
0.89815325
0.88407815
0.83815593
0.88390124
0.86737549
0.89348984
0.89667952
0.86840248
0.90593857
0.91071260
0.92319387
0.94002098
0.91944450
0.91249305
0.93669039
0.93208158
0.92583895
0.91752589
0.92455667
0.90990639
0.91814387
0.93535078
0.93343675
0.94303685
0.91504341
0.87719858
0.91649133
0.93370193
0.89871871
0.91477495
0.89454025
0.93085748
0.91304034
0.90992737
0.91397041
0.91239840
0.90914917
0.89655566
0.90007865
0.88824892
0.89546454
0.89287895
0.90736407
0.89037794
0.93444932
0.91587234
0.91771567
0.87086266
0.90696657
0.89301169
0.91582263
0.90523648
0.88418853
0.86345887
0.89896727
0.91089785
0.89143091
0.87158716
0.89907402
0.93977910
0.90507925
0.86987168
0.92175645
0.89427292
0.91892862
0.88489783
0.90808892
0.88575095
0.90743941
0.86961961
0.89464074
0.92997259
0.90711701
0.93259519
0.92672980
0.93213868
0.91402543
0.91155076
0.91706932
0.89968264
0.87036079
0.91040611
0.92877316
0.92595679
0.91500086
0.91394943
0.90805173
0.91708100
0.90991020