0.09290066
0.07043079
0.14033695
0.10952105
0.05536667
0.03817537
0.18724146
0.08102898
0.12746578
0.11544139
0.09868079
0.09072720
0.13991313
0.09862170
0.09040824
0.20016116
0.07697111
0.07713709
0.06394029
0.09085721
0.02564622
0.06427427
0.09970186
0.11480679
0.14418192
0.07847057
0.04614522
0.05400870
0.15588659
0.11523009
0.14918087
0.10353416
0.14387640
0.09525064
0.11067677
0.02805377
0.12556185
0.10953891
0.08727968
0.05255472
0.09356362
0.09367125
0.08466541
0.12725133
0.09407111
0.11704359
0.06674854
0.09112334
0.07617657
0.07172516
0.09051476
0.09786544
0.07494271
0.10046815
0.09546434
0.08802035
0.08045959
0.08338291
0.06636831
0.11283846
0.02215646
0.12598163
0.06950805
0.06262262
0.04007522
0.08830858
0.14101011
0.08622358
0.05264879
0.05850520
0.10733253
0.12969436
0.14731406
0.11562794
0.02449842
0.03961292
0.09292351
0.10453358
0.06923967
0.18222766
0.09890022
0.11257154
0.03307278
0.04991645
0.09072395
0.09663300
0.06908436
0.10329115
0.07308083
0.05530110
0.17093265
0.13209698
0.04513221
0.11567888
0.07767975
0.04322396
0.06467658
0.09078387
0.18852977
0.12618029
0.14233145