0.12501109
0.89789718
0.90943885
0.88563812
0.89059365
0.89409792
0.87529594
0.90470731
0.88617688
0.90420401
0.92854571
0.90406340
0.87925565
0.90054482
0.91654396
0.92267686
0.90260679
0.91091937
0.91169310
0.90096277
0.90511018
0.89168596
0.90709120
0.90735924
0.91518438
0.89610720
0.90637118
0.88785219
0.91182411
0.91187716
0.90768975
0.89920366
0.92143106
0.90146780
0.90275902
0.89007127
0.88575447
0.88204747
0.89712244
0.89793229
0.90740800
0.90064329
0.88312030
0.89545137
0.89527059
0.88663423
0.90225959
0.89569861
0.88588136
0.90319479
0.90597582
0.89742935
0.90138662
0.90826261
0.91542548
0.90572602
0.88494378
0.91036302
0.89151484
0.91016173
0.90245420
0.91795760
0.92395341
0.91879672
0.90327966
0.89108157
0.90136331
0.89360654
0.90433443
0.90020722
0.91649657
0.89730841
0.92003626
0.89636236
0.91177249
0.91727167
0.88198018
0.89545804
0.90935487
0.92291117
0.91932124
0.91625142
0.89619964
0.92499620
0.87743187
0.88888776
0.88208246
0.88203943
0.89553457
0.90874082
0.91713381
0.90391916
0.90430945
0.89904100
0.87334388
0.90229452
0.88881797
0.89588416
0.90562713
0.85263741
0.89953113