0.10090737
0.43160769
0.87364680
0.84999692
0.88097191
0.90165156
0.87999064
0.86198926
0.91980606
0.92203802
0.89642274
0.91770262
0.92999148
0.92057687
0.91182756
0.92541903
0.92659259
0.92911392
0.93662202
0.92376608
0.93056762
0.93397695
0.91739893
0.89758801
0.89633393
0.91748697
0.89970183
0.91291159
0.90338606
0.92862773
0.92484260
0.93443376
0.92105269
0.90487933
0.89315581
0.93340373
0.88122290
0.87226760
0.90440750
0.87205392
0.87447435
0.92164886
0.91102719
0.92981285
0.92219329
0.90554130
0.88400871
0.91646105
0.91119313
0.91229272
0.92025191
0.87254977
0.87743425
0.90703398
0.85350633
0.86790991
0.88041383
0.90632224
0.87479508
0.83237386
0.88534957
0.89332944
0.87268066
0.84149116
0.90290070
0.90295488
0.92964083
0.92739052
0.93627632
0.91937721
0.90287125
0.90660357
0.91538775
0.91743821
0.90891755
0.88637382
0.92438620
0.90047163
0.91740316
0.91331148
0.90624011
0.89578772
0.91342223
0.91197389
0.86850679
0.86380875
0.83428353
0.88155633
0.91188693
0.90488780
0.87082535
0.87725919
0.86142164
0.83980501
0.89515138
0.92974585
0.88131696
0.89177561
0.92095733
0.93098527
0.93571585