0.09925324
0.93358880
0.92000663
0.91684645
0.92350298
0.92751342
0.92896330
0.93609655
0.93754417
0.94527930
0.94068331
0.93709379
0.93981194
0.94774514
0.95254928
0.95120347
0.95355308
0.93650991
0.93962908
0.94559240
0.92968976
0.94925582
0.94150329
0.94343513
0.95031816
0.89512986
0.92618799
0.93834817
0.92161554
0.93523443
0.93484992
0.93578416
0.92987162
0.95201707
0.93985224
0.93134362
0.92836899
0.91383719
0.89019364
0.91425675
0.91128188
0.90588951
0.90951103
0.92839968
0.92075980
0.93281782
0.89969498
0.92409796
0.90667588
0.92632318
0.92896682
0.93591994
0.92670459
0.92947543
0.93376875
0.92951792
0.93119150
0.91816992
0.92599875
0.92872673
0.89502108
0.89098817
0.87198210
0.89776343
0.92693746
0.93289238
0.90545607
0.90842813
0.93497103
0.92078352
0.90174985
0.90098459
0.91050339
0.91613752
0.92302054
0.91049600
0.92289370
0.92673826
0.91255701
0.91271561
0.93978691
0.92814249
0.93176931
0.92756057
0.94780815
0.93116099
0.93915528
0.93016416
0.92339498
0.93546110
0.93625253
0.93152320
0.90025282
0.94666868
0.90479994
0.92009270
0.91225863
0.89391297
0.90139246
0.93684578
0.92277199