0.08686347
0.62175965
0.74210066
0.85064536
0.86508745
0.84676874
0.82922262
0.83158332
0.84253263
0.79871374
0.84306312
0.78702193
0.82879466
0.77696246
0.73006845
0.84430581
0.79932135
0.81464082
0.81838608
0.79913276
0.78382611
0.74118537
0.74720174
0.80655807
0.80671006
0.80592185
0.85067338
0.84818947
0.82567179
0.80198526
0.83337283
0.82972640
0.83715993
0.83311540
0.72496295
0.81071615
0.81679642
0.83574015
0.80952680
0.83899081
0.84205872
0.76407480
0.79855227
0.82119995
0.86294603
0.88097662
0.80979395
0.85225326
0.81885064
0.81628335
0.81048417
0.81961381
0.84721619
0.81740016
0.78474545
0.82442743
0.80983680
0.78840208
0.85887557
0.82926011
0.85162306
0.78875142
0.79127556
0.84104294
0.87604034
0.86218345
0.86067617
0.78913134
0.79429168
0.84245038
0.80230826
0.84606433
0.86344266
0.83880365
0.75530517
0.73966408
0.76497114
0.81257075
0.75137830
0.80998772
0.79677373
0.79958421
0.84352893
0.87322325
0.82712966
0.81662643
0.85405982
0.79940444
0.79333615
0.81635606
0.82258683
0.81519127
0.78944778
0.85061318
0.83136779
0.74437922
0.73301756
0.70442533
0.77410012
0.72998619
0.70732123