0.18653215
0.52308637
0.71807700
0.76557481
0.75643706
0.80044675
0.80668622
0.78204352
0.79514289
0.83525765
0.76834661
0.78454185
0.81694770
0.82687509
0.81674743
0.79993176
0.80355555
0.82088852
0.86203885
0.78579938
0.83158714
0.84854859
0.79568017
0.81354004
0.77010369
0.85710585
0.83866000
0.81892222
0.84966749
0.79389292
0.86908364
0.81522489
0.80666441
0.78704107
0.73328775
0.81433451
0.81237799
0.78306711
0.78185898
0.82119423
0.80608755
0.76924479
0.82278657
0.83476293
0.78653979
0.78978157
0.79044896
0.79280627
0.76371759
0.78375989
0.82652909
0.82684398
0.75056297
0.83417898
0.79950070
0.80311430
0.76924437
0.79610860
0.71995145
0.76034909
0.74890018
0.78155023
0.79336286
0.77629161
0.81764084
0.78110540
0.77799577
0.82196844
0.79608268
0.81139892
0.80749071
0.82847548
0.83251756
0.86022025
0.76049578
0.76506674
0.78119248
0.79804850
0.84145677
0.75552142
0.84447753
0.82707858
0.84075248
0.77079928
0.78297698
0.83152014
0.79821879
0.81371331
0.75915754
0.78015292
0.78583765
0.75098890
0.77305007
0.81006813
0.78863353
0.81714147
0.81443352
0.82891417
0.83454645
0.83940232
0.85975152