0.09290066
0.10431402
0.07571296
0.13979909
0.03625457
0.08064260
0.16466303
0.11100562
0.08702598
0.11616354
0.09913144
0.26265112
0.05834903
0.14631921
0.06086145
0.06350867
0.15065652
0.08371284
0.11068957
0.18200290
0.09275065
0.06296053
0.08161252
0.10163424
0.22680424
0.13601671
0.15959331
0.11444975
0.13431472
0.19557774
0.01124580
0.08375261
0.13773432
0.07244296
0.14256153
0.06462929
0.13257164
0.08950030
0.08765776
0.11599347
0.06567588
0.23318356
0.09771830
0.02738591
0.09151353
0.11225411
0.14998876
0.20733768
0.10917071
0.02346992
0.13584876
0.11655024
0.07977094
0.10844894
0.14411527
0.16679169
0.13372795
0.10292304
0.16600324
0.12022566
0.11800378
0.14584363
0.07134768
0.07887492
0.18703148
0.19807878
0.15934101
0.19778824
0.11892571
0.18249342
0.10582359
0.10915010
0.15742286
0.10181712
0.07770056
0.05127294
0.07643256
0.02567869
0.14918751
0.06737807
0.09275468
0.11690202
0.15551090
0.18944252
0.14541687
0.13963968
0.05795301
0.11047538
0.13792501
0.06357858
0.11312871
0.13097687
0.08319589
0.09495123
0.11650559
0.20498767
0.19503851
0.07712274
0.20553446
0.11389490
0.13748720