0.13953310
0.70605576
0.81905854
0.79837966
0.76716214
0.78932625
0.77555585
0.84920579
0.83902144
0.75312853
0.82203233
0.76951623
0.78651536
0.83088821
0.80996722
0.76609439
0.75985014
0.70187455
0.81911677
0.77590775
0.70858979
0.73424548
0.81591779
0.81703407
0.73214811
0.80513293
0.77868098
0.75934362
0.80037338
0.78499770
0.81371063
0.82621855
0.79851699
0.83407491
0.83233416
0.82244116
0.84985727
0.83289832
0.85322499
0.84982008
0.86659133
0.85275602
0.84766555
0.82223862
0.87077773
0.83820039
0.77462000
0.81869531
0.80680513
0.80067903
0.82397115
0.84869629
0.74040169
0.78654706
0.76114815
0.80491692
0.78629065
0.79955435
0.78134423
0.75236589
0.84092981
0.82688051
0.79366320
0.80384773
0.81380630
0.83904570
0.81255198
0.83737665
0.82280266
0.71221048
0.82561225
0.80447477
0.78278220
0.74427450
0.84041345
0.82805657
0.83467376
0.78335005
0.84220213
0.83544242
0.86881715
0.76415962
0.74308038
0.81059432
0.76789969
0.78759074
0.78528106
0.77428591
0.83190936
0.78326589
0.81849080
0.80811697
0.79743785
0.75118554
0.79708618
0.81191599
0.82787567
0.74526680
0.78385442
0.85640311
0.84948677