0.14536166
0.91492295
0.89893103
0.90700507
0.90589517
0.90944749
0.91837674
0.91122168
0.89280260
0.93304825
0.90600699
0.92006826
0.88074529
0.90463603
0.90780801
0.88096434
0.91298085
0.89239538
0.92094016
0.92407155
0.94160330
0.93005592
0.90943503
0.92028677
0.91822129
0.93547434
0.88655370
0.91959190
0.90555304
0.91600603
0.90068024
0.91381228
0.92235017
0.90589994
0.91764522
0.90690339
0.90408552
0.87605131
0.86349988
0.90317655
0.90458602
0.86943173
0.91431665
0.89536250
0.89540941
0.94986802
0.91894561
0.92305672
0.91848838
0.86590117
0.89414901
0.87367499
0.89205217
0.91380233
0.91256422
0.88699645
0.90793425
0.90626341
0.84079611
0.88128710
0.91682541
0.88193357
0.88651025
0.87285537
0.92503774
0.90744972
0.91993761
0.92695338
0.91115218
0.92307687
0.88595235
0.91756964
0.90149117
0.89802170
0.91233307
0.92229390
0.87646872
0.91948509
0.89306021
0.91690522
0.91838866
0.90107340
0.87853509
0.88362205
0.90492064
0.87637240
0.90912127
0.88955230
0.89120555
0.92914957
0.91948801
0.89813638
0.90424240
0.92038947
0.91606927
0.90957648
0.90361387
0.91631627
0.90031481
0.92625076
0.90441465