0.08686347
0.05784122
0.06939650
0.06541939
0.05813636
0.07512964
0.04213297
0.07730803
0.15772307
0.16887885
0.13242631
0.14779599
0.08792859
0.01687052
0.08190447
0.04001764
0.18908823
0.15800849
0.04534250
0.03895772
0.13653789
0.12487867
0.09261435
0.09765036
0.12304303
0.10346712
0.13434790
0.06782771
0.05729477
0.16478278
0.19244181
0.17607361
0.09723777
0.03243447
0.11637189
0.15603833
0.11679226
0.11751352
0.04113171
0.06421989
0.10227371
0.17191231
0.07112866
0.10048910
0.14793405
0.14448413
0.11674360
0.12079980
0.12302233
0.06609743
0.15952402
0.14218451
0.03993215
0.06973498
0.06548201
0.06158936
0.04234958
0.12703447
0.10169581
0.16023983
0.10160770
0.12166609
0.07990219
0.10362571
0.08012658
0.12526675
0.13982387
0.09705456
0.18325764
0.11386786
0.09397101
0.07647257
0.22248334
0.06753410
0.11097609
0.09614280
0.07491279
0.03147955
0.07408299
0.12200758
0.13472106
0.03185657
0.10017674
0.10142963
0.05600079
0.04024187
0.10270121
0.04466988
0.10470778
0.10340913
0.10181550
0.13661079
0.11024064
0.09307422
0.08596083
0.11431227
0.05175349
0.09250546
0.08788725
0.04180440
0.07902930