0.10519592
0.69420660
0.86287415
0.88811421
0.85533178
0.85628760
0.84494913
0.82386202
0.86850160
0.84739393
0.73418570
0.85522050
0.86582077
0.88358223
0.85758775
0.87545919
0.85389364
0.86432189
0.77075464
0.84629381
0.86124587
0.86352372
0.78779137
0.84498483
0.88283014
0.86191523
0.90713167
0.90406698
0.88102704
0.84369284
0.87388831
0.86482269
0.86809993
0.83959752
0.82913339
0.85356390
0.84919357
0.84327430
0.83906424
0.85634047
0.84647995
0.85053414
0.87479073
0.85799325
0.85805488
0.86068916
0.85936755
0.84645826
0.82833338
0.86367118
0.84495169
0.86055547
0.84383088
0.87809366
0.86379915
0.87090659
0.90971684
0.87024879
0.84401631
0.88567346
0.85544199
0.90419722
0.88814467
0.86487126
0.83374441
0.88769621
0.91420692
0.84804559
0.85968810
0.86982459
0.87532866
0.86830246
0.80993140
0.86454934
0.88875270
0.84642446
0.90015298
0.85180563
0.87610507
0.87011808
0.84243447
0.87113357
0.90736336
0.85901129
0.90242457
0.84943736
0.85389334
0.87318778
0.89650804
0.85940659
0.88198274
0.89640349
0.90433890
0.86256438
0.85175550
0.87325889
0.90300447
0.91000533
0.90397471
0.90419501
0.87769103