0.04789208
0.38603616
0.78966659
0.84224391
0.92199194
0.89889830
0.87484521
0.91421199
0.92501962
0.88029832
0.86846972
0.86705571
0.89522094
0.89398676
0.91508573
0.91426170
0.88315821
0.91099137
0.93822080
0.91815829
0.92101568
0.91166037
0.88747096
0.91482759
0.89697045
0.93328995
0.89757836
0.86846483
0.88956529
0.87879914
0.88112313
0.85141164
0.89781159
0.89444214
0.90797293
0.87304062
0.90658361
0.89060289
0.90703017
0.88597602
0.86958778
0.92139745
0.86387914
0.93001616
0.94142258
0.91337126
0.90434229
0.92335999
0.87450826
0.90508342
0.87510675
0.89325553
0.90522748
0.91085315
0.93314582
0.91839057
0.90126973
0.92006278
0.92371678
0.89763141
0.94040334
0.94155151
0.92157286
0.91826445
0.92358392
0.93082368
0.89758527
0.91823167
0.93077898
0.87070256
0.92492890
0.92424113
0.93814421
0.94078654
0.91350061
0.92554796
0.90957528
0.91892797
0.87984449
0.90022463
0.91659319
0.92526937
0.89004111
0.89209247
0.86907190
0.88621420
0.92076361
0.92285371
0.91776323
0.93112260
0.88800544
0.88855803
0.89283127
0.89757150
0.90967691
0.94176269
0.91776866
0.90455002
0.91884500
0.92528999
0.90272063