0.05321941
0.83884859
0.87996924
0.86796904
0.86028135
0.86539149
0.87932062
0.79609299
0.84205610
0.84881139
0.82989639
0.81775302
0.84305835
0.84818339
0.86680788
0.88430113
0.88845927
0.87192619
0.86217660
0.82655287
0.82200432
0.85237694
0.88785505
0.86161458
0.88621521
0.85437238
0.91004676
0.85341102
0.86578280
0.89513552
0.89355940
0.89222175
0.87897515
0.89901388
0.87431872
0.90845454
0.83711302
0.88037908
0.88021243
0.84359092
0.88891912
0.88336951
0.85555911
0.86280042
0.86803907
0.88951302
0.87343436
0.81348819
0.88752806
0.86747271
0.88465559
0.89010233
0.85705614
0.87921691
0.86428052
0.88625306
0.89135498
0.88313258
0.83432716
0.85682076
0.85447741
0.92097688
0.85407043
0.83698928
0.85516775
0.87132865
0.87764227
0.84656221
0.84761322
0.76005936
0.84193802
0.85640109
0.84434128
0.84162313
0.84971511
0.88986802
0.88297158
0.85128564
0.87981606
0.87337667
0.85113716
0.88121200
0.88255012
0.87748039
0.85871392
0.87642241
0.86738449
0.86216575
0.86258906
0.88867480
0.84365863
0.85468787
0.88377440
0.87294996
0.88813472
0.88025022
0.89819634
0.85294986
0.84568620
0.84957576
0.84484190