0.11377785
0.13118277
0.05103382
0.05169138
0.11614159
0.18172249
0.13477409
0.12735954
0.06745581
0.09209397
0.08755182
0.16860990
0.09121422
0.08985250
0.05523317
0.11170932
0.15222466
0.03076167
0.02710842
0.15447462
0.22898097
0.24992441
0.14847213
0.06175742
0.11573853
0.15260373
0.07080940
0.06817505
0.03042880
0.16297442
0.07176042
0.12133016
0.06977779
0.14886791
0.02181646
0.15084006
0.06819816
0.10297684
0.06867769
0.06151846
0.12077572
0.12609161
0.07128669
0.07814971
0.15052223
0.15237500
0.07439663
0.13073012
0.12436784
0.12476233
0.04708925
0.14297827
0.10991076
0.06957885
0.05715201
0.15183635
0.12654157
0.03222452
0.14621180
0.15550154
0.10324042
0.09592423
0.06893346
0.12602866
0.21335648
0.11522992
0.11728664
0.13736308
0.03470134
0.02715028
0.12853968
0.22260027
0.12691639
0.09650703
0.13039018
0.19816950
0.16161613
0.11289576
0.07885487
0.05772132
0.10408527
0.20121083
0.17086974
0.09696893
0.06573102
0.19211678
0.05566149
0.04149543
0.09266619
0.09014241
0.07367972
0.23404664
0.09998500
0.12056949
0.16671890
0.05808827
0.13837808
0.26981601
0.11741571
0.09048257
0.11134328