0.11512381
0.02023081
0.07394155
0.11823182
0.08580657
0.10202713
0.06100721
0.10727218
0.09019866
0.07789018
0.09025101
0.08853606
0.11659619
0.10386644
0.06759749
0.03400289
0.11226383
0.21386161
0.12285691
0.06715251
0.10029993
0.11561140
0.09969319
0.09418590
0.17329095
0.09330349
0.04239120
0.12432210
0.09410384
0.03192911
0.09526019
0.02689692
0.02807399
0.02879554
0.13071373
0.05905299
0.20102896
0.13208286
0.03805403
0.16209124
0.06339951
0.18901747
0.14796315
0.03207175
0.11416855
0.05263709
0.07892097
0.03228647
0.07545998
0.11436384
0.15006194
0.15109088
0.14783752
0.13817343
0.11594082
0.09479127
0.07823200
0.12755604
0.19067769
0.01381727
0.06302914
0.06231318
0.07070890
0.08381756
0.11381432
0.09175666
0.08622484
0.08992601
0.06718691
0.02115712
0.11587655
0.08120599
0.02908978
0.07235865
0.11145288
0.08238456
0.17572466
0.02827455
0.11902437
0.11726067
0.11775994
0.06107553
0.11350881
0.12091652
0.06740425
0.04328131
0.05755056
0.09316530
0.09195267
0.05039220
0.06974275
0.07172808
0.06953652
0.08024702
0.11717835
0.06893463
0.11941554
0.06619372
0.15352438
0.10714043
0.12230594