0.07657552
0.95096040
0.96151489
0.95575982
0.96495134
0.95529890
0.95442319
0.96836144
0.96194094
0.96610522
0.96964538
0.96846521
0.96090049
0.96201617
0.95734900
0.96411294
0.95587760
0.95448166
0.96982485
0.94940305
0.95986015
0.96379083
0.95433062
0.96171874
0.94759512
0.96095163
0.95858693
0.94975203
0.95471376
0.96232384
0.94781184
0.95734525
0.94574296
0.94580024
0.95768702
0.95563859
0.95032799
0.95653868
0.93456221
0.96176773
0.95725733
0.95598167
0.94299960
0.93688309
0.93433088
0.95092660
0.95120394
0.95452392
0.95995605
0.94920975
0.96162832
0.97397476
0.96639353
0.96847504
0.97508514
0.97678185
0.96305311
0.97443366
0.97401619
0.97048640
0.97213411
0.95825177
0.95682925
0.95176619
0.95414317
0.95729709
0.95627183
0.95490748
0.93460417
0.95444810
0.95628965
0.94966680
0.95555037
0.96539849
0.96518564
0.95955104
0.95959193
0.96429193
0.96489465
0.96550649
0.96214318
0.96886969
0.96234655
0.96825087
0.96613723
0.96678907
0.96442801
0.94108397
0.96868777
0.96191818
0.97022593
0.96877617
0.97579122
0.96716654
0.94852972
0.96201533
0.96828687
0.97514069
0.97563666
0.97110784
0.96856993