0.06924482
0.44433367
0.53935140
0.70428842
0.71217996
0.72145391
0.78984153
0.63695228
0.58534002
0.67546648
0.72662628
0.75088716
0.74316525
0.76707351
0.73039103
0.73475671
0.76862496
0.63932925
0.66896349
0.78498006
0.72917688
0.75961280
0.75879097
0.71743935
0.78029776
0.69598943
0.77376127
0.75686312
0.73974764
0.73648125
0.75451452
0.75572771
0.69399506
0.72701967
0.64765024
0.75279355
0.75382364
0.80163568
0.77484995
0.67192441
0.79431885
0.78272367
0.80241656
0.82751662
0.79231715
0.78984779
0.77248108
0.80135834
0.80396318
0.71041155
0.64540029
0.73084909
0.76176804
0.74921966
0.75601804
0.74534506
0.78667128
0.75636423
0.79134059
0.75108963
0.65754861
0.74511737
0.69325668
0.73382246
0.80749106
0.75076532
0.71826762
0.79927528
0.79794967
0.77879930
0.69764757
0.80481321
0.73470289
0.66674441
0.56979829
0.64697915
0.46885005
0.64979631
0.68538916
0.55005693
0.61802942
0.66857886
0.65622878
0.69983155
0.75371176
0.76669234
0.69453001
0.68113250
0.77033836
0.76589334
0.71420616
0.68339020
0.67565322
0.66726381
0.75379515
0.66371590
0.77055573
0.69253099
0.67780244
0.62028801
0.76580679