0.09369902
0.92947465
0.92948395
0.93756300
0.93537086
0.94700426
0.93765235
0.93324012
0.93446791
0.93594307
0.92184335
0.92326540
0.92250681
0.94335562
0.93515939
0.94418448
0.94457102
0.94060189
0.93295395
0.94211870
0.93589121
0.93113756
0.93401682
0.94122142
0.94334203
0.94359213
0.93674314
0.94484091
0.93974572
0.94409835
0.94226611
0.93289548
0.92696625
0.93646586
0.93629968
0.92620188
0.93612581
0.93936557
0.92179513
0.93798447
0.94332665
0.94185144
0.93208230
0.93735367
0.93856966
0.94037789
0.93500143
0.93592882
0.94364583
0.93666291
0.94758528
0.93335104
0.94437933
0.94357705
0.93355852
0.93775314
0.94362015
0.94516176
0.94225657
0.92919207
0.93551612
0.94488299
0.93906844
0.94130361
0.93610853
0.93735486
0.93349546
0.94669020
0.93537283
0.93135744
0.94095397
0.94003427
0.94318819
0.93732995
0.93005925
0.94944781
0.93846077
0.94229907
0.93187594
0.92202407
0.93236518
0.93912160
0.93690419
0.93675148
0.92102641
0.92491263
0.93298697
0.94384801
0.91374075
0.93223840
0.93544793
0.93158257
0.93357122
0.93589425
0.92954278
0.94645047
0.93867296
0.92703956
0.95645118
0.91762346
0.92895669