0.05855872
0.00872226
0.09283107
0.09305312
0.11055615
0.09280165
0.09333713
0.04869419
0.08622383
0.06883433
0.15424669
0.14463444
0.14781941
0.07781368
0.14146009
0.08944454
0.12493964
0.11303752
0.13075876
0.10259441
0.13508639
0.13836226
0.07177136
0.04607109
0.07900088
0.15372160
0.08356753
0.15211123
0.09731463
0.13440126
0.09573634
0.06019008
0.16406953
0.09548074
0.02933099
0.11738722
0.05588958
0.09430891
0.15200664
0.04151540
0.17253949
0.11551884
0.16789366
0.05076384
0.11419793
0.11148626
0.13687019
0.12094995
0.14541242
0.15645590
0.12749320
0.09026895
0.14890242
0.13897969
0.03761790
0.12663907
0.16481371
0.12175634
0.15697601
0.16342103
0.08039399
0.13683675
0.07309582
0.03060110
0.10436352
0.11310285
0.11772027
0.08397184
0.12383414
0.08905897
0.08253039
0.06245437
0.04312615
0.15681551
0.08250704
0.12676044
0.14200106
0.12229934
0.10286473
0.06465166
0.16085729
0.15665206
0.10070892
0.04925367
0.11339304
0.21981005
0.21102457
0.12809801
0.15671848
0.13752276
0.18884516
0.14223084
0.09563725
0.24785748
0.08966859
0.14864199
0.14012058
0.08137754
0.08405174
0.12335137
0.08910104