0.08318138
0.09348790
0.08574881
0.06747910
0.08202741
0.11462417
0.12146943
0.11459084
0.05854869
0.15372044
0.16481455
0.09044008
0.09177233
0.07335853
0.07399289
0.11668310
0.05217490
0.10318784
0.18882404
0.03995472
0.04715470
0.07850043
0.02096070
0.09464084
0.07647933
0.02585940
0.05615560
0.06061048
0.07262590
0.06021857
0.08725213
0.11119205
0.07581349
0.16093977
0.14465883
0.09524127
0.14340977
0.07231998
0.11620881
0.08997931
0.10028386
0.10050841
0.13442110
0.06006346
0.18820485
0.03254799
0.14027846
0.12216020
0.05692138
0.05712078
0.12482429
0.10922102
0.07344679
0.06144320
0.08009353
0.09122528
0.09432494
0.09306404
0.16181836
0.00677753
0.04414553
0.07579716
0.05173919
0.12207212
0.11966695
0.08022057
0.10599415
0.10244161
0.10639221
0.10563378
0.08867913
0.11039142
0.17915769
0.07141749
0.15748411
0.10227402
0.09825544
0.09752336
0.03690359
0.04249554
0.10007068
0.13099998
0.04574217
0.10713366
0.07151634
0.20719992
0.09554837
0.14172445
0.08808854
0.16362377
0.05842447
0.08382950
0.07418676
0.12692617
0.12194262
0.14015751
0.07986866
0.15067795
0.05700415
0.12251315
0.07580663