0.13953310
0.06546972
0.11597818
0.10518809
0.07065275
0.04677454
0.10263989
0.03685575
0.09679139
0.12760030
0.04210220
0.05911088
0.09544060
0.03999703
0.09555154
0.06633352
0.03691479
0.07408497
0.04050432
0.11013946
0.09642131
0.12673642
0.09260484
0.13045053
0.16657795
0.06984597
0.11722720
0.10524555
0.04156308
0.04344025
0.03614735
0.06995291
0.14534976
0.07064103
0.09820513
0.05163431
0.16328415
0.17023584
0.09478204
0.12188847
0.14139232
0.09967317
0.06251809
0.08082335
0.08647832
0.10223898
0.07753129
0.12071531
0.08887198
0.08987641
0.04524314
0.14057557
0.08972012
0.08097714
0.06308269
0.13006765
0.18545179
0.08678262
0.03365515
0.05839535
0.12706521
0.18415147
0.18844818
0.06269645
0.11762172
0.08252858
0.04938501
0.12466130
0.08610105
0.10622261
0.07872664
0.12178424
0.14767055
0.12780142
0.05048891
0.06227424
0.20660524
0.05440249
0.05554964
0.02921106
0.06384919
0.11575955
0.07839921
0.12870759
0.07682352
0.12085643
0.01098541
0.09384403
0.03489549
0.07862415
0.11316909
0.08448965
0.05804249
0.07288486
0.14295311
0.08286228
0.16691774
0.12080030
0.03076744
0.09680500
0.04514515