0.08263307
0.08293185
0.07197978
0.07116076
0.04061741
0.10709901
0.03892643
0.13952591
0.06174639
0.08917297
0.13479207
0.05508338
0.18980093
0.17729962
0.08869964
0.13397580
0.07832606
0.22709058
0.12532543
0.13840623
0.04113284
0.10163761
0.07224776
0.05892413
0.07521406
0.05739430
0.07472928
0.05479915
0.02602163
0.12715359
0.16411598
0.07432403
0.08798838
0.05154575
0.08664267
0.08765875
0.06838783
0.17740242
0.14136234
0.10488825
0.12240817
0.10675462
0.14211662
0.05161949
0.10911019
0.03904102
0.08462682
0.11961859
0.14282940
0.10286620
0.05748701
0.04674935
0.05879031
0.07830867
0.13660435
0.08631574
0.17538185
0.12648225
0.15656497
0.10028199
0.10993741
0.07716507
0.10690057
0.06305806
0.15071006
0.02311929
0.13601933
0.10662667
0.07915697
0.06709331
0.12013681
0.01556277
0.05023878
0.03761551
0.08720605
0.08116579
0.10799030
0.17814697
0.05490366
0.05870831
0.03286708
0.04795844
0.06964479
0.09791759
0.13469470
0.13860585
0.02761580
0.04763796
0.07103796
0.05546336
0.09061436
0.05060774
0.12979001
0.10605410
0.08791279
0.06397902
0.17295687
0.08937383
0.08078396
0.05860426
0.12402571