0.09290066
0.20246485
0.11347090
0.19755758
0.08809959
0.08021034
0.15626249
0.04945835
0.12924977
0.14995897
0.08871612
0.12538934
0.05605608
0.06463915
0.05308313
0.08013184
0.13392563
0.08654395
0.17708690
0.08015443
0.09616375
0.08565411
0.11525089
0.13538451
0.11848371
0.11920074
0.05442332
0.13199654
0.02170627
0.11476325
0.09922912
0.11499338
0.12048289
0.06671359
0.14726777
0.03586308
0.08193101
0.08548338
0.11868420
0.14633755
0.04501155
0.09925136
0.10221999
0.15247518
0.15514427
0.13218231
0.06978646
0.19199501
0.08042219
0.12843706
0.16977766
0.08366673
0.01923981
0.07082871
0.05525593
0.11158899
0.14624436
0.02585720
0.02583004
0.12621973
0.07927012
0.10576044
0.07314497
0.09313656
0.07567193
0.08210956
0.10021129
0.03414498
0.12031402
0.17039526
0.10257845
0.12272368
0.12758574
0.21176460
0.08385655
0.09022430
0.15798980
0.09678773
0.05629183
0.06004558
0.15719534
0.10052680
0.08291778
0.14151694
0.06212068
0.07184710
0.07112342
0.11531506
0.11475756
0.04072902
0.05864511
0.11493628
0.08817589
0.13493904
0.17866707
0.05387610
0.05180220
0.03942875
0.14829671
0.23131855
0.10919454