0.07251303
0.81520349
0.79674703
0.84043801
0.77527452
0.76635981
0.85607034
0.87867361
0.80784917
0.77091289
0.83782828
0.86900932
0.84933162
0.79549652
0.81391925
0.85351062
0.81495494
0.81331563
0.82740903
0.83311933
0.83971834
0.69212371
0.84949738
0.80629808
0.86777532
0.87047225
0.83126676
0.79569036
0.83555436
0.85523635
0.88866067
0.85575223
0.88340104
0.82628769
0.85802162
0.83762819
0.79789352
0.84361285
0.82256818
0.75735688
0.73600256
0.67548263
0.80842882
0.83491689
0.79836065
0.80928034
0.68700111
0.71987647
0.83438265
0.83279479
0.79716063
0.69510299
0.56118268
0.81143898
0.82682490
0.76970756
0.85510325
0.81935811
0.86329865
0.80653644
0.74199814
0.77065504
0.55757815
0.73080897
0.69812948
0.63986599
0.87482125
0.78492850
0.73010790
0.37687024
0.66702467
0.71998817
0.62083691
0.40516713
0.79493660
0.72213095
0.57087642
0.74147189
0.69297063
0.62671638
0.73007089
0.84758860
0.79279578
0.75935227
0.62222630
0.82884049
0.75831014
0.53964335
0.82462752
0.57408375
0.77943099
0.61761087
0.61361748
0.44190022
0.72227126
0.85658354
0.85170847
0.74866396
0.80510467
0.81161714
0.64823127