0.04433002
0.91991675
0.94618177
0.94230348
0.93404096
0.93606788
0.93710953
0.94142067
0.92798448
0.93759656
0.94499105
0.93778002
0.94926155
0.94398654
0.94972038
0.93147314
0.93088841
0.94302607
0.93395364
0.93967193
0.94877136
0.94574988
0.93405938
0.93110776
0.92167443
0.91159785
0.89946347
0.91396141
0.93323946
0.94032317
0.92954659
0.92989886
0.93153703
0.92906493
0.95080411
0.93235636
0.95723814
0.94557166
0.92482787
0.92320633
0.92908728
0.90602028
0.92338228
0.92975235
0.94008315
0.92862815
0.94300056
0.93531036
0.92886335
0.95401824
0.95860541
0.95786023
0.96120459
0.95212138
0.95646566
0.95619613
0.96535492
0.94901192
0.96101451
0.95554352
0.96282160
0.96421355
0.95671654
0.95629501
0.96429527
0.96039373
0.95426732
0.95428932
0.93524635
0.96515000
0.96440405
0.94978380
0.95889878
0.94092059
0.96694654
0.95805383
0.95209974
0.95834959
0.95677984
0.95503014
0.96077448
0.94609851
0.93865860
0.95103216
0.95403892
0.94880885
0.95015121
0.94334853
0.95282584
0.95394629
0.94008464
0.95313680
0.96322662
0.95637757
0.95987588
0.94772822
0.94412553
0.95327866
0.94109190
0.93399185
0.92246574