0.10072691
0.92777550
0.91302401
0.92390907
0.91348863
0.90512574
0.92312950
0.90224952
0.91964918
0.89800698
0.92500746
0.91552263
0.91873658
0.91671354
0.90514994
0.92666280
0.91588354
0.91578138
0.91712600
0.91301697
0.91998518
0.90631980
0.92860270
0.92386663
0.90561324
0.92428416
0.92370981
0.90337998
0.91283935
0.92897832
0.93189436
0.91931033
0.92345870
0.90512848
0.92605621
0.92597586
0.92842185
0.90728217
0.91206849
0.90760988
0.91030031
0.91691619
0.91873533
0.93090624
0.90733278
0.91310197
0.91792494
0.92687654
0.91832787
0.91871077
0.91000283
0.90723264
0.89854783
0.92465287
0.87090337
0.92347658
0.91340065
0.91572553
0.91424322
0.90137583
0.92897803
0.91485971
0.89107817
0.91726404
0.93280870
0.93227923
0.91658735
0.89569181
0.90248024
0.91510063
0.91415298
0.91360039
0.91013831
0.89684182
0.92006183
0.90077019
0.91176385
0.91502935
0.89085031
0.90991533
0.90516454
0.91708642
0.90976644
0.91956329
0.90905166
0.92059880
0.92418462
0.91479105
0.91493559
0.91208452
0.91501778
0.93038565
0.91926789
0.90538126
0.91423780
0.91403252
0.93163145
0.91411215
0.93026686
0.89280564
0.91108733