0.09471528
0.94650763
0.95576358
0.94592613
0.96133971
0.95166552
0.95053393
0.93872124
0.94432640
0.95550728
0.94727004
0.94775450
0.94823164
0.95221335
0.94481653
0.93793046
0.95506907
0.95915395
0.96731985
0.96413332
0.97601646
0.96375573
0.96602517
0.95868194
0.95177996
0.96263796
0.95809644
0.95563287
0.95701975
0.95759940
0.96002030
0.93943858
0.95550627
0.96468031
0.96221113
0.95868075
0.96640760
0.95321441
0.95402938
0.95071429
0.95034349
0.96214098
0.96006876
0.95150113
0.94742936
0.95059824
0.95703012
0.93694758
0.95501727
0.95855731
0.95661819
0.96391463
0.96639234
0.96178019
0.96327090
0.95875436
0.96712267
0.96266711
0.95409620
0.95315379
0.95817345
0.95965147
0.97545326
0.96680099
0.96056777
0.97288626
0.94856638
0.96913457
0.97288400
0.96599245
0.95815170
0.95313907
0.95141745
0.95796037
0.95925993
0.94890028
0.94740278
0.96062541
0.95473462
0.96015298
0.96198535
0.97480655
0.96185660
0.96528971
0.96408874
0.94851959
0.97019005
0.95161635
0.95563561
0.95967972
0.93961316
0.94924843
0.93969846
0.94418818
0.95244199
0.95013106
0.93584669
0.94888270
0.96046358
0.95974547
0.96732599