0.09254986
0.03440133
0.09690509
0.11060721
0.14079037
0.11922523
0.01772354
0.08654258
0.02694810
0.15033022
0.13557741
0.05350653
0.03709478
0.20911512
0.07241770
0.15049216
0.11185506
0.11550591
0.03742240
0.05586956
0.14873463
0.07921717
0.08785257
0.14333473
0.09083986
0.09483580
0.22884177
0.02805964
0.07427337
0.17680055
0.07229166
0.07817826
0.09347577
0.03631194
0.10569508
0.09929988
0.07420650
0.10692189
0.16304807
0.05231053
0.06319477
0.11202164
0.10440421
0.04848058
0.12956592
0.12624329
0.12744839
0.13554031
0.02995435
0.11611356
0.07652196
0.06748413
0.16336699
0.11328148
0.13310093
0.09322380
0.11758668
0.09784655
0.08814350
0.06181562
0.05225706
0.16599955
0.11746231
0.04047615
0.08249860
0.08427678
0.15617017
0.08753540
0.08624547
0.12475158
0.04604279
0.09130219
0.13408321
0.09825066
0.08402161
0.06768331
0.11478468
0.10205922
0.12502460
0.17453478
0.20355305
0.15143403
0.07454140
0.09624358
0.08103985
0.10834698
0.13515185
0.03024769
0.08574212
0.07749451
0.15003696
0.16240571
0.09472544
0.14931332
0.08573868
0.10181206
0.14454868
0.10323554
0.11267260
0.03293460
0.06352209