0.14536166
0.96322477
0.95184648
0.94519198
0.93847156
0.95668334
0.93170494
0.93791288
0.91677904
0.92994958
0.94332814
0.94597155
0.91589373
0.92730582
0.92704904
0.90732849
0.93496495
0.93547350
0.94245684
0.93502319
0.93084037
0.92823976
0.93791163
0.93852127
0.94073790
0.93662143
0.93471932
0.93765032
0.92917436
0.94288927
0.93386984
0.93804097
0.94719923
0.94852042
0.91941428
0.92257631
0.95128572
0.94067216
0.95474905
0.95542663
0.96651518
0.96246207
0.95412529
0.93142426
0.95109725
0.96885705
0.95170099
0.96184248
0.95066994
0.96020353
0.95949286
0.96548837
0.95832461
0.94666982
0.95454872
0.96222967
0.95689255
0.96049416
0.95705152
0.95207000
0.95547563
0.93681926
0.96626526
0.93442130
0.95489663
0.95350760
0.96178716
0.96204925
0.94507086
0.95996100
0.95316458
0.95068991
0.94512725
0.95476991
0.95582962
0.94854188
0.96297216
0.94470674
0.96056956
0.94153208
0.95053172
0.94016802
0.94008464
0.95479339
0.94325638
0.94670397
0.93802381
0.94918370
0.94141638
0.95344359
0.94502693
0.95412886
0.93238062
0.94787300
0.94829077
0.92877638
0.94479680
0.95442510
0.94708657
0.93295336
0.94728732