0.06721490
0.11589935
0.11828695
0.01029721
0.09284565
0.10490144
0.04706174
0.10562079
0.06718119
0.13810709
0.08497997
0.17931482
0.13191144
0.07433607
0.11541819
0.07785621
0.11700164
0.03661447
0.14885877
0.13668764
0.18418664
0.17643221
0.12853205
0.13116883
0.09534953
0.11082647
0.10591719
0.08939669
0.06552067
0.09894187
0.08693897
0.07100253
0.14598876
0.04984934
0.13678637
0.10878771
0.10567049
0.09234847
0.14215626
0.04158586
0.02937178
0.07596304
0.06129139
0.06357737
0.03890554
0.08548918
0.13309266
0.05083129
0.03092309
0.07460145
0.13343847
0.17381567
0.13678293
0.01869962
0.05184366
0.02764527
0.15773369
0.11713968
0.08353826
0.08023743
0.08713597
0.13092807
0.08895887
0.11883996
0.05163445
0.07030544
0.05579102
0.08311404
0.08077768
0.22772823
0.05956690
0.09116349
0.07663143
0.05018227
0.05626364
0.07819989
0.13082792
0.03109860
0.13954309
0.06729527
0.08788092
0.08708156
0.10102409
0.10986611
0.22606146
0.06996199
0.07769630
0.08941769
0.13228364
0.05073995
0.10347343
0.09405699
0.09216248
0.05069818
0.05444488
0.11073722
0.02838620
0.08918474
0.11068773
0.11227001
0.10541865