0.06360167
0.94133168
0.95186728
0.96280622
0.95676911
0.95466006
0.95496553
0.94435251
0.92912221
0.95140815
0.94309998
0.94279701
0.93184471
0.93834054
0.93905312
0.94675344
0.94137222
0.94843572
0.92188019
0.93453872
0.93482190
0.93855798
0.93909889
0.94567102
0.94006920
0.93268019
0.94229066
0.93741667
0.94455314
0.93576258
0.92929316
0.93773079
0.92546099
0.95142424
0.94105148
0.93750679
0.95307851
0.94584650
0.93888181
0.94265020
0.94601434
0.93662244
0.94061166
0.93399858
0.94054025
0.94196671
0.94503975
0.94562972
0.94484156
0.94150352
0.94035041
0.95905328
0.94471854
0.94476146
0.94093758
0.94172072
0.94713426
0.94691461
0.94338971
0.92455435
0.92650568
0.93017417
0.93635058
0.94016832
0.94633484
0.92178041
0.93641996
0.94669288
0.93971670
0.94973010
0.95778060
0.93979323
0.93383843
0.93638992
0.93595368
0.93350083
0.93092489
0.92663443
0.93177110
0.93538976
0.93693823
0.93406969
0.92841393
0.91865426
0.93590820
0.94079041
0.95134348
0.92121768
0.94573677
0.92924064
0.92037368
0.92457712
0.93453336
0.91850287
0.92831308
0.94362068
0.94028056
0.94388449
0.94069564
0.92082238
0.93593657