0.07498821
0.90682817
0.92709672
0.91108859
0.90208238
0.92110175
0.91225046
0.91509265
0.92879945
0.91817290
0.93223214
0.91212392
0.91532493
0.92773926
0.92492884
0.91951406
0.89839274
0.91008568
0.90866190
0.91553468
0.91409528
0.90464461
0.89931756
0.93165296
0.92421418
0.91458803
0.90420222
0.91840506
0.91184157
0.93552244
0.90437204
0.92980039
0.92811209
0.92167258
0.92311281
0.92365247
0.91984773
0.92689651
0.91335320
0.91793299
0.92510164
0.92702615
0.92321801
0.94271958
0.93268239
0.92387944
0.92391884
0.91142517
0.90909684
0.90202284
0.92324185
0.91610086
0.90566629
0.91182196
0.88991606
0.91447616
0.92045105
0.91415536
0.93564939
0.92906684
0.92600054
0.91054589
0.92450386
0.93256921
0.92542642
0.91096342
0.92676240
0.92896348
0.92632234
0.92845124
0.93156505
0.92032874
0.91629809
0.92195058
0.92738593
0.92492175
0.91723257
0.92701739
0.92155820
0.90938079
0.90075350
0.90027326
0.91293746
0.88802278
0.91820610
0.92793685
0.93755066
0.92233258
0.90866989
0.91723162
0.91700453
0.91105759
0.92925912
0.90564889
0.93671113
0.93027967
0.92522085
0.91091400
0.94014198
0.93388772
0.92414141