0.11078583
0.50154412
0.73258311
0.81348830
0.78479797
0.78561121
0.77418131
0.80256373
0.67940736
0.79281116
0.81498194
0.81788582
0.70947510
0.71798891
0.81957847
0.75441533
0.75795639
0.79514527
0.78712922
0.74271792
0.74486428
0.72021049
0.66680235
0.66883284
0.77443480
0.85032308
0.83191091
0.85403681
0.78471512
0.80590302
0.79961985
0.60725820
0.79999089
0.78883499
0.85535330
0.85135788
0.83386230
0.83253932
0.78670168
0.76449203
0.82179099
0.78006601
0.77726507
0.74961400
0.74109149
0.79035151
0.72370428
0.74334329
0.57360220
0.56217432
0.75124478
0.73329031
0.78557932
0.79154134
0.78176081
0.79688722
0.81470740
0.81633794
0.79239976
0.84859824
0.74797684
0.80399656
0.77978343
0.81719214
0.78589380
0.81371307
0.80560762
0.79406935
0.82924533
0.85920614
0.81509805
0.81585622
0.86352259
0.82694250
0.80332839
0.77938491
0.79942971
0.76813281
0.71667260
0.69854742
0.64358282
0.71827734
0.74816042
0.67904741
0.74049026
0.75795394
0.76393461
0.66969508
0.79511380
0.74152535
0.87047434
0.72336274
0.79134881
0.81278819
0.78428108
0.81225312
0.81863803
0.77137804
0.80645561
0.77501822
0.83155662