0.03732009
0.93741232
0.91997087
0.92282450
0.95112365
0.94145185
0.93503141
0.94096434
0.95022684
0.94829631
0.95642090
0.93224013
0.94266176
0.92390478
0.92059046
0.91095853
0.93977547
0.91506857
0.91004175
0.94228178
0.93900001
0.94596887
0.94628477
0.93702453
0.93940300
0.93773168
0.94891143
0.92032987
0.94921803
0.92788678
0.92455482
0.95464408
0.94411820
0.94214469
0.92173791
0.94370103
0.93976593
0.93295503
0.92671335
0.93428290
0.91142255
0.90454429
0.88778830
0.92686737
0.91619623
0.92262536
0.93283683
0.90948045
0.90504545
0.91451395
0.93539345
0.92128634
0.94110680
0.91336936
0.93663430
0.93347406
0.93390059
0.94176322
0.91748917
0.92677492
0.92352766
0.91326469
0.93093783
0.92502594
0.90133804
0.88399798
0.91880220
0.90660721
0.92415243
0.92614883
0.90267563
0.89281791
0.91165382
0.92876512
0.92182875
0.90757483
0.91245985
0.93370402
0.94411284
0.95030260
0.93947709
0.94867033
0.94591057
0.94451529
0.93564332
0.93430328
0.93227559
0.94364357
0.94548446
0.94750351
0.95242137
0.92769623
0.92508924
0.92026788
0.91868216
0.90793437
0.91751933
0.89711708
0.94141090
0.91819143
0.90761644