0.15928271
0.20944895
0.45903692
0.38345960
0.27727956
0.38113391
0.36803910
0.29015899
0.17330031
0.36612010
0.23381431
0.54009336
0.44530150
0.34921154
0.48688039
0.47333065
0.38564807
0.44857657
0.27983427
0.37092906
0.47836745
0.46894065
0.30475453
0.48561072
0.42408907
0.25917700
0.30139586
0.12786689
0.09495945
0.27721858
0.33500129
0.38171673
0.48418766
0.26926780
0.43405196
0.39684141
0.35376346
0.45978728
0.52779239
0.65407705
0.42730168
0.56150198
0.59900171
0.54349989
0.31776154
0.30783233
0.26163289
0.15108947
0.10725961
0.31249812
0.35845017
0.43304333
0.38711703
0.37039250
0.48340032
0.24747220
0.19380261
0.30652839
0.39109269
0.48564392
0.40160176
0.19343425
0.11835551
0.23305333
0.36861756
0.28905648
0.40890312
0.45813236
0.38190877
0.53679568
0.45569021
0.51365227
0.52575654
0.51006263
0.31034231
0.20100982
0.30031797
0.41603512
0.47495797
0.44358632
0.47002542
0.48587266
0.29776263
0.45208833
0.42885619
0.52797335
0.23278759
0.14557131
0.33693928
0.36226016
0.46792576
0.56643295
0.45284122
0.20673147
0.24286821
0.46881858
0.34405747
0.27758697
0.16218431
0.20554163
0.34784096