0.15609142
0.79492021
0.83450270
0.83011413
0.83017355
0.79430652
0.86291593
0.79760599
0.87724817
0.81631696
0.69254351
0.82522780
0.86378372
0.84254718
0.84013069
0.79861522
0.80182588
0.81675494
0.85660285
0.80445367
0.80799806
0.85597384
0.80725825
0.87432832
0.82459140
0.82362700
0.79346031
0.71419066
0.71904868
0.83665061
0.75763136
0.71846038
0.71387583
0.59311074
0.86745828
0.79245651
0.85326874
0.77861077
0.74727637
0.79623330
0.84028548
0.82694322
0.67062277
0.68519121
0.57549214
0.77688217
0.86130697
0.88248193
0.78899837
0.78978229
0.82217669
0.84106475
0.69056273
0.73282355
0.82517290
0.81767583
0.67860055
0.79998076
0.83390641
0.68061912
0.72968709
0.73314238
0.80426157
0.87963557
0.85586691
0.78100884
0.82680219
0.75559318
0.72016805
0.81882417
0.82006365
0.78037179
0.77600706
0.78954995
0.82937348
0.84429473
0.78003716
0.77296579
0.76848990
0.74761009
0.80732214
0.83525926
0.77858824
0.61276382
0.79829985
0.85404760
0.85940969
0.86336851
0.85985529
0.73613405
0.53081107
0.79884458
0.71220559
0.73783958
0.75058156
0.80155027
0.81594175
0.70280612
0.71004492
0.80064368
0.81123292