0.14959984
0.27915427
0.50883859
0.69171989
0.78759593
0.80165637
0.80107707
0.78377593
0.76876032
0.77527422
0.69412863
0.77764058
0.69827056
0.61887759
0.71474844
0.82477051
0.73343217
0.74611121
0.82551843
0.77884567
0.71227026
0.52090573
0.59282893
0.70270920
0.64854997
0.67109317
0.69813311
0.65054697
0.71567231
0.77283609
0.77383500
0.70373452
0.81922340
0.79677522
0.68521744
0.60011560
0.55469757
0.51358110
0.71441621
0.76469153
0.71335852
0.73814750
0.66558039
0.77664346
0.74293715
0.74698067
0.77059305
0.74389184
0.77157915
0.72814423
0.66482294
0.74540848
0.77376479
0.74385893
0.73901528
0.68799990
0.69477922
0.74097902
0.79528040
0.69097006
0.71140504
0.60935235
0.58645582
0.79288369
0.80581903
0.75307655
0.76420474
0.76970178
0.74367785
0.78160322
0.75100142
0.79643381
0.72216982
0.76042277
0.77471030
0.77382499
0.76248533
0.76274180
0.72104627
0.75508094
0.75585848
0.67650795
0.72085154
0.83865023
0.79330289
0.75287360
0.73311830
0.79661077
0.59067786
0.63953280
0.86149114
0.83185732
0.68570662
0.71404147
0.72414964
0.77098620
0.65699309
0.78559256
0.79585123
0.82625443
0.82146102