0.17097370
0.07704788
0.13144515
0.06771325
0.12334542
0.02803289
0.15969580
0.07242803
0.16025032
0.09262052
0.11319182
0.20501818
0.10268624
0.06758428
0.03742836
0.10350422
0.10118450
0.03260347
0.06977288
0.06507125
0.16830792
0.13460863
0.11143473
0.08996333
0.15460749
0.02956558
0.04132657
0.13718639
0.06191488
0.04168501
0.10719644
0.07913547
0.19099952
0.09492579
0.08163145
0.09024580
0.12026071
0.09052587
0.11500832
0.09562206
0.01280279
0.02227266
0.09504206
0.05723903
0.14213662
0.06190243
0.10434927
0.06301794
0.09013701
0.08604612
0.07929698
0.15120839
0.10260038
0.07656800
0.15246604
0.06784749
0.12091583
0.05989698
0.07115638
0.07776320
0.05189589
0.13699906
0.04959101
0.08054223
0.04234969
0.07919268
0.19796385
0.04030350
0.12371217
0.16623880
0.06041581
0.08541196
0.12875102
0.08567418
0.08122096
0.08008445
0.06371223
0.04818900
0.20601584
0.09809609
0.05402629
0.06533495
0.09179279
0.05019951
0.04651031
0.08415113
0.11721067
0.12455740
0.06438651
0.12058847
0.09205894
0.09769815
0.16418925
0.05825073
0.04564791
0.08605396
0.13501039
0.11846816
0.10289840
0.10687855
0.04585453