0.07450834
0.26272497
0.10315301
0.05113850
0.09115276
0.18023327
0.08470529
0.06891195
0.08205355
0.11894226
0.08618638
0.12510014
0.08847421
0.14264879
0.15965027
0.11787134
0.09720518
0.13915448
0.12092998
0.05144181
0.06771486
0.04091923
0.05312449
0.12866947
0.08138753
0.06437366
0.07594714
0.13584180
0.18852310
0.14781103
0.20244226
0.05969520
0.15931351
0.08628951
0.08008447
0.10291491
0.07577200
0.05625036
0.09873417
0.03741135
0.12973692
0.02678479
0.05870160
0.07890323
0.12315673
0.15029603
0.07854597
0.06331588
0.05912852
0.16956362
0.10180753
0.12245419
0.07455018
0.14260904
0.15820335
0.04540489
0.10869558
0.04932581
0.14689352
0.14286321
0.11398479
0.10824423
0.05226786
0.07632301
0.07251620
0.11427722
0.10354047
0.08678211
0.11040474
0.08080745
0.11286375
0.08829201
0.12521459
0.19549337
0.10477684
0.11949205
0.12227866
0.12824525
0.10589402
0.10383793
0.11062517
0.07824415
0.05797680
0.08757018
0.12174578
0.09427337
0.05401491
0.09780755
0.08030193
0.15417002
0.09981987
0.12857936
0.01620705
0.02368691
0.02300198
0.14875156
0.11539879
0.12163186
0.09437390
0.05742916
0.13474953