0.13454574
0.05613377
0.06160695
0.09591352
0.07919450
0.13752347
0.05897215
0.08673844
0.13758336
0.04672475
0.01311003
0.07871370
0.14577097
0.17365040
0.16180901
0.11746021
0.13510048
0.11652960
0.09772913
0.06765982
0.07589731
0.12069041
0.07453551
0.06079132
0.10025320
0.04554620
0.08141147
0.04616280
0.07439674
0.14261545
0.16939382
0.10738979
0.09415673
0.10850198
0.07747763
0.10156502
0.11867347
0.07332734
0.08254109
0.13079573
0.21210617
0.05176448
0.06953096
0.05635268
0.09551136
0.11148080
0.06983782
0.11997247
0.13615708
0.11661363
0.13051300
0.17225640
0.17930594
0.07194687
0.08189674
0.08127314
0.12324917
0.02104802
0.09685178
0.08220980
0.07146862
0.05816650
0.12114398
0.07064566
0.03425234
0.04032991
0.09065546
0.11930548
0.06615629
0.19075382
0.14701338
0.08911333
0.14369905
0.15700109
0.09158451
0.11468387
0.08619124
0.02810418
0.11537079
0.12091985
0.07289901
0.06827538
0.07819468
0.12028900
0.09864388
0.09881418
0.12436375
0.14516553
0.02353823
0.14373781
0.09558655
0.03496039
0.07465946
0.19613943
0.07002440
0.12110096
0.03880926
0.03823387
0.16000012
0.20334373
0.08991302