0.05446990
0.17919254
0.15337950
0.39480633
0.10316387
0.12348709
0.11701464
0.25562376
0.12185581
0.20522395
0.12752210
0.15713269
0.17221124
0.30334577
0.24203166
0.18278359
0.18685077
0.13249065
0.08740794
0.23781055
0.29969361
0.35943082
0.13868122
0.29925820
0.22857013
0.09899416
0.26937100
0.23168862
0.21684107
0.23748280
0.16686682
0.25398368
0.14080533
0.04143065
0.23782410
0.29297638
0.31916338
0.18901095
0.30204633
0.25776494
0.09063890
0.14826074
0.13907877
0.11571824
0.14763169
0.13152643
0.13154566
0.19844234
0.17061725
0.29050213
0.15899403
0.20286950
0.12092383
0.20689411
0.15095881
0.25437251
0.12076525
0.19722782
0.27988246
0.24096985
0.19238010
0.14321448
0.18491548
0.33621433
0.20593117
0.23328787
0.11613392
0.12194667
0.30001915
0.12957092
0.07380109
0.21974504
0.27687657
0.18918404
0.12666152
0.10795572
0.14583606
0.15709132
0.12545393
0.15096638
0.13137299
0.31406024
0.32412705
0.11515251
0.22010881
0.15665171
0.21759491
0.36069429
0.22456475
0.25326058
0.11504561
0.15961662
0.23569591
0.18525676
0.08747520
0.19199377
0.35148540
0.18968578
0.20044927
0.19718042
0.23268658