0.05043321
0.05225463
0.10915843
0.07302247
0.04722391
0.07149137
0.11153460
0.07817113
0.11164547
0.10130068
0.14103016
0.04803333
0.10288081
0.04472329
0.12304967
0.10068262
0.08298375
0.10087892
0.13127035
0.16171160
0.14857931
0.13102289
0.15545200
0.19615087
0.11745565
0.14742619
0.10589845
0.11388133
0.11312720
0.05656101
0.15770406
0.05782804
0.10609699
0.08166870
0.06195261
0.06552608
0.06202953
0.07932493
0.01297017
0.08332024
0.09501013
0.09330411
0.08953886
0.05821981
0.13085458
0.10313208
0.11574240
0.07161783
0.04481860
0.16369766
0.03667782
0.12143227
0.11580077
0.11895141
0.11457110
0.04583330
0.05782931
0.05360810
0.08536156
0.03829866
0.03073083
0.09794392
0.06022256
0.05781797
0.07474121
0.07756735
0.13327239
0.10210603
0.11627639
0.20969717
0.07768179
0.01996203
0.11971978
0.10465472
0.05064694
0.11352734
0.06184993
0.07028983
0.04057147
0.14903760
0.07374686
0.13429664
0.16613646
0.08026144
0.09431875
0.11246330
0.07115084
0.07955427
0.11463839
0.11463089
0.09390800
0.13021842
0.08458467
0.08074103
0.05380122
0.05157651
0.14375788
0.06584728
0.04241724
0.19178720
0.09597213