0.11438119
0.22012655
0.17934032
0.22104710
0.20761333
0.20626850
0.17776230
0.37051287
0.24601425
0.30182528
0.48084536
0.26412287
0.18469428
0.13421853
0.34113696
0.09853343
0.27998602
0.26553729
0.19661479
0.25447032
0.16383363
0.11336415
0.20765950
0.38839158
0.44643199
0.33722860
0.26618648
0.21669674
0.29987183
0.17616186
0.41669932
0.46930969
0.24643409
0.10118595
0.19062349
0.22478776
0.14424373
0.37054062
0.28127661
0.26328874
0.27986911
0.16865811
0.38359883
0.19746433
0.32429242
0.18897459
0.41801181
0.29587868
0.21937990
0.42784917
0.30179131
0.25435135
0.35404345
0.18652427
0.37431213
0.43481755
0.32581097
0.06035979
0.19665539
0.25620040
0.29525885
0.06770214
0.12645839
0.33556628
0.49479336
0.45196438
0.50930190
0.50999087
0.43423122
0.16969314
0.23405331
0.08394609
0.19844404
0.34508264
0.30907068
0.43737778
0.44606334
0.11261582
0.10628667
0.13132924
0.29491386
0.37662968
0.48037392
0.33331913
0.25175846
0.26246586
0.27216858
0.14414352
0.37103748
0.42626691
0.35155913
0.36612540
0.28753644
0.13001445
0.02435240
0.10257202
0.19335574
0.28228259
0.19693640
0.18021511
0.31405950