0.14954217
0.07995103
0.12434905
0.17632207
0.08841456
0.07114002
0.20389068
0.05629506
0.14243156
0.08564622
0.07311485
0.06538691
0.09326956
0.10835256
0.06594970
0.08736978
0.14562224
0.11145794
0.08285832
0.04162710
0.09893362
0.05843505
0.03065716
0.12722898
0.09974286
0.08545582
0.10124201
0.12024198
0.05479861
0.05974483
0.07897744
0.05099780
0.11209634
0.07936582
0.05440734
0.12671000
0.16581565
0.10238348
0.06348205
0.08197853
0.12241457
0.05010507
0.09701044
0.04855830
0.15819587
0.03523778
0.07546269
0.11483973
0.14231834
0.09889282
0.17809255
0.02519416
0.04764298
0.07812510
0.06331632
0.10455936
0.06885328
0.08850121
0.06016161
0.10417553
0.09884200
0.19989628
0.06137216
0.08168682
0.08558930
0.11367375
0.13409334
0.04579595
0.08495665
0.03877197
0.15250526
0.07714550
0.09853325
0.05202632
0.08865505
0.04485407
0.13348380
0.11962510
0.14466952
0.03955814
0.12494466
0.12008288
0.00607682
0.14672266
0.10639331
0.12571794
0.13040617
0.07288104
0.07041200
0.07205316
0.14695312
0.14471245
0.20708908
0.07392260
0.08511862
0.11406443
0.10741567
0.11860936
0.07943253
0.06043647
0.11179906