0.08236460
0.05564606
0.03094785
0.05831575
0.13500911
0.05138617
0.07919464
0.09246965
0.08762893
0.11867296
0.12645493
0.04633541
0.17260128
0.14851081
0.13646090
0.20050037
0.06546710
0.05747926
0.07870568
0.03627456
0.06302622
0.07068632
0.03008405
0.08980857
0.10591170
0.09031542
0.13270561
0.01501687
0.10046438
0.05156640
0.08399297
0.04253764
0.12899062
0.17241408
0.14291573
0.11362318
0.13076663
0.02515539
0.13025589
0.23931327
0.14258289
0.07491462
0.07640518
0.16863552
0.10843886
0.12132683
0.06842429
0.11967243
0.10268686
0.05239066
0.08804853
0.09506352
0.10137907
0.03200744
0.05818539
0.06086811
0.15613824
0.09823647
0.11681502
0.10848975
0.07713348
0.05501272
0.08559867
0.06988385
0.13418411
0.05642312
0.08826444
0.16335317
0.13950223
0.14175516
0.13004425
0.09512192
0.07235340
0.04642043
0.11877589
0.09628998
0.08579497
0.10759130
0.07576177
0.17801267
0.10105040
0.16540900
0.12014084
0.08554982
0.11436690
0.10625372
0.08751531
0.13333927
0.09720599
0.08960232
0.09937894
0.17343208
0.11664895
0.09464137
0.03771710
0.06923716
0.16017544
0.06047253
0.09696507
0.09406944
0.16702971