0.03829549
0.78174019
0.84960151
0.83408618
0.86929059
0.87604475
0.84451127
0.86137182
0.87991720
0.85196722
0.78421217
0.85223281
0.84844404
0.80191964
0.80463278
0.84907651
0.82100004
0.82569259
0.84370035
0.84443939
0.77646768
0.87165558
0.87928414
0.83208728
0.82771951
0.84101027
0.77245057
0.69722056
0.77424031
0.84770668
0.86098051
0.74987602
0.69453132
0.84126580
0.83592713
0.81587845
0.84651303
0.87232560
0.85822314
0.82792735
0.79080987
0.80425054
0.73380071
0.84208608
0.81487161
0.78947496
0.70279658
0.84541720
0.77551985
0.80509979
0.81496161
0.77184433
0.66577458
0.83018541
0.79370040
0.81807590
0.81602883
0.86234534
0.81771779
0.86670983
0.80377311
0.80271959
0.81915224
0.79677796
0.78053635
0.82857931
0.84757125
0.73960060
0.57999164
0.56723601
0.70349526
0.86366534
0.77490747
0.73439181
0.52729529
0.73524874
0.85465205
0.83258909
0.81920540
0.48521286
0.77814084
0.79709321
0.72288340
0.81318957
0.78734201
0.66427124
0.73859388
0.78829348
0.87664253
0.79245377
0.80868125
0.83636457
0.77857935
0.73535848
0.73967981
0.66350591
0.68985635
0.68741232
0.74478889
0.82158202
0.81964928