0.13454574
0.84932792
0.88585389
0.89331192
0.90413785
0.87243003
0.87661713
0.88148981
0.88789690
0.88490605
0.86663598
0.88296539
0.90966278
0.91156822
0.89421511
0.90078616
0.87062699
0.87818903
0.87319899
0.87030351
0.87073761
0.91807175
0.91524017
0.90543562
0.90835565
0.90894234
0.90020865
0.90263230
0.90126854
0.87610525
0.90157378
0.90873808
0.88291335
0.89527994
0.89318299
0.90272158
0.89969766
0.86789870
0.86498010
0.87454802
0.86708128
0.88476270
0.87376177
0.87397820
0.90214097
0.89533859
0.90612704
0.87473625
0.87032080
0.87822556
0.88538718
0.90059805
0.86920476
0.89317840
0.90279931
0.90085465
0.87306523
0.86985892
0.90758985
0.89825010
0.89193887
0.91040474
0.90670097
0.90424520
0.89625841
0.87984306
0.90089601
0.91155958
0.90641403
0.91070181
0.90818876
0.92037016
0.93512434
0.89019179
0.93641800
0.90682471
0.89265257
0.90012008
0.84139830
0.87333304
0.87971896
0.90966254
0.89155900
0.91123742
0.91909850
0.91414297
0.90520787
0.88662368
0.89436293
0.85172218
0.89852411
0.90213603
0.91823584
0.89188647
0.91569787
0.90663916
0.91170090
0.90544534
0.90040326
0.90383291
0.90973192