0.11512381
0.94331956
0.94775873
0.93481958
0.93151617
0.94716835
0.94195658
0.92651254
0.93719381
0.93403983
0.94094324
0.92307699
0.92917168
0.94141936
0.93041277
0.93581384
0.92756516
0.92907560
0.93724006
0.94270712
0.93511778
0.93171316
0.94170916
0.93870091
0.94211423
0.94466674
0.93253303
0.93916875
0.93835378
0.94108510
0.91975129
0.93523598
0.93335104
0.93840075
0.92285466
0.91466379
0.94397545
0.95720267
0.95414102
0.94968438
0.94513339
0.94030756
0.93832719
0.93378019
0.93180269
0.93439835
0.94743568
0.93589175
0.92685908
0.93665701
0.94164968
0.89794278
0.93305999
0.94845361
0.94756883
0.94815028
0.93548018
0.94097430
0.94041806
0.92801511
0.93917966
0.95411569
0.94196367
0.94610810
0.93664795
0.95163268
0.93007314
0.93968147
0.92378700
0.92503959
0.93239683
0.89144659
0.91710061
0.92302322
0.91998923
0.92875868
0.94024831
0.90686309
0.92944068
0.94381833
0.93032098
0.92898965
0.92901731
0.91587126
0.92727679
0.92668784
0.93892294
0.92363280
0.94590163
0.93934613
0.94130087
0.95703566
0.91510963
0.94652635
0.93809056
0.92992139
0.91493851
0.93317688
0.93201631
0.93251944
0.92994672