0.14341784
0.95281404
0.96148974
0.95140207
0.96283835
0.95918250
0.96264178
0.95996821
0.96807379
0.95483798
0.92885613
0.94481176
0.94462430
0.94557428
0.95012736
0.95279956
0.96232116
0.96171892
0.95344603
0.95883197
0.95592833
0.94545710
0.95626718
0.95211744
0.94888061
0.95040220
0.94160742
0.94746834
0.94481349
0.95386332
0.94088548
0.94346404
0.94967383
0.95633996
0.94487333
0.94902766
0.94586670
0.93244326
0.93468839
0.93941724
0.93275458
0.94449443
0.94980180
0.95120460
0.95130366
0.94941759
0.95164925
0.95731652
0.95279402
0.95050180
0.95777684
0.95165336
0.95993537
0.95820922
0.96055049
0.94975907
0.94039083
0.94429612
0.93510085
0.93494344
0.92951256
0.93893260
0.93740916
0.93770415
0.94146812
0.94861984
0.95338929
0.95600718
0.95368737
0.95756608
0.94720656
0.95914888
0.94993019
0.96693856
0.96925241
0.95274353
0.95002383
0.94503301
0.95904505
0.94802064
0.96783316
0.96790826
0.96559215
0.95281821
0.95818841
0.94990486
0.95899642
0.92932487
0.94582701
0.96296775
0.94711667
0.96711951
0.95239061
0.95752883
0.95671499
0.95173973
0.95930254
0.95491171
0.95907426
0.94398856
0.95406061