0.01929289
0.12471584
0.11641622
0.05260573
0.16241226
0.15703176
0.06284111
0.08923681
0.10212816
0.12966785
0.07957737
0.18967192
0.08136025
0.08397593
0.16535109
0.06117216
0.11575975
0.03549369
0.04810042
0.10426584
0.01234862
0.07272701
0.16419403
0.05595690
0.09352524
0.09049500
0.05250316
0.06648008
0.07234039
0.10467923
0.12360971
0.09226272
0.05626019
0.14324316
0.04033766
0.06923956
0.11959753
0.12267341
0.17869399
0.10006631
0.04334257
0.08764739
0.20021400
0.08641241
0.09962822
0.08334731
0.12577124
0.08926465
0.10061207
0.04376649
0.08137096
0.10209452
0.08662197
0.09345913
0.11326419
0.07469498
0.08190339
0.17532799
0.03380245
0.06109942
0.04786618
0.10003211
0.08468141
0.16816100
0.08617509
0.03352931
0.08070793
0.10137636
0.11368908
0.05044266
0.11753140
0.06414650
0.07821359
0.04254046
0.09697399
0.05331123
0.03227821
0.06944230
0.09566265
0.05837407
0.12124059
0.10776288
0.07224377
0.08504367
0.05964113
0.10179234
0.13310918
0.19110394
0.10832836
0.07208790
0.13126904
0.06376322
0.08920721
0.06093757
0.10012276
0.08909454
0.09615657
0.09823997
0.12504831
0.17459524
0.08545551