0.06709162
0.30027419
0.36418483
0.40549669
0.58390009
0.55587387
0.57323670
0.70009905
0.66511136
0.71876091
0.63341069
0.55261302
0.53510088
0.75338000
0.67915255
0.64065796
0.56100702
0.68527603
0.54531133
0.52043742
0.49144295
0.67231041
0.74662501
0.52420127
0.26243201
0.60214007
0.57471639
0.45387691
0.36660194
0.38826668
0.62035578
0.57843554
0.56667399
0.66142142
0.69331390
0.56964260
0.62279028
0.65446198
0.62853932
0.55537677
0.68652499
0.64441413
0.66741472
0.74416268
0.65736246
0.68477148
0.69211829
0.53206497
0.65541726
0.73547477
0.76330543
0.68128389
0.57955146
0.65370804
0.61310923
0.77592868
0.72020638
0.59317487
0.68389285
0.71921211
0.66165483
0.68196625
0.64253253
0.60488278
0.72577894
0.68782401
0.63587666
0.62663364
0.53880620
0.51959735
0.53564012
0.59413540
0.60883093
0.60618204
0.65149611
0.74225783
0.69906008
0.75650877
0.70586801
0.56730014
0.61730421
0.62832755
0.71139634
0.57568038
0.52133209
0.61757028
0.61295742
0.51434779
0.42137536
0.29825234
0.47672227
0.56455606
0.49714634
0.54342008
0.27140462
0.50114256
0.62162513
0.62536556
0.68219078
0.63043946
0.73436439