0.10973397
0.91862673
0.91636395
0.92355329
0.92456955
0.92843992
0.93573511
0.93829817
0.92931205
0.90658790
0.92588472
0.93103582
0.92330199
0.92084450
0.91452849
0.93682265
0.91382623
0.92091537
0.91935861
0.92616296
0.91266823
0.92198145
0.93097657
0.92893136
0.92426836
0.91985124
0.91630751
0.92863256
0.93728334
0.94469851
0.94114602
0.93996966
0.92321455
0.92717063
0.92508203
0.92168909
0.93179619
0.92149878
0.90562975
0.92491996
0.93455255
0.93932480
0.92899859
0.91752714
0.92033547
0.90955538
0.92070681
0.92486143
0.93129814
0.93345803
0.92733759
0.93088305
0.94030726
0.92931670
0.92549109
0.91201800
0.91937947
0.92269289
0.93303949
0.92461032
0.91872078
0.91692817
0.93423295
0.92217910
0.91631722
0.93779564
0.92195570
0.92823523
0.91088188
0.92808259
0.92389071
0.92353058
0.91730124
0.91610467
0.93780047
0.92089963
0.92197794
0.91481000
0.92211318
0.92581719
0.93951315
0.93664879
0.93617368
0.92304236
0.91836238
0.93319380
0.93003607
0.91335809
0.92868388
0.91936880
0.90615630
0.91237807
0.93406135
0.92734581
0.92508072
0.91476744
0.93296409
0.91289681
0.91263330
0.93242019
0.92996770