0.13413607
0.02107315
0.18436420
0.07104848
0.12223686
0.05924710
0.11551952
0.12812008
0.10103873
0.19089551
0.08895118
0.10561119
0.09922010
0.17368811
0.12282946
0.11859737
0.06470460
0.07389379
0.13109089
0.05700145
0.18142593
0.10651858
0.07583211
0.15128966
0.11593587
0.09989689
0.06527472
0.08271351
0.07557300
0.07950632
0.06006088
0.05970623
0.09762577
0.12867984
0.10532489
0.10199937
0.06110496
0.09753303
0.16041401
0.17094862
0.07481343
0.13254422
0.15844868
0.08461063
0.14751351
0.04378346
0.14602035
0.18707949
0.14672197
0.19931795
0.08942992
0.08786189
0.02778038
0.19417717
0.16780968
0.12575155
0.11181984
0.12063342
0.19011387
0.09067317
0.16085187
0.10346208
0.08842408
0.10778026
0.22929426
0.14155100
0.13889906
0.13822623
0.15366454
0.16697551
0.14094214
0.16838771
0.02957237
0.08470998
0.08116630
0.16312903
0.04920720
0.12551548
0.09557617
0.13919432
0.05247377
0.16368112
0.11636747
0.08966849
0.09946173
0.10858679
0.09491856
0.07679765
0.02283349
0.14647292
0.05904609
0.07816429
0.03252989
0.04580379
0.12987822
0.08914778
0.16032028
0.16339475
0.05736999
0.08556598
0.06994248