0.08686347
0.93580174
0.93819702
0.94862044
0.94642830
0.94879931
0.93752843
0.93977118
0.93468261
0.94159389
0.92762452
0.94439781
0.94747674
0.93767226
0.94939733
0.93487257
0.95405805
0.94769692
0.94068509
0.94775981
0.95267981
0.94989133
0.94253850
0.94063467
0.92961502
0.93712044
0.94467682
0.93985838
0.94981599
0.92985839
0.94154799
0.94496840
0.91782409
0.94057173
0.94979060
0.93943614
0.93435478
0.95067734
0.93659246
0.94049919
0.93977469
0.94215691
0.93341565
0.93406069
0.94771796
0.94887769
0.93209100
0.93538368
0.94328380
0.93438417
0.93293452
0.93583035
0.94507575
0.92431891
0.92924619
0.93215340
0.93046492
0.93601298
0.93972647
0.93439382
0.93872404
0.94629556
0.93883616
0.93996841
0.92626137
0.92236054
0.92699379
0.93381852
0.93747842
0.94797814
0.93023050
0.93652838
0.94570404
0.93743151
0.93595386
0.94672996
0.93921733
0.93356401
0.95975411
0.95697206
0.95034754
0.95555305
0.94846368
0.95237929
0.94366533
0.94271994
0.94967234
0.94834191
0.94239348
0.95368874
0.95091814
0.95136857
0.94959378
0.94340050
0.95029551
0.94746161
0.94726348
0.94086504
0.93872553
0.93604332
0.92720580