0.14959984
0.48340470
0.62733817
0.69987726
0.74655557
0.81095856
0.72920340
0.75743067
0.72054255
0.78177720
0.78182417
0.75313318
0.73247427
0.73321831
0.71896553
0.72557539
0.67659754
0.78269827
0.76468968
0.64424521
0.65876764
0.78810555
0.75132364
0.65295440
0.70052862
0.73286867
0.75078195
0.73216712
0.75192994
0.67677993
0.76447386
0.73057610
0.67660147
0.76858413
0.73122048
0.72053778
0.66927755
0.66345072
0.76681954
0.60961705
0.79690665
0.79573411
0.78508830
0.78979349
0.79747480
0.78831983
0.77945715
0.75952798
0.79292387
0.69836968
0.75451529
0.74118853
0.77080172
0.75459999
0.75342578
0.76442277
0.78552085
0.83431023
0.68409330
0.78237617
0.77802831
0.77033120
0.74031967
0.78440183
0.77599490
0.68258584
0.68414301
0.66662657
0.61741239
0.75853950
0.71430075
0.69458914
0.74693578
0.77325350
0.77099806
0.77559227
0.77949542
0.76730275
0.79354721
0.81963187
0.82929450
0.75948298
0.75392395
0.73967969
0.84045935
0.77723765
0.76161200
0.67110670
0.73402953
0.78377581
0.67393303
0.74398720
0.83901274
0.79027593
0.83313292
0.77581823
0.77593780
0.79686773
0.85744971
0.82891059
0.73664993