0.18653215
0.90751129
0.90453219
0.89937609
0.91848546
0.93100893
0.92369902
0.89639413
0.90404654
0.90991139
0.89805466
0.89760178
0.91145897
0.91149020
0.93077326
0.87831688
0.89756727
0.90914202
0.91227525
0.91354066
0.83981186
0.91955680
0.89181036
0.89825666
0.91098922
0.88732672
0.91650993
0.87107396
0.89080411
0.88131988
0.90450048
0.90941423
0.91171747
0.92671919
0.88074332
0.89225388
0.90092069
0.91763067
0.91618514
0.89119202
0.90657806
0.91653830
0.91948217
0.93136561
0.91816747
0.92067444
0.94090706
0.88138127
0.91044694
0.91141045
0.86350894
0.89938736
0.89076483
0.93051094
0.93449354
0.89490563
0.92375046
0.92721879
0.91037172
0.90725487
0.89961046
0.90509421
0.88969642
0.86938941
0.90458006
0.87902349
0.90352488
0.93635178
0.90539122
0.91591614
0.92276865
0.90887940
0.89133292
0.91654277
0.89020228
0.89628893
0.90531462
0.90893346
0.90288901
0.90014720
0.91718793
0.90561783
0.90732813
0.89561850
0.87327653
0.89206922
0.89434534
0.89111114
0.91488814
0.90965879
0.91372740
0.92313266
0.92021483
0.90349829
0.85807681
0.88034892
0.89561552
0.89757943
0.88328230
0.87272507
0.89539045