0.06360167
0.28245643
0.31559527
0.36199963
0.53732139
0.61476225
0.69066942
0.80222350
0.64118338
0.71766073
0.73478365
0.60109013
0.80566615
0.76369500
0.69124132
0.72128648
0.79140192
0.78883779
0.70003176
0.74572992
0.73631787
0.78362226
0.77080053
0.78758562
0.74803817
0.80132794
0.75202119
0.78489131
0.77853686
0.77867705
0.69144851
0.78994757
0.74968004
0.69271559
0.81085509
0.83679223
0.72087622
0.71593201
0.73720723
0.78508162
0.71755248
0.74865794
0.73398119
0.74112707
0.74251419
0.76836824
0.75107664
0.77978253
0.70631772
0.82070082
0.85473269
0.74071771
0.78033221
0.80328214
0.78832436
0.78344673
0.80082154
0.82296562
0.77527869
0.75011855
0.72986114
0.76046586
0.75074607
0.83181602
0.81845182
0.74887156
0.78518641
0.82563239
0.81762731
0.81903708
0.81543738
0.79753530
0.78683579
0.76407218
0.80099243
0.80595076
0.76582414
0.77734566
0.72039473
0.80038512
0.79369545
0.82667714
0.82115740
0.76864111
0.74757147
0.81467456
0.80998701
0.78208727
0.71168280
0.74728197
0.76333445
0.67440605
0.70105368
0.77213180
0.76670706
0.74763387
0.80468911
0.83399314
0.78263664
0.79367828
0.79652154