0.17097370
0.84821057
0.87452990
0.81898582
0.88800973
0.82635123
0.85256219
0.80965996
0.86038190
0.85174972
0.81794775
0.85917252
0.82434547
0.79885703
0.88058716
0.83394086
0.79135776
0.86402380
0.77470511
0.67410207
0.80028021
0.79213172
0.78457975
0.86243492
0.85735297
0.86534423
0.88192266
0.86508417
0.81321788
0.88141078
0.82724488
0.88316017
0.82695174
0.69990754
0.78624731
0.84087235
0.87675917
0.83222300
0.87119710
0.82787788
0.82227892
0.87139642
0.74315715
0.82654214
0.86118907
0.80330831
0.81263071
0.85164338
0.83346069
0.81057531
0.80645943
0.81064713
0.88179749
0.82861304
0.74032700
0.72552592
0.82067186
0.76539183
0.74139190
0.76929319
0.82369804
0.85918176
0.87906420
0.77513814
0.85186434
0.73353857
0.84472281
0.74981070
0.85032052
0.75974894
0.82955813
0.77120978
0.81878340
0.78484952
0.78651184
0.85866743
0.60003752
0.68430459
0.78368270
0.78673518
0.78782183
0.73958552
0.74995226
0.80473846
0.82748532
0.71581435
0.84004730
0.74631995
0.71234137
0.79073411
0.83162498
0.82912874
0.82031775
0.77438426
0.70654660
0.87773895
0.82988548
0.83870214
0.80406868
0.85209757
0.79826576