0.10973397
0.17858098
0.05168050
0.13188143
0.10415186
0.14057690
0.11713648
0.09924993
0.07009318
0.12395025
0.13237482
0.13906091
0.09616067
0.15318170
0.14055905
0.10710055
0.11191890
0.07987140
0.08443820
0.03594008
0.11264256
0.06002554
0.15682566
0.11343810
0.11381509
0.07447951
0.07601853
0.13104674
0.09077702
0.11143580
0.09058162
0.07564658
0.11229641
0.10356889
0.10699133
0.10213682
0.14384353
0.07487972
0.14204910
0.06481003
0.03958673
0.13134715
0.16794704
0.18800485
0.09969480
0.09562762
0.06694756
0.05146641
0.08936392
0.04552799
0.11531609
0.15938567
0.15162207
0.06113441
0.02258941
0.08076865
0.07710977
0.09780969
0.06922907
0.10634188
0.12938321
0.04900094
0.12677889
0.10538983
0.04372983
0.12123718
0.18122646
0.20509432
0.05016824
0.06305005
0.13668914
0.15460379
0.05467414
0.01064440
0.06150959
0.12850383
0.09200145
0.09986630
0.06918064
0.21256316
0.05851587
0.08728730
0.12168465
0.07072963
0.08992341
0.12357853
0.08013767
0.04934407
0.13131773
0.16314392
0.06722892
0.06483728
0.11879826
0.09960682
0.04280156
0.12342808
0.06911950
0.05845246
0.17670698
0.13346574
0.08908581