0.03732009
0.30822098
0.71041852
0.76853704
0.80624712
0.90393782
0.88633311
0.83514512
0.76131058
0.75559640
0.81421638
0.85870004
0.84074640
0.83854938
0.83437622
0.85859990
0.83390695
0.84622228
0.90060836
0.86148560
0.89755869
0.88783056
0.80909574
0.86196387
0.86160070
0.83762228
0.83547044
0.81032693
0.81614000
0.86705375
0.80499125
0.81720251
0.86885345
0.90085912
0.88398290
0.86855429
0.90057832
0.91057658
0.90295845
0.86696988
0.89289099
0.91266936
0.84057498
0.82803237
0.83023679
0.88399243
0.90159625
0.89149195
0.86954957
0.88661885
0.90779465
0.86386472
0.83092952
0.86637378
0.84961408
0.85519278
0.86511153
0.90587461
0.90471154
0.87603676
0.90333956
0.90075356
0.91824096
0.86631131
0.90372306
0.90614289
0.90252411
0.90638816
0.93036699
0.88967395
0.89738744
0.87559527
0.88437021
0.88811320
0.91452903
0.91525221
0.91803175
0.88063681
0.89347351
0.85787195
0.87544960
0.88856834
0.89481372
0.88684601
0.87048495
0.86707079
0.86079550
0.88461488
0.89925456
0.90373796
0.85260659
0.88273346
0.88818312
0.87383920
0.88398826
0.85974443
0.75446963
0.82094091
0.87705278
0.94027221
0.93385035