0.14341784
0.23141363
0.49744874
0.44217291
0.60860962
0.66076988
0.74135488
0.79685736
0.76746333
0.64200789
0.71907610
0.67393011
0.64805353
0.65992880
0.67003095
0.70644021
0.60706437
0.64289927
0.62417865
0.63223684
0.72680819
0.76097798
0.79986471
0.80339915
0.76611578
0.69666380
0.60767508
0.73500091
0.76151466
0.75806206
0.69014245
0.75812018
0.75684214
0.72326517
0.71852010
0.77225339
0.75832510
0.77964813
0.69950432
0.66559118
0.68652725
0.69355166
0.75195229
0.79833418
0.79992789
0.71316576
0.73306185
0.69686204
0.70270938
0.79380721
0.78697222
0.79721171
0.78466880
0.76801389
0.75963247
0.73478293
0.73758626
0.80671126
0.79119760
0.79350173
0.79894400
0.76570696
0.76379758
0.77696210
0.70945162
0.74608475
0.72491491
0.77849734
0.75592250
0.74905348
0.70305842
0.71058291
0.62654322
0.73630583
0.73572761
0.78356308
0.76154709
0.71111917
0.77365220
0.79244494
0.80492747
0.74423546
0.72781670
0.60185921
0.71470159
0.71418923
0.70250654
0.75477433
0.74979281
0.67372322
0.70894790
0.69246835
0.74090898
0.70845884
0.77770072
0.81663156
0.75802034
0.79101348
0.81239593
0.83831704
0.82146150