0.14325123
0.94370806
0.93004686
0.94167387
0.94699049
0.94008070
0.93590546
0.93477553
0.93095952
0.94082212
0.94450706
0.93834978
0.92269725
0.93835253
0.93087542
0.95237923
0.95259839
0.95077032
0.93779379
0.92613184
0.94672084
0.92955762
0.94728822
0.94652557
0.95869464
0.94972128
0.93630952
0.95663565
0.91323096
0.93076271
0.92729402
0.92884362
0.93071866
0.93416834
0.93415761
0.94135833
0.94004393
0.93276006
0.94617128
0.95066321
0.93966109
0.93220657
0.92241007
0.93680197
0.94712609
0.95078868
0.94321090
0.94618583
0.96069640
0.94419408
0.91730934
0.94940382
0.94539422
0.94277197
0.93666512
0.94554853
0.92907548
0.92009169
0.94573611
0.93957591
0.94350958
0.92291433
0.92969096
0.94181854
0.94671059
0.93662214
0.94486749
0.93201697
0.94133013
0.94702810
0.91323435
0.93904841
0.94668883
0.94992310
0.92831302
0.93342096
0.93829554
0.93457270
0.94348836
0.94363177
0.92837602
0.93215907
0.94924581
0.93039399
0.93623793
0.92333603
0.92523742
0.94373631
0.93692589
0.93152541
0.93205714
0.92656195
0.90901655
0.94547278
0.93804908
0.93456984
0.93402153
0.94051951
0.93806285
0.93759847
0.94623846