0.07852264
0.23878685
0.48452282
0.74769998
0.75297606
0.67550832
0.72615921
0.71115303
0.83340800
0.75278711
0.75544167
0.76419371
0.78151339
0.80038321
0.73402780
0.74006563
0.69288754
0.69575864
0.67426074
0.66989255
0.74227846
0.65187621
0.75226480
0.81310707
0.79121101
0.78783804
0.81539160
0.82115471
0.74857080
0.71335363
0.76338023
0.74491930
0.78532547
0.73513275
0.75474519
0.72579199
0.79133189
0.79356605
0.69330752
0.70740205
0.65497470
0.76001740
0.72549355
0.71790564
0.79881835
0.83611059
0.79231948
0.74243921
0.81085891
0.79472661
0.81714082
0.82096916
0.81743020
0.77461714
0.83161086
0.78686303
0.77443266
0.76625884
0.81110281
0.71921599
0.73558104
0.82687765
0.78957605
0.65909404
0.75884873
0.76824647
0.67823189
0.77930588
0.75665057
0.79103160
0.78961539
0.84999573
0.84625143
0.84873945
0.79820859
0.84218597
0.68285096
0.62434942
0.66467720
0.82867515
0.77887827
0.79003382
0.82813913
0.78551704
0.78338456
0.81158477
0.80359375
0.71701723
0.72211492
0.71472055
0.71293372
0.74156183
0.72866875
0.72220641
0.79455185
0.76182914
0.67856687
0.71169019
0.71313727
0.64236581
0.75096041