0.14536166
0.14441870
0.18199010
0.07365756
0.14225914
0.15101880
0.12228650
0.14735167
0.05197041
0.14320745
0.04839730
0.04675223
0.02623373
0.04125256
0.07696083
0.14469306
0.14796810
0.03561750
0.12751342
0.13573822
0.09849644
0.05217765
0.09332664
0.06947734
0.11084649
0.10081235
0.08105343
0.08751504
0.07501755
0.04955414
0.10234915
0.06393490
0.09153308
0.12238882
0.13019985
0.08630954
0.14968796
0.11079107
0.10250681
0.08909264
0.11270403
0.11622848
0.08047812
0.06227896
0.12131056
0.13648959
0.15299404
0.09698150
0.10805054
0.12916970
0.02883857
0.05611009
0.11724544
0.04767586
0.05908845
0.07695872
0.06364472
0.07592914
0.09699000
0.13891965
0.09471770
0.15195133
0.06185916
0.09772300
0.09269429
0.07180481
0.10895875
0.17028256
0.10884562
0.09401886
0.15213253
0.07154986
0.13543445
0.11019383
0.11859488
0.14793223
0.14371349
0.08694404
0.07095650
0.10704296
0.06493787
0.12497983
0.18131813
0.14861530
0.13327515
0.19048180
0.07417795
0.10135086
0.08526905
0.08998070
0.14347608
0.11463005
0.06488261
0.14092597
0.04569580
0.07869716
0.05863453
0.07837215
0.05367073
0.09798946
0.14390510