0.14959984
0.93650270
0.94802862
0.92342085
0.92904210
0.95139277
0.93880624
0.93622810
0.93969202
0.93951529
0.93218756
0.94806862
0.95056337
0.96135408
0.93202746
0.94955122
0.94113129
0.95892000
0.95334429
0.94741023
0.94744283
0.94270682
0.93516517
0.93871248
0.94181412
0.94507360
0.94492835
0.93834841
0.92867815
0.93598801
0.94050765
0.91849828
0.93868446
0.94233656
0.91750222
0.93520945
0.93985248
0.93758094
0.94276756
0.92987257
0.92753327
0.93295914
0.93332297
0.93296552
0.94866431
0.94217515
0.93177491
0.94113559
0.92636681
0.92007822
0.92974716
0.92388171
0.90744436
0.92957008
0.93089575
0.94002241
0.92534423
0.94388819
0.94179338
0.92938471
0.92594391
0.93189412
0.93681389
0.93717229
0.91881639
0.93067801
0.93726808
0.94340158
0.93733734
0.94730836
0.95788854
0.93762469
0.95231748
0.94133878
0.94788623
0.95285606
0.95569229
0.95244211
0.95063066
0.94268030
0.93867362
0.94709826
0.95273650
0.96112651
0.94774216
0.94110388
0.95107728
0.94200945
0.94693637
0.95087820
0.94970077
0.95055693
0.94616354
0.94320261
0.95060074
0.93064171
0.94033819
0.94507062
0.93070197
0.93016654
0.92723757