0.08533442
0.10372509
0.05265682
0.12040649
0.15167721
0.03815020
0.13718152
0.05924813
0.12038928
0.16960667
0.11773220
0.11443955
0.16018909
0.12236170
0.08727667
0.09886608
0.11911388
0.07767693
0.07424379
0.15161024
0.06495058
0.13875239
0.11258373
0.09168155
0.05050677
0.06153904
0.05920469
0.12391844
0.05588075
0.11881784
0.12797064
0.06269813
0.10543684
0.07919409
0.03011861
0.15325946
0.15346609
0.09707618
0.06959058
0.07075293
0.11647309
0.04885638
0.16267824
0.09158731
0.09433532
0.10234151
0.04857515
0.11553414
0.08594145
0.07125393
0.05006383
0.20983858
0.11091731
0.14935546
0.06803378
0.15010148
0.13226759
0.07305370
0.15179716
0.17428473
0.20457567
0.21003997
0.11960241
0.07207432
0.04790352
0.11178047
0.06613929
0.11853965
0.10671639
0.06268026
0.14116229
0.06198853
0.09850574
0.10173964
0.09117804
0.08289939
0.09972964
0.04483012
0.07692951
0.07919753
0.10064231
0.15950538
0.08126735
0.09942634
0.06658707
0.01553670
0.04551515
0.11945233
0.06793813
0.18620573
0.16095348
0.04452211
0.12687781
0.17766327
0.08561253
0.07141268
0.10187600
0.10479422
0.11611180
0.04892695
0.08915400