0.05446990
0.32755265
0.32691610
0.53358054
0.53525984
0.53301698
0.58120614
0.60098612
0.58084291
0.62532854
0.63558340
0.44713825
0.55248070
0.56225878
0.63541448
0.61987996
0.61149400
0.49768507
0.53398764
0.45470193
0.59302324
0.58666879
0.49176869
0.58725011
0.62263292
0.42991504
0.43117771
0.43411106
0.52194035
0.40319583
0.37353405
0.49937716
0.45870873
0.46362621
0.49182189
0.61590666
0.50868642
0.56774294
0.38207635
0.23399918
0.39816642
0.49845260
0.42224106
0.32365632
0.52607787
0.43667853
0.40201223
0.53582305
0.55306542
0.41006023
0.29909489
0.22062758
0.18520805
0.23575644
0.48171657
0.49831063
0.56312054
0.52448183
0.49743384
0.56259990
0.45656908
0.41941220
0.21616302
0.32708222
0.17753218
0.15522252
0.31048411
0.41469863
0.28434771
0.47071111
0.46777499
0.41007680
0.34645194
0.45514375
0.64315689
0.51072073
0.54672313
0.52517927
0.43657494
0.51778650
0.47829530
0.27263182
0.48085487
0.43412223
0.52766544
0.35471642
0.25584796
0.53453267
0.39931735
0.42309067
0.44223347
0.43707857
0.50429022
0.38977578
0.29323658
0.51465970
0.55556941
0.53555089
0.57337588
0.47383353
0.26146427