0.09925324
0.31811419
0.62036967
0.63714862
0.68486100
0.70422035
0.67340499
0.71174562
0.68954587
0.76358569
0.67867386
0.58582550
0.47925282
0.66261208
0.65199411
0.77488619
0.75383639
0.81108725
0.71419251
0.70396644
0.72111493
0.75452822
0.73409581
0.78360850
0.69279218
0.64905035
0.70260072
0.59743863
0.67120886
0.72840792
0.72585469
0.69162118
0.65091109
0.76659757
0.69917464
0.72895044
0.75455809
0.69575399
0.62319309
0.71622080
0.63821810
0.76991308
0.70413589
0.64148569
0.75993460
0.75938153
0.62715763
0.73113221
0.76305068
0.70326722
0.71180773
0.78058183
0.69760078
0.65113366
0.66646326
0.72285324
0.81017947
0.74694043
0.64240181
0.78014421
0.72440779
0.72231793
0.74350202
0.74838048
0.72327948
0.68891031
0.76099151
0.76314682
0.72152466
0.77177697
0.72580582
0.75221682
0.76145780
0.77503937
0.69437814
0.59741968
0.72266883
0.64846754
0.66654998
0.76901346
0.72826749
0.80024254
0.72393775
0.80402285
0.72223365
0.80816317
0.81018549
0.73934454
0.69216311
0.82645851
0.83822221
0.76575583
0.80540103
0.83345550
0.81862670
0.72933668
0.77991432
0.73814553
0.79528600
0.75215369
0.74192077