0.08318138
0.94887877
0.95349884
0.95302618
0.94382936
0.94708925
0.94535440
0.93825686
0.94908124
0.94364762
0.93771189
0.93895334
0.94316781
0.93891829
0.93896103
0.94825315
0.94177622
0.96011591
0.96107048
0.94777924
0.94425577
0.96284240
0.96059775
0.94733274
0.93722260
0.94128478
0.95253801
0.94479346
0.94330817
0.94328445
0.96113569
0.95425409
0.95701033
0.95787561
0.94191176
0.95174301
0.94439948
0.94634253
0.94050574
0.95848221
0.95236450
0.96520787
0.95031655
0.95040321
0.95042002
0.94911623
0.94054937
0.95072663
0.95448768
0.95905143
0.95231378
0.95103759
0.95922923
0.96798778
0.95771682
0.95626813
0.95571882
0.96714956
0.94806373
0.95974922
0.96377152
0.95773065
0.94470286
0.94939649
0.95877999
0.95034552
0.95674980
0.95588392
0.94671941
0.94373721
0.92731720
0.92992330
0.94145423
0.95105493
0.94281656
0.93692786
0.94281954
0.94697046
0.94241279
0.93410945
0.92380995
0.94542283
0.95059454
0.93460953
0.94440264
0.94799948
0.93907934
0.95101380
0.95154625
0.95338368
0.95080674
0.94586664
0.95750529
0.96289754
0.95792437
0.95618963
0.95570642
0.95940912
0.94310212
0.94840932
0.95752627