0.05043321
0.24592608
0.05742479
0.04594303
0.04816612
0.09594750
0.13553321
0.07768335
0.12715574
0.06206983
0.11588150
0.14889051
0.08840652
0.04531359
0.09403957
0.05396503
0.20990042
0.01950273
0.05883838
0.11219898
0.09629788
0.07328299
0.08327730
0.07863392
0.07898746
0.08575786
0.10909735
0.13292736
0.12351172
0.08618751
0.04214459
0.04592222
0.05493046
0.04438649
0.10529008
0.12760764
0.07259572
0.07845064
0.09163261
0.12239849
0.05613343
0.15140702
0.13748106
0.13304009
0.02895199
0.12855726
0.12776856
0.09154786
0.11991385
0.06475459
0.04659511
0.05745508
0.05252683
0.04188694
0.12070694
0.09894048
0.10225171
0.09982759
0.09275392
0.04066876
0.05622556
0.15011479
0.04113526
0.07900146
0.07568911
0.10193024
0.03955855
0.09958806
0.04719336
0.05313955
0.11393914
0.09142678
0.07504904
0.10982513
0.10123249
0.12025013
0.06785985
0.05086357
0.05139011
0.04111921
0.07775904
0.11812887
0.07790846
0.11517859
0.07773301
0.18655859
0.06232552
0.06558336
0.12419919
0.18279356
0.06342092
0.20086138
0.17624752
0.16826215
0.04245231
0.08680353
0.13555586
0.03641652
0.04842440
0.10429344
0.14363885