0.08263827
0.12754850
0.14147829
0.13928583
0.03080487
0.08824686
0.10409015
0.13932109
0.03618149
0.12381206
0.18866551
0.13317236
0.09608454
0.17125537
0.02953242
0.17252243
0.16233082
0.13901125
0.09378414
0.04557123
0.18485259
0.08576604
0.09332276
0.10208943
0.10168064
0.10707606
0.08221135
0.14329660
0.18652996
0.08636342
0.11713971
0.17687510
0.13920969
0.13889204
0.10395128
0.02878266
0.14130670
0.10283791
0.10096604
0.05154192
0.03815694
0.14687705
0.09051189
0.10434254
0.02886128
0.07479785
0.14717560
0.11107013
0.12023637
0.03473282
0.04949015
0.09310603
0.08986372
0.13391322
0.05623253
0.04918361
0.07057231
0.09730764
0.11080307
0.08163895
0.07999191
0.08291492
0.13506249
0.11409647
0.07700351
0.03689275
0.08805719
0.08778530
0.10098612
0.12930956
0.14307894
0.08252005
0.02095050
0.14140576
0.11433779
0.09631184
0.06464077
0.07496974
0.03589718
0.19208819
0.08570073
0.09156054
0.16352022
0.06535528
0.06933428
0.13554500
0.09333211
0.11251585
0.05493193
0.11786835
0.10681592
0.04169298
0.06442861
0.08606005
0.09608954
0.06571517
0.07967299
0.12800176
0.08079904
0.14165023
0.15395193