0.09369902
0.14690343
0.03191667
0.08202563
0.13482320
0.14814103
0.10865216
0.08093027
0.09226795
0.06868090
0.06182867
0.04880519
0.05919148
0.09129044
0.10230456
0.12539558
0.14138953
0.12904091
0.15029453
0.06451911
0.07136741
0.09130840
0.09404297
0.06178404
0.05276574
0.07836939
0.04351686
0.02990426
0.06719602
0.16791835
0.03314549
0.13119341
0.14088367
0.15397073
0.09781633
0.08979235
0.11796276
0.09161129
0.11982209
0.06332419
0.07659268
0.05719997
0.07114857
0.10513347
0.06165753
0.08325058
0.08131474
0.11410216
0.06295730
0.04467472
0.01390167
0.07575959
0.11327182
0.06239102
0.09000048
0.13911901
0.07118323
0.17253788
0.11515205
0.12188961
0.15019710
0.08488803
0.08484524
0.07114834
0.13423462
0.14830896
0.12022302
0.16397041
0.13043457
0.13179296
0.09288211
0.08066004
0.03278304
0.04479703
0.03138828
0.10838228
0.04807713
0.08113627
0.07673349
0.14868894
0.15627401
0.09414513
0.04825537
0.11539429
0.07161365
0.15891254
0.11756527
0.09905437
0.14608893
0.08823715
0.05872682
0.19821782
0.13540229
0.05075836
0.07792284
0.02405499
0.06101602
0.11858752
0.08349957
0.08008374
0.05312628