0.11438119
0.89516604
0.88408858
0.90788388
0.88267881
0.90490907
0.91497254
0.89277112
0.90979457
0.88717896
0.90118164
0.92777741
0.92578214
0.91858119
0.92056334
0.92827952
0.90025538
0.92258644
0.93173116
0.92942512
0.90293914
0.92155623
0.93150526
0.92382050
0.90399301
0.90183508
0.92020983
0.91184777
0.90633905
0.92915887
0.91332644
0.92166823
0.92740119
0.90923274
0.91013145
0.89030486
0.89733499
0.90687376
0.93601274
0.89358675
0.90436018
0.92128235
0.92984468
0.91307229
0.91713542
0.89119780
0.90758979
0.90694314
0.91601783
0.89726186
0.88605142
0.88156724
0.91556829
0.88004321
0.90562630
0.89916396
0.90406913
0.90456641
0.91165280
0.92459917
0.90354341
0.89579904
0.89953554
0.87127900
0.92047906
0.89027917
0.90594453
0.88793093
0.90680939
0.88583392
0.90628266
0.90975034
0.92671174
0.92062891
0.91929907
0.90322846
0.89850748
0.91187036
0.88783324
0.90143991
0.92534280
0.91606438
0.92478758
0.92501277
0.91791177
0.91860366
0.93203235
0.91838884
0.92914927
0.92565382
0.93810582
0.90905756
0.92158365
0.91714180
0.89541554
0.91922128
0.92106086
0.91158015
0.92105454
0.90883422
0.92992681