0.17855704
0.34967706
0.38257748
0.67349142
0.69632512
0.53310090
0.68123293
0.69068736
0.77139300
0.82383668
0.77247703
0.68363470
0.65360308
0.82603925
0.80331558
0.80860257
0.74134851
0.84149861
0.83458185
0.80158991
0.83931625
0.78513908
0.74772352
0.74423134
0.74004441
0.77618766
0.74751991
0.73483884
0.79284292
0.76036799
0.73060489
0.79995596
0.77075487
0.84397751
0.80655515
0.80767488
0.80163908
0.78304422
0.72219855
0.77571183
0.82920176
0.81645590
0.80808145
0.79631501
0.74670339
0.73661774
0.74725044
0.75517172
0.73058093
0.74132437
0.69336861
0.73164445
0.79436332
0.71175939
0.66911733
0.70617300
0.74281251
0.71908897
0.77653611
0.76826185
0.73712701
0.65083015
0.71128511
0.62700319
0.60268652
0.66503328
0.67359495
0.63097501
0.73097581
0.77778709
0.79029417
0.75904411
0.70690262
0.76933473
0.81980968
0.82682073
0.77791220
0.87182581
0.77607435
0.74093139
0.68300390
0.79118437
0.68680030
0.77619439
0.77376783
0.83496881
0.75840265
0.79911482
0.73768967
0.74618202
0.70417130
0.76745665
0.61310709
0.57621402
0.72582102
0.78474891
0.69823301
0.65922737
0.82296509
0.79022485
0.77289689