0.12927887
0.10514046
0.08092427
0.09032882
0.14559050
0.11356949
0.11615171
0.02559986
0.13079162
0.02473739
0.12956715
0.13275400
0.10024766
0.06404177
0.13186692
0.17132273
0.08150155
0.09402543
0.08487640
0.07582779
0.07841831
0.15321453
0.01134864
0.05344617
0.06387586
0.05069348
0.08241538
0.09102960
0.05832220
0.05687202
0.07673644
0.07617415
0.06496631
0.11059404
0.01973820
0.09579550
0.06176360
0.14295666
0.14959615
0.04302704
0.01878140
0.08718970
0.06686796
0.16471024
0.11037496
0.11076067
0.12597992
0.08712826
0.10903259
0.22111163
0.09473955
0.13746361
0.09375200
0.05644051
0.08734070
0.11513222
0.08631482
0.07753983
0.09660953
0.04244160
0.03034368
0.12343413
0.11070238
0.21674965
0.06965345
0.11268100
0.16214928
0.03373224
0.11198172
0.09020386
0.06300793
0.08496103
0.03479431
0.07229350
0.06870860
0.13432041
0.08773193
0.09207718
0.16452628
0.02971825
0.07419758
0.06759720
0.14793488
0.02781871
0.09506331
0.15538296
0.13943785
0.12569256
0.13191350
0.08369717
0.00871819
0.07151740
0.09352341
0.12637259
0.08011592
0.08575776
0.03672016
0.13806225
0.09309605
0.04310662
0.12706745