0.11598152
0.88601029
0.89886767
0.88075751
0.88497865
0.86931765
0.88842285
0.87065858
0.90274012
0.88267589
0.88723129
0.87460536
0.86736220
0.88249284
0.90056109
0.84740222
0.88161218
0.90069693
0.89830887
0.89895898
0.89333528
0.90455526
0.86212569
0.89279699
0.90958643
0.89315885
0.86422384
0.88272262
0.90010363
0.87039721
0.88632888
0.87650537
0.88081795
0.84765744
0.90014941
0.86847979
0.87721610
0.88412946
0.86963105
0.90948969
0.89136487
0.87832230
0.88724434
0.90076798
0.89783013
0.90011668
0.89224678
0.90796751
0.86869049
0.88340753
0.90628481
0.92430228
0.89985484
0.89119393
0.87705302
0.87603074
0.88291240
0.90158105
0.87052679
0.85918581
0.89799827
0.89766866
0.86637044
0.86759263
0.89466071
0.88620532
0.88111323
0.88157004
0.88216311
0.90599060
0.87772369
0.89590287
0.89128852
0.90656924
0.90873748
0.89672965
0.90006179
0.90960783
0.92002779
0.87674326
0.87443626
0.87553495
0.90992492
0.91017252
0.90521467
0.89620835
0.89465654
0.88350046
0.91416627
0.89846492
0.85334814
0.85228074
0.88262749
0.89665037
0.90883809
0.89856601
0.90069228
0.90423131
0.89073586
0.85976541
0.89120603