0.07551902
0.08596477
0.10438319
0.15966782
0.08551057
0.14790310
0.11847003
0.13678804
0.14265941
0.20923766
0.05651634
0.11605815
0.09072434
0.08523220
0.03834416
0.10858713
0.06535750
0.09640785
0.08458117
0.03646994
0.12864530
0.07452063
0.10637216
0.07199071
0.12808104
0.07452572
0.09282435
0.04821986
0.12072781
0.14225113
0.12838037
0.11001700
0.07848512
0.08210488
0.06527688
0.15635976
0.16810140
0.06966832
0.09948861
0.09715296
0.11034721
0.07243729
0.10808965
0.15575840
0.05473182
0.07948807
0.07460696
0.06666384
0.09127900
0.06731406
0.14125761
0.07099273
0.02063183
0.15902974
0.15045328
0.10302386
0.16909662
0.10427608
0.11093450
0.08054150
0.12738124
0.11178201
0.09016722
0.14842020
0.03861117
0.08968789
0.10298181
0.13065827
0.08579230
0.12060037
0.06962416
0.10111938
0.04083139
0.09456879
0.07474594
0.10054652
0.10021322
0.11607621
0.12231306
0.08582896
0.02948049
0.12709047
0.08927176
0.03945220
0.05960221
0.14038186
0.14285634
0.10017660
0.10236185
0.19474928
0.15772650
0.11534808
0.10621823
0.05220575
0.01940444
0.09543829
0.14244260
0.07324361
0.08725408
0.12691163
0.07061818