0.15018468
0.45229036
0.71971488
0.73701185
0.50609750
0.69858897
0.69625837
0.67237365
0.73344362
0.71914649
0.74405104
0.72102118
0.75664598
0.79788363
0.82400352
0.75250643
0.80903947
0.81143522
0.71678162
0.74518615
0.69819933
0.76085663
0.76186991
0.82338464
0.76118469
0.82387161
0.86510694
0.83757544
0.84589744
0.76275367
0.77689302
0.77981216
0.71821958
0.78886980
0.80802727
0.73550940
0.70385796
0.78763115
0.81412500
0.73501486
0.79201835
0.72229463
0.78888780
0.80301112
0.71570224
0.75770754
0.78169745
0.85523635
0.80982262
0.81231606
0.79238546
0.75664771
0.81392699
0.77237421
0.74196172
0.78298873
0.82245326
0.75312912
0.67498922
0.79752421
0.81885910
0.77274114
0.76305395
0.77115679
0.68886030
0.69419181
0.76816946
0.79255193
0.80293608
0.83991587
0.78267908
0.65840608
0.67533803
0.78192365
0.77965617
0.78054148
0.77976018
0.78748912
0.74921668
0.78153765
0.79520828
0.82041621
0.78697145
0.66274744
0.75478536
0.73843086
0.77361655
0.78094262
0.76055986
0.74223483
0.73933566
0.81901246
0.81971461
0.78841054
0.83008569
0.84022039
0.84923530
0.87683427
0.83362371
0.82349050
0.77061170