0.06360167
0.04678907
0.07658295
0.07783738
0.08285879
0.10203991
0.12499337
0.08176949
0.06875662
0.21781552
0.12661974
0.12660757
0.04379109
0.11323471
0.05089119
0.05647082
0.09498727
0.11313384
0.09346990
0.08720055
0.06249199
0.08514691
0.06459960
0.10268440
0.03702262
0.04573964
0.04648149
0.10721023
0.05167700
0.09960631
0.11838784
0.06849981
0.10118566
0.07916308
0.06272747
0.19643518
0.09579728
0.08231333
0.05534047
0.07963657
0.10081667
0.22349757
0.07714935
0.05553773
0.20260084
0.11064183
0.13759324
0.11381775
0.03997365
0.05136379
0.08777410
0.07947044
0.10033653
0.04187961
0.02846293
0.11393829
0.05731451
0.10170698
0.06019912
0.21645541
0.10902333
0.09692127
0.09066380
0.05298468
0.07940453
0.10688658
0.07550465
0.18047658
0.15193836
0.04161512
0.10098603
0.08878216
0.03400239
0.15246096
0.10504662
0.07543214
0.06959184
0.02150983
0.04840107
0.05895341
0.11187337
0.09066155
0.17302302
0.10274690
0.11490870
0.07913777
0.12789309
0.07197198
0.12799315
0.10655121
0.11832295
0.07621638
0.17525348
0.05080415
0.02518991
0.13162519
0.06474771
0.05396345
0.02609458
0.09128097
0.12430631