0.12130057
0.91183352
0.84399831
0.90269923
0.87665647
0.87806207
0.89855719
0.90122938
0.91177505
0.88406146
0.89480615
0.89877021
0.88703567
0.88442099
0.89238137
0.91100937
0.91989875
0.87952751
0.88207674
0.88118881
0.84975731
0.89381540
0.88192374
0.89516342
0.88997763
0.87869620
0.87226814
0.89392084
0.90664208
0.87473643
0.88112891
0.91455162
0.88402343
0.90207285
0.83715981
0.89031142
0.88991857
0.88854384
0.91972953
0.91387606
0.90459764
0.92194808
0.89096290
0.91329312
0.92158109
0.92649382
0.91881919
0.91494292
0.90661466
0.92469049
0.92561120
0.93666899
0.92245620
0.91520089
0.92255759
0.91135180
0.91548467
0.92865700
0.87830460
0.91048723
0.90293884
0.90949541
0.89511216
0.90743637
0.91610789
0.91395545
0.92490804
0.90802741
0.91942382
0.91745889
0.89292753
0.92160195
0.92583901
0.90595716
0.90828186
0.89735955
0.89242858
0.91017127
0.90156126
0.89250940
0.89548880
0.90921837
0.92090660
0.91928560
0.90914124
0.91543925
0.92665952
0.92339462
0.90828377
0.92103505
0.90115225
0.91626465
0.92384970
0.90330350
0.91233170
0.91270232
0.91376120
0.90816170
0.90713710
0.89531153
0.88403940