0.04433002
0.17722237
0.17510135
0.10574590
0.17147169
0.07310928
0.08245794
0.10069227
0.15356788
0.12432136
0.07710519
0.12507614
0.13690695
0.08978595
0.08109288
0.08871990
0.11412425
0.07737608
0.09879697
0.04461786
0.10696150
0.07519154
0.12448134
0.07883425
0.08853206
0.08766437
0.05352836
0.03711707
0.04662964
0.12409935
0.02467890
0.05618595
0.10355368
0.09679393
0.07813136
0.09081312
0.09693766
0.08309221
0.10937582
0.13370523
0.08114693
0.15963602
0.07062237
0.09982792
0.06755198
0.07111467
0.17086290
0.10419216
0.06054669
0.11638523
0.07820373
0.05762097
0.12158596
0.11363576
0.02241700
0.13373922
0.07591088
0.09250897
0.03474797
0.09636013
0.16182207
0.12254557
0.03462523
0.04976477
0.07829404
0.04068235
0.02722856
0.09958467
0.13204624
0.07862300
0.10387776
0.08715791
0.06743412
0.04076200
0.12405508
0.02216112
0.16325249
0.16880262
0.06671239
0.12034189
0.10837916
0.15233345
0.08680525
0.06873085
0.07084621
0.17604849
0.12061956
0.18986888
0.17491654
0.10830101
0.05233478
0.22999498
0.14274316
0.15231138
0.15721717
0.12686549
0.05853412
0.09810779
0.11112497
0.05531808
0.09979679