0.09416495
0.10190465
0.17089449
0.18517567
0.04574780
0.11037649
0.08361950
0.05829443
0.05907406
0.07343923
0.06297211
0.04238372
0.13131596
0.06482090
0.07780221
0.07749579
0.14663403
0.06879935
0.01927363
0.16931732
0.09727932
0.09997059
0.12846084
0.08097435
0.09698408
0.12485069
0.10617651
0.15194349
0.04560618
0.12298158
0.11847097
0.14959657
0.11907359
0.14840178
0.12948245
0.08438914
0.09887379
0.04401963
0.03473648
0.08924822
0.07394546
0.07401412
0.06436540
0.06752795
0.08554079
0.14240928
0.10054721
0.11618448
0.10026751
0.07858182
0.10988575
0.10212084
0.07149579
0.08271752
0.05385938
0.04015579
0.02496764
0.09732540
0.10531633
0.12790465
0.07860070
0.08016478
0.12717620
0.08721122
0.05042318
0.03581110
0.02675642
0.09086137
0.07754720
0.05150443
0.09373120
0.11038429
0.09004609
0.09814110
0.05899244
0.10705083
0.16165099
0.06932499
0.11188029
0.06671073
0.08104264
0.06510639
0.08962993
0.04603884
0.13324191
0.18436112
0.11923355
0.12603389
0.16547170
0.07321435
0.08546557
0.07178529
0.05305156
0.13954698
0.13880253
0.08795473
0.12339983
0.06624717
0.11753076
0.07893050
0.06997365