0.06884555
0.05971351
0.06183018
0.07569621
0.03774072
0.10695107
0.10437338
0.10549953
0.13396855
0.17224497
0.10985105
0.11362904
0.14683892
0.10010402
0.09176023
0.09331466
0.00838926
0.12170962
0.09477247
0.06178097
0.04588757
0.03827625
0.06726336
0.05591284
0.11337840
0.13346422
0.06713463
0.06560883
0.13141489
0.11902401
0.03092726
0.02480788
0.16738045
0.07020857
0.12850124
0.03090811
0.12730941
0.07754389
0.12378535
0.09069262
0.09158117
0.11158287
0.06257314
0.14177495
0.10507270
0.12055030
0.08904150
0.08988272
0.06412616
0.11636251
0.10614997
0.11448011
0.05406252
0.01434467
0.13330474
0.06165501
0.06145022
0.11934222
0.06294217
0.06764191
0.07551601
0.07551816
0.04208415
0.08015802
0.11153425
0.10685276
0.11216807
0.15224807
0.05150525
0.05295692
0.09627077
0.07941417
0.07750164
0.10554757
0.03836042
0.11543154
0.10513877
0.05408638
0.08318516
0.08267201
0.05767066
0.16411974
0.03488292
0.13621458
0.05969512
0.07204589
0.07879117
0.08457424
0.11665988
0.11829353
0.11379407
0.05380723
0.13605593
0.06406443
0.07678310
0.11063308
0.06744611
0.12847371
0.08677397
0.17753991
0.08908238