0.07551902
0.09270824
0.18583708
0.18518654
0.28665534
0.42475691
0.21515451
0.42075643
0.38741550
0.44105393
0.35239509
0.36188361
0.31966954
0.46599117
0.39455163
0.44766676
0.59426886
0.57472926
0.45383346
0.47396797
0.25671831
0.25123289
0.47872317
0.38789970
0.42416778
0.25070411
0.30862075
0.35506284
0.36743775
0.39118388
0.36826402
0.35311088
0.25627440
0.42785656
0.39901337
0.44242898
0.50019246
0.49515381
0.64913458
0.45521167
0.50377440
0.26817319
0.50996763
0.53843713
0.51688814
0.46504480
0.31681609
0.25018588
0.29703617
0.39855281
0.47297597
0.49503773
0.48971993
0.51435369
0.46162623
0.52228600
0.57821965
0.43676102
0.47312379
0.53114212
0.55775338
0.57172632
0.56620967
0.63617629
0.51968431
0.61007845
0.63084471
0.52434903
0.55113208
0.65969795
0.56401271
0.55630243
0.54873979
0.55728227
0.55537486
0.59063590
0.67488486
0.58829564
0.38806942
0.40084311
0.27233121
0.42833120
0.48867664
0.32997775
0.35318032
0.53974485
0.39924636
0.47757870
0.31091741
0.34611762
0.41818145
0.38640359
0.34409729
0.47409466
0.29276305
0.15854140
0.17803980
0.11422896
0.11534501
0.32008740
0.49857777