0.06916220
0.93826431
0.94066811
0.93749154
0.92750007
0.94788831
0.94449395
0.94729692
0.95606375
0.93674392
0.92665511
0.94990867
0.94219953
0.93155217
0.94066858
0.94653994
0.95393616
0.92151749
0.94403231
0.92451692
0.92248571
0.95506555
0.93615115
0.94969368
0.94039786
0.95194298
0.94761169
0.94910753
0.94669634
0.93659949
0.94725698
0.92871928
0.93283933
0.93761957
0.95090920
0.94524682
0.92207772
0.94851083
0.94596744
0.95921129
0.96384943
0.95272118
0.96041977
0.96496636
0.96530914
0.95793098
0.95331514
0.94113624
0.94349408
0.92878413
0.94936097
0.96067423
0.95667571
0.94242263
0.95666170
0.95734304
0.94669062
0.94505912
0.96989626
0.95923728
0.95676458
0.92348784
0.94404882
0.94867373
0.94724607
0.94426209
0.94024599
0.96379793
0.95208061
0.94906831
0.96220750
0.94583535
0.94814134
0.94707417
0.95547068
0.95497978
0.94282180
0.94347465
0.94441146
0.94414282
0.95110059
0.94296056
0.94952983
0.93115377
0.93975401
0.92460740
0.94158173
0.94026053
0.94337517
0.95511001
0.95553833
0.95896965
0.95782858
0.95998359
0.96263659
0.94339526
0.96230400
0.96685648
0.95694232
0.96691954
0.96761411