0.07498821
0.17868388
0.12765621
0.40523279
0.41992360
0.55129182
0.45825014
0.47212556
0.56022513
0.62909007
0.74567914
0.72738105
0.64042634
0.70962882
0.54507005
0.55887091
0.64475596
0.68294507
0.69321448
0.59941530
0.66897565
0.63421720
0.50988019
0.67568702
0.49685556
0.60321325
0.60328025
0.75255322
0.74876291
0.73123884
0.70226312
0.74058551
0.63955492
0.69192511
0.57048523
0.51910967
0.47085786
0.64671320
0.60229611
0.64582038
0.59191686
0.61048150
0.65337265
0.75004417
0.79096872
0.74557763
0.77162719
0.65754533
0.59501135
0.67063111
0.52914393
0.55171889
0.56153262
0.67923653
0.70935577
0.62510848
0.61020476
0.74581838
0.69774270
0.60831797
0.66416758
0.66534352
0.48456806
0.53204459
0.42073962
0.49665672
0.49610251
0.65439630
0.69780409
0.66000342
0.71060634
0.76912397
0.70732498
0.64783663
0.72707522
0.60243928
0.66683710
0.75574595
0.60717398
0.58920610
0.66300464
0.56797826
0.60124934
0.64458138
0.60730731
0.71253258
0.68299222
0.69882154
0.76949340
0.75167000
0.72176737
0.70363915
0.69019449
0.71517432
0.66107893
0.61330163
0.52795374
0.44255948
0.56280661
0.74453032
0.79359126