0.05855872
0.04808990
0.04226321
0.07918912
0.09099258
0.10113420
0.08043943
0.13313690
0.08291773
0.08027206
0.14000073
0.08257034
0.15574978
0.11897103
0.11038110
0.06906259
0.06880058
0.15422517
0.02610298
0.12026728
0.10197697
0.13355973
0.10282989
0.11665289
0.04811352
0.11788434
0.12819427
0.04173362
0.14605261
0.05193838
0.15911485
0.06628852
0.05629152
0.13825451
0.07843237
0.08110771
0.05718318
0.03077345
0.11062306
0.11533033
0.12316480
0.12517035
0.07744832
0.12382429
0.11407978
0.15768443
0.11514360
0.07611772
0.16173007
0.08936312
0.08083075
0.03433364
0.11279648
0.09038021
0.11642297
0.08896081
0.02251760
0.19904067
0.13542448
0.02468120
0.05731039
0.17959228
0.07722197
0.13663331
0.11385564
0.06435838
0.12951785
0.09625163
0.10822959
0.09098254
0.05003640
0.10007033
0.07121887
0.08686522
0.05035212
0.12282573
0.13106079
0.02544265
0.06829382
0.08086280
0.04575958
0.10728907
0.17854287
0.12423892
0.03924512
0.07710641
0.03114743
0.06225131
0.11024424
0.11437295
0.09656272
0.13548779
0.09175988
0.15835845
0.13417444
0.04896595
0.04875331
0.12611659
0.14904647
0.09532248
0.07244194