0.10148849
0.83547783
0.88696122
0.87159729
0.91327548
0.81334627
0.84807688
0.88266927
0.87326807
0.87856793
0.76866221
0.80255693
0.78346407
0.87223876
0.88750529
0.93280828
0.90133911
0.91293031
0.91712970
0.89521050
0.91289687
0.88901258
0.86945897
0.88718665
0.86756182
0.83410889
0.86344641
0.88581598
0.88541502
0.89338744
0.87086570
0.86284631
0.83852404
0.87911725
0.92964476
0.91579062
0.92420435
0.83240557
0.85044509
0.87751013
0.86650115
0.90096998
0.88746107
0.87181038
0.88635862
0.88070083
0.90619051
0.85378122
0.89879721
0.85921693
0.84970123
0.89706153
0.90605789
0.90855324
0.88803983
0.90023988
0.90483671
0.90897036
0.92322177
0.91797948
0.84716445
0.91265136
0.88269365
0.89990735
0.83157974
0.82454908
0.90903395
0.86328787
0.89411300
0.86029106
0.89103478
0.86258751
0.86471879
0.89742440
0.85233682
0.89860338
0.89490020
0.84133524
0.88609040
0.85689265
0.87954277
0.89985472
0.90377951
0.87430590
0.86450529
0.92006785
0.89250112
0.85749245
0.85927874
0.86790198
0.90510613
0.89768028
0.85682875
0.89778107
0.87193263
0.88817763
0.86307299
0.78982025
0.88110244
0.86750466
0.84807181