0.02160217
0.07810738
0.16151211
0.10611728
0.01273034
0.04116618
0.08911330
0.05310188
0.05496788
0.13298982
0.15347771
0.03396677
0.08941855
0.08239576
0.17758642
0.13426970
0.06665704
0.16131175
0.01923595
0.12781394
0.14232451
0.03943375
0.04634786
0.13799539
0.04792545
0.06194646
0.04066579
0.06963038
0.08246292
0.06199617
0.16211055
0.16625082
0.06711581
0.07313426
0.05894084
0.05154449
0.12005132
0.07087145
0.15991969
0.16790880
0.15956700
0.14863023
0.01928974
0.12377035
0.10250188
0.05197193
0.05682136
0.11281698
0.14685772
0.02502541
0.05372530
0.09039085
0.05134839
0.09768811
0.10646642
0.17709237
0.09681129
0.10628792
0.07674190
0.11313738
0.10484967
0.10117003
0.06833592
0.04324262
0.11513244
0.16244726
0.20424061
0.09101783
0.08208331
0.08998708
0.20555572
0.20178460
0.15093839
0.08217248
0.05531209
0.07691195
0.05317271
0.08314633
0.04374569
0.07361823
0.08936858
0.06540624
0.04522812
0.07204887
0.09368949
0.09718814
0.05988038
0.10208222
0.06966729
0.08659459
0.02760086
0.11414964
0.21084180
0.13882712
0.16254936
0.09665353
0.07037418
0.13292404
0.12066330
0.09846421
0.11344623