0.16700435
0.90824407
0.91334063
0.92783594
0.87240100
0.91919690
0.92066747
0.92074746
0.94790769
0.92612058
0.94278502
0.92190003
0.94079828
0.93778414
0.92797261
0.93008959
0.92262059
0.91135192
0.94247538
0.94327009
0.93423599
0.92184293
0.92048818
0.89502543
0.91898382
0.93609804
0.92846513
0.93084490
0.92133254
0.94026434
0.93179595
0.92681384
0.91833299
0.93175596
0.91615450
0.94788927
0.93551528
0.89772880
0.93448728
0.90963781
0.93156838
0.94490486
0.94808197
0.94442713
0.92618448
0.93024367
0.91866285
0.90945888
0.92667085
0.92682922
0.93688124
0.91253257
0.92687887
0.94771314
0.92173719
0.94153535
0.90895998
0.91551399
0.93765903
0.93004751
0.93567777
0.93382525
0.93117434
0.93936592
0.91714853
0.92877394
0.91215014
0.93141919
0.92351496
0.91685402
0.91651124
0.93037033
0.92660201
0.93635267
0.92003679
0.92923218
0.90070748
0.92247510
0.94162285
0.92959440
0.92790675
0.93403214
0.94325560
0.93039495
0.94289088
0.94350547
0.94241476
0.93516368
0.91670853
0.93461603
0.94469118
0.92824244
0.93352133
0.93308580
0.93215340
0.93260735
0.93969816
0.92065084
0.90422404
0.93366539
0.91793686