0.13454574
0.85418719
0.86456925
0.87191129
0.82528394
0.81496733
0.84704500
0.84019095
0.81278157
0.84971780
0.86543393
0.80146581
0.84093642
0.80093789
0.78044671
0.82294387
0.85971266
0.85944688
0.67856574
0.72030616
0.70520264
0.86710638
0.87239832
0.77435106
0.78019714
0.74351370
0.86608320
0.85808176
0.87525779
0.86249930
0.83017433
0.84792113
0.85126144
0.82320666
0.81570524
0.78534561
0.71206099
0.77649546
0.77873391
0.84652901
0.85088354
0.71076101
0.80320340
0.86080873
0.78204614
0.83954775
0.82657766
0.81080848
0.80172509
0.79046458
0.73105299
0.82962251
0.83759063
0.84463805
0.82091081
0.71694595
0.68242610
0.84858948
0.88269728
0.80049813
0.62734777
0.83416396
0.86410385
0.78203553
0.77428836
0.76661116
0.55771661
0.66734505
0.76489937
0.80406141
0.81584573
0.71447402
0.65616387
0.72685128
0.83267248
0.84272528
0.84900647
0.72011375
0.80847549
0.73932546
0.76257050
0.71509904
0.68200350
0.75098222
0.87263954
0.77918077
0.84488535
0.74730337
0.87332225
0.74797404
0.78976226
0.83780557
0.78704405
0.79013163
0.69191879
0.65072519
0.71348739
0.70784396
0.74403459
0.81352317
0.69124866