0.11078583
0.30383319
0.48749885
0.70018250
0.74193460
0.81832743
0.79783899
0.83858103
0.81525171
0.82686526
0.82467455
0.81473726
0.85776621
0.83777022
0.85366178
0.88412094
0.91419464
0.91356832
0.88089591
0.89742923
0.87554878
0.89403379
0.88974851
0.85267222
0.82406068
0.86189061
0.89004576
0.86843240
0.83041728
0.72872114
0.76881629
0.76710075
0.71278030
0.81358510
0.79517823
0.72228020
0.77297699
0.74542654
0.83129114
0.84956694
0.85027426
0.79713720
0.78233266
0.79368079
0.80465698
0.86388946
0.81890565
0.83406520
0.86058259
0.86105531
0.87095171
0.79498643
0.79778975
0.76267511
0.75539678
0.81984687
0.83348298
0.84157813
0.79174441
0.69864053
0.61708921
0.84689820
0.83084112
0.76612139
0.80132025
0.85827798
0.81321472
0.79366982
0.84259987
0.85161078
0.86049825
0.82410520
0.88765353
0.88876992
0.83846831
0.79237074
0.84357011
0.80109024
0.72435015
0.65140098
0.63269782
0.67073649
0.74928558
0.82556611
0.83644515
0.86258745
0.88074702
0.88556427
0.88237399
0.87517160
0.87821126
0.82526529
0.78570718
0.68347204
0.81244761
0.83650708
0.81695122
0.85087615
0.84705716
0.83811456
0.87170255