0.08970623
0.13401258
0.29853779
0.14000876
0.01835171
0.09958158
0.14089319
0.18362647
0.08030755
0.09803592
0.16362914
0.14012833
0.03747766
0.12143227
0.12244971
0.13395654
0.13771471
0.15178448
0.06643812
0.04347724
0.13866547
0.12557787
0.07586934
0.11081017
0.12255547
0.07454392
0.15462874
0.06654471
0.05255090
0.07033763
0.07330225
0.12818772
0.04865209
0.12030410
0.08343363
0.07121710
0.12612696
0.11609332
0.02172377
0.14914660
0.16415639
0.10457780
0.12136752
0.08700152
0.03218900
0.01684493
0.08687594
0.10401460
0.16471535
0.14220667
0.06819961
0.08963732
0.04080253
0.10911840
0.24899015
0.06459455
0.14561726
0.11022609
0.11562152
0.12890023
0.04462509
0.11259727
0.04369839
0.07395208
0.13025677
0.12440470
0.04609529
0.11314263
0.10552216
0.06446820
0.09715383
0.07844669
0.09578375
0.08646035
0.08967638
0.06574101
0.11347931
0.08404464
0.20064488
0.01806164
0.09353487
0.08333568
0.08853320
0.10331729
0.09789161
0.04067418
0.08117318
0.04079206
0.01585516
0.11284229
0.15038064
0.10814089
0.11643361
0.06015999
0.09714150
0.20675305
0.15874329
0.03680189
0.07219780
0.10144020
0.17563778