0.12501109
0.77404135
0.83059675
0.75068659
0.79039311
0.80262709
0.75923407
0.74777603
0.84778351
0.82819283
0.81335479
0.82832736
0.72498965
0.69614619
0.83618444
0.83823657
0.82139826
0.77027369
0.86720085
0.84571779
0.80033278
0.81888944
0.82897955
0.82141978
0.76115608
0.81507361
0.82392389
0.85838842
0.86875969
0.84181398
0.84987909
0.88032168
0.80133194
0.84587646
0.85714453
0.82458115
0.84083903
0.77411562
0.87295461
0.84041595
0.84408700
0.87045652
0.84870440
0.82575852
0.84044206
0.84543115
0.84832084
0.86320847
0.84039909
0.86013603
0.85300219
0.86723244
0.82446229
0.81069213
0.78914893
0.81549460
0.79190469
0.75761116
0.85231239
0.86048800
0.82501990
0.81265861
0.84701425
0.75765574
0.84069574
0.83346963
0.77659625
0.84658504
0.83545417
0.84433401
0.87271982
0.83096945
0.87685770
0.81379896
0.85293776
0.83688235
0.83943534
0.78510249
0.82615072
0.85426545
0.84551966
0.85965902
0.85781020
0.83959746
0.83858645
0.86332339
0.81167924
0.82189894
0.80164397
0.84539151
0.83647484
0.83695382
0.72516328
0.78790879
0.88773817
0.85168576
0.88865721
0.84344655
0.83833373
0.83447301
0.82705474