0.14341784
0.08047039
0.19631924
0.07345209
0.13525695
0.05350460
0.06064405
0.10215462
0.08849213
0.09534342
0.12177625
0.11721189
0.05429661
0.11953653
0.11846147
0.07730848
0.08704022
0.01906897
0.04825713
0.08440115
0.14236265
0.14948277
0.18592407
0.18697189
0.07462952
0.13471307
0.11490802
0.07154534
0.05686329
0.06121543
0.08032972
0.08981813
0.10627069
0.07542336
0.13350742
0.12386556
0.09104863
0.09575492
0.10072081
0.13150363
0.05707588
0.08528556
0.11596680
0.14655221
0.07508311
0.06870434
0.10552128
0.16850750
0.09562294
0.10866127
0.07552230
0.07235870
0.16464227
0.14260174
0.11810657
0.05958163
0.08617122
0.12795256
0.07323276
0.11528958
0.07386682
0.16844499
0.14570272
0.11936396
0.10058650
0.10095514
0.09416635
0.08237215
0.14694750
0.10074029
0.12283126
0.14946893
0.05741695
0.04767026
0.09205967
0.16332594
0.09491276
0.12615189
0.17374504
0.04640249
0.03833132
0.11489782
0.04331442
0.07770654
0.04664183
0.05350123
0.09560350
0.08788070
0.14868467
0.13368425
0.09119156
0.09096525
0.10813683
0.04978523
0.06651878
0.10981921
0.08854758
0.06900893
0.10466695
0.10950375
0.05713024