0.26633909
0.44228387
0.59637558
0.53773582
0.54584181
0.64070868
0.52614295
0.64742422
0.73449659
0.71950835
0.68211919
0.61710763
0.71078354
0.72301692
0.74938691
0.77264595
0.71477127
0.69181526
0.60522521
0.77999818
0.73954231
0.68853301
0.65890670
0.68377823
0.64583951
0.62972558
0.66554034
0.63836730
0.59191775
0.53064406
0.61041731
0.66261977
0.67975068
0.61876059
0.62589782
0.60281730
0.48394042
0.51425493
0.62212580
0.52990985
0.58668417
0.69947606
0.66554582
0.66314936
0.66996032
0.72727311
0.65070242
0.61812752
0.63632244
0.68913478
0.73687494
0.72201157
0.69415915
0.78691429
0.63961899
0.65393281
0.66745734
0.63346678
0.61268812
0.66347474
0.68878400
0.75715137
0.62861574
0.51184088
0.49639198
0.50347209
0.46053216
0.65765595
0.60551202
0.72883004
0.74265909
0.57047158
0.59329486
0.56098223
0.64688760
0.69023710
0.65717036
0.69649947
0.72692382
0.70735061
0.70754921
0.59206378
0.57931590
0.71739274
0.68782991
0.62892526
0.58537066
0.62025714
0.74381822
0.71159530
0.74194127
0.69606870
0.68618447
0.67622793
0.68872374
0.70952451
0.66354048
0.67227119
0.64954209
0.67808187
0.71991992