0.06718107
0.11279477
0.03725944
0.08281627
0.06183841
0.14486146
0.08858857
0.07376578
0.15350150
0.13032070
0.09154933
0.17842557
0.09855777
0.04813021
0.07870299
0.14120235
0.07637724
0.10638013
0.09337642
0.11572070
0.08562399
0.06647453
0.07328533
0.05551495
0.06563022
0.11365616
0.05631895
0.10972390
0.11072513
0.03775830
0.09787732
0.08734853
0.11729494
0.13396163
0.10099244
0.10760446
0.09482602
0.12633222
0.13058735
0.05337830
0.09632513
0.06634941
0.03522163
0.05068033
0.12117351
0.08636612
0.09597328
0.07243124
0.02991613
0.11627610
0.07388332
0.07570086
0.11224587
0.08554347
0.08683726
0.07261317
0.11930977
0.12198552
0.09450379
0.06928585
0.04080488
0.07150929
0.12154119
0.09370778
0.04215535
0.03491864
0.06459785
0.05590604
0.13971335
0.11284517
0.11700277
0.08666717
0.21977405
0.06792650
0.07905155
0.19762236
0.13267322
0.11010998
0.06672566
0.08374771
0.07381990
0.06900695
0.13440627
0.08967556
0.09948857
0.19138744
0.06937417
0.08201745
0.13232918
0.20838539
0.08092503
0.03933347
0.11749405
0.00921739
0.11225939
0.16907831
0.11539314
0.08554223
0.06721092
0.03199296
0.08532105