0.08586100
0.93718880
0.93869668
0.92192817
0.94239372
0.93606377
0.93503904
0.93810683
0.93929642
0.92148679
0.95278502
0.95689565
0.95119315
0.96001416
0.97264719
0.96477813
0.97860473
0.96372169
0.95997787
0.95132393
0.96566230
0.95214057
0.93488145
0.96723831
0.97356552
0.95702523
0.97281694
0.96315974
0.96349829
0.97111940
0.95632368
0.95583504
0.95293564
0.95672315
0.94508612
0.93618834
0.94706154
0.95460200
0.97120398
0.95099556
0.95378512
0.95432335
0.93731254
0.94567108
0.94399810
0.94155127
0.94772738
0.93368584
0.95724452
0.95490074
0.95449483
0.95505452
0.96058267
0.96398818
0.95319295
0.95371699
0.94871056
0.93449283
0.90956134
0.94557047
0.89943051
0.95048803
0.91850883
0.92140275
0.93101156
0.96182013
0.94275171
0.95139426
0.94617414
0.95792586
0.93039137
0.93294734
0.94351441
0.93110985
0.93623763
0.95004892
0.96500808
0.94002181
0.94258714
0.94432777
0.93570524
0.95885462
0.94634575
0.95184952
0.96090007
0.94631612
0.95659316
0.95692688
0.93917310
0.95745939
0.96901411
0.93447089
0.95716912
0.95568442
0.95111144
0.95005316
0.93149549
0.95566535
0.95488620
0.93778861
0.94367522