0.06375539
0.09295128
0.47302645
0.65790296
0.76751405
0.78858840
0.81556249
0.79781890
0.83132327
0.82192832
0.70134664
0.67266655
0.74529886
0.81000018
0.87080485
0.77533823
0.89215964
0.88478601
0.86545074
0.89580894
0.88407546
0.90503013
0.90076149
0.88699752
0.90618652
0.85436547
0.83210295
0.82124680
0.87626004
0.85826951
0.87612939
0.88023239
0.83648813
0.78867060
0.85545653
0.88064194
0.86587256
0.86057001
0.88190895
0.84596330
0.89512163
0.88194716
0.90895605
0.89979315
0.89093089
0.86166388
0.92152673
0.89495492
0.87979859
0.84254485
0.86556566
0.83098829
0.89072520
0.83528161
0.85970110
0.81747842
0.81548017
0.84897012
0.82952327
0.72998047
0.79265428
0.85898238
0.89969254
0.86291128
0.83865911
0.84857607
0.80472201
0.88357025
0.87916672
0.85831022
0.87489641
0.81762779
0.90913910
0.84176099
0.86801857
0.88757551
0.86640501
0.84657991
0.90352190
0.89618027
0.88526922
0.89556468
0.83505607
0.84157896
0.84437746
0.85293615
0.83119363
0.85403550
0.87485313
0.85568273
0.90144724
0.88897520
0.86456716
0.85456580
0.84668314
0.73889577
0.74594933
0.78099519
0.88772535
0.86144823
0.82660913