0.13948847
0.75845391
0.76368958
0.77967209
0.76316500
0.82256866
0.79201025
0.72755814
0.81129861
0.83797491
0.78435516
0.85527152
0.86595082
0.86640739
0.83097130
0.86457002
0.86001891
0.79725844
0.82681429
0.80944413
0.79131049
0.81645477
0.83801872
0.79196900
0.79684830
0.81324250
0.84401292
0.88745189
0.86434889
0.84823716
0.79558164
0.80912799
0.81211263
0.82755148
0.84593260
0.85665476
0.90245980
0.85456687
0.86329705
0.81720507
0.84272361
0.85895044
0.85656500
0.79566693
0.84718466
0.84127378
0.74370039
0.85514444
0.86384904
0.77632546
0.82120085
0.82419240
0.79469919
0.77691913
0.85283720
0.81208646
0.83454400
0.81902277
0.67068827
0.83552957
0.81452477
0.83233732
0.84398758
0.81250417
0.83030683
0.87006843
0.82235336
0.82110262
0.85739511
0.85191172
0.88025916
0.84093237
0.82410723
0.81113678
0.78023165
0.86327642
0.78951210
0.85648608
0.76345712
0.74777299
0.79090917
0.80840772
0.81679130
0.85290849
0.83634561
0.84548020
0.81195605
0.83865350
0.78719133
0.83122039
0.85936266
0.76262021
0.85626721
0.82790858
0.86996603
0.84166259
0.88004011
0.85785109
0.83996713
0.85943437
0.80015337