0.06721490
0.74690175
0.84837323
0.85790789
0.88294518
0.81099600
0.83470994
0.78876251
0.83563346
0.88113368
0.86725825
0.86747009
0.83486903
0.80567741
0.86015397
0.83155555
0.82790583
0.87723953
0.82114393
0.84991038
0.87636983
0.87216395
0.82541037
0.87337953
0.82399374
0.85409933
0.87837291
0.85600853
0.86181045
0.85743612
0.80357444
0.84344518
0.84085852
0.80934042
0.86134338
0.85696512
0.87480712
0.87080646
0.86512804
0.87985551
0.76018941
0.74835145
0.84222621
0.88835776
0.88882154
0.88024938
0.88496172
0.89202803
0.86638713
0.87532175
0.84474891
0.89778978
0.90524882
0.87510186
0.87271911
0.92098755
0.88465780
0.89980376
0.91854769
0.84009314
0.85065842
0.90202981
0.89541137
0.88378328
0.84148544
0.90510428
0.88066101
0.88529497
0.87734032
0.86264771
0.86109251
0.85001510
0.88084626
0.91011238
0.87597525
0.83302909
0.87527537
0.86839950
0.89077532
0.80355400
0.88126594
0.85969400
0.86780924
0.86968195
0.83352488
0.86047423
0.83926684
0.83765388
0.81182313
0.90183532
0.84924036
0.89694291
0.87745285
0.87508017
0.87061608
0.83914137
0.84374213
0.85622138
0.87865591
0.83691192
0.86356986