0.06924482
0.11702085
0.07381818
0.15525287
0.07831711
0.20346858
0.10924170
0.07904713
0.04834589
0.10727483
0.10933188
0.08955625
0.03943808
0.08880343
0.12746772
0.11192272
0.17027473
0.17762987
0.18014130
0.02441111
0.08843318
0.13490835
0.09034804
0.06055810
0.07540179
0.03056196
0.06940355
0.14425726
0.17281851
0.07164325
0.14060947
0.15972710
0.07513542
0.16653259
0.06780569
0.02679841
0.12108029
0.08509824
0.05819907
0.08116104
0.13797905
0.11237108
0.17551491
0.08886974
0.10726615
0.11923688
0.10988680
0.10758454
0.05030578
0.05267864
0.09922607
0.09070004
0.10794867
0.06315351
0.12104750
0.11801512
0.03175895
0.06644666
0.08642326
0.07550052
0.08832598
0.08897157
0.04613492
0.04979818
0.17080306
0.07809752
0.11920878
0.14631848
0.05063817
0.08682609
0.07533437
0.09005237
0.15958986
0.06959450
0.05465402
0.02731499
0.13844274
0.06626721
0.05235814
0.07257443
0.04110869
0.12600394
0.08501626
0.07973742
0.11531249
0.12259293
0.04644942
0.10939394
0.09847863
0.15045597
0.05982663
0.01411456
0.12611495
0.05813608
0.11828594
0.05798471
0.02900731
0.03677951
0.07094951
0.14073271
0.13385303