0.11438119
0.18568572
0.07562903
0.12253632
0.07373270
0.11417335
0.10274295
0.07860246
0.07700828
0.04658171
0.08157931
0.12457163
0.08209749
0.08554550
0.07128677
0.10049347
0.11635190
0.08628288
0.13087219
0.07904688
0.08673722
0.11646122
0.13170023
0.08676314
0.11071923
0.12116446
0.12979575
0.05063502
0.07158349
0.15594234
0.09536801
0.05126091
0.03524241
0.05919063
0.04885645
0.07287735
0.07980170
0.10024111
0.06859493
0.15472750
0.21393517
0.14965661
0.11059607
0.09653087
0.05627977
0.12908837
0.07587103
0.09287522
0.17722689
0.09029444
0.07900579
0.07250095
0.06468924
0.13856556
0.10728775
0.05242491
0.11649475
0.09684426
0.04861288
0.02646715
0.17182288
0.12161712
0.11319131
0.06154083
0.12720418
0.16914159
0.05131333
0.12978539
0.08795121
0.12598032
0.03094433
0.04045440
0.07474839
0.09527621
0.15070729
0.12861389
0.08148373
0.12933809
0.07796971
0.12591594
0.09125519
0.07248800
0.07431625
0.14376593
0.12978803
0.10327043
0.11407528
0.07775326
0.13547923
0.08857837
0.08796740
0.05431013
0.21113043
0.12697688
0.10050318
0.07160877
0.14973618
0.13075554
0.08157440
0.07734491
0.15264198