0.06360167
0.09681109
0.05381550
0.15715505
0.20010857
0.11504647
0.06189108
0.07590199
0.13894048
0.07372879
0.09276951
0.07571895
0.10138491
0.08235506
0.15996146
0.04789144
0.08026448
0.03863804
0.14024343
0.05310109
0.12007496
0.16146451
0.16031244
0.01337280
0.02877479
0.08312523
0.10756716
0.05257811
0.08701797
0.18914950
0.15796787
0.07849934
0.10745623
0.09156933
0.07800592
0.13481277
0.01921459
0.12335858
0.11507648
0.11081579
0.11919400
0.10054924
0.08165850
0.07408521
0.13394594
0.07799055
0.09130707
0.10180294
0.11611568
0.06334646
0.11853160
0.07775223
0.11685088
0.13456731
0.01898359
0.10894516
0.21044716
0.05048798
0.05878233
0.10263614
0.07829130
0.03994090
0.01181427
0.07108922
0.09089130
0.10581313
0.12915856
0.07368364
0.10633941
0.10778785
0.12921338
0.14244246
0.05645571
0.14869249
0.08555406
0.04835444
0.07274795
0.10970595
0.08738793
0.14029235
0.09452131
0.06845566
0.07420097
0.12683366
0.11179371
0.08466864
0.08201943
0.06479736
0.06856490
0.06559430
0.06111520
0.07990998
0.11703815
0.03807164
0.05199777
0.07655688
0.15742542
0.05681896
0.07058842
0.09223017
0.09214577