0.14341784
0.81925237
0.89721888
0.86449766
0.90153360
0.79540533
0.86331719
0.86870086
0.88390511
0.86473185
0.90157628
0.87474191
0.87770963
0.83338493
0.87628335
0.89002329
0.81809860
0.83168954
0.84005934
0.87369019
0.81983703
0.86502951
0.81943041
0.85568166
0.88052797
0.87741262
0.87634093
0.88640124
0.89687204
0.89323622
0.88599700
0.84175575
0.86411405
0.88848680
0.88460249
0.85083181
0.85615045
0.89533705
0.89773196
0.88874382
0.83825982
0.83265042
0.89346141
0.80479205
0.66925210
0.83826184
0.87861067
0.89341527
0.87408835
0.85867471
0.89085221
0.88388997
0.87984604
0.89417785
0.87039953
0.90971452
0.87042010
0.84748864
0.84819955
0.70264137
0.81772012
0.88095063
0.87023765
0.82453364
0.82796073
0.76446313
0.86129069
0.81241626
0.84137559
0.81088603
0.84139496
0.89505041
0.87272155
0.86493826
0.85150582
0.82798707
0.85031921
0.84066916
0.88964790
0.80032486
0.90165025
0.90290701
0.89335108
0.86208034
0.90082365
0.91090250
0.90370542
0.87079448
0.88584429
0.84525001
0.83974677
0.86371636
0.89298737
0.87997919
0.88196206
0.84966815
0.86308426
0.82720053
0.87662774
0.87869394
0.80978829