0.15018468
0.89062315
0.88002288
0.86170983
0.89705741
0.91434157
0.91725057
0.85131353
0.89599782
0.84099442
0.86907655
0.82288361
0.88276809
0.83766508
0.90291405
0.87768400
0.88815337
0.89109606
0.90297258
0.88955605
0.89625466
0.84960485
0.91015935
0.89987791
0.88683295
0.90140587
0.90430433
0.86752325
0.88433421
0.87280458
0.80070174
0.88191503
0.86504191
0.90267485
0.90615898
0.87373519
0.87104052
0.91091424
0.86709970
0.88140684
0.85683787
0.88257861
0.89147562
0.84419763
0.88167024
0.88699538
0.79681212
0.89508229
0.89778411
0.86662412
0.88136536
0.92278022
0.89592683
0.89693469
0.89171183
0.89527017
0.88882655
0.89624864
0.87715739
0.90204519
0.87187529
0.88999063
0.88723993
0.87224609
0.89097333
0.88878012
0.89075202
0.89066100
0.84423029
0.89574456
0.88761348
0.87615067
0.84574294
0.89739144
0.89939392
0.86388475
0.88425046
0.89469218
0.91454917
0.92220998
0.90789706
0.89019305
0.88103318
0.88827568
0.85953271
0.88140213
0.89689344
0.88048613
0.86670488
0.89246976
0.89712220
0.85621017
0.90625018
0.85355455
0.86492753
0.84873337
0.83558726
0.85374403
0.87370473
0.85372782
0.85968649