0.10072691
0.05337279
0.12347206
0.15238662
0.09865580
0.10856053
0.03079290
0.07896877
0.08734870
0.07663073
0.16908056
0.11382437
0.02890420
0.02763722
0.07929196
0.20720775
0.11704696
0.16090722
0.07621767
0.11809215
0.09613004
0.11546526
0.06170683
0.05185699
0.06207087
0.01196324
0.11020184
0.17986824
0.10690247
0.08260072
0.14644744
0.07710256
0.05439021
0.06975242
0.09213932
0.08637153
0.08425172
0.10916021
0.10407230
0.12476253
0.09787472
0.03707015
0.09509646
0.06521439
0.08521711
0.10123679
0.06753185
0.10594927
0.06763360
0.05090524
0.08089752
0.04409483
0.14290079
0.05922034
0.08445723
0.10474528
0.06838571
0.08962302
0.12333138
0.09013483
0.13768758
0.04816726
0.12101170
0.09519451
0.10264447
0.08493488
0.05473207
0.17420161
0.06009475
0.07331678
0.03098099
0.07398286
0.04871542
0.02581596
0.06528903
0.07146335
0.08680207
0.14723712
0.06156535
0.10620050
0.11291514
0.07222961
0.07870514
0.03791642
0.15848587
0.09924327
0.17357185
0.05220873
0.15918052
0.06786657
0.10289612
0.08787479
0.09590417
0.06363176
0.07494006
0.08535757
0.15740098
0.05553774
0.14046727
0.11428954
0.05663216