0.06924482
0.02030870
0.05481729
0.07660106
0.09242760
0.13261288
0.08857650
0.08000544
0.14349504
0.15759045
0.05402352
0.06325964
0.07239982
0.03950510
0.09487170
0.02978288
0.09720785
0.04618710
0.15554032
0.04622589
0.08713944
0.04589675
0.07496838
0.17684104
0.12663436
0.10040154
0.05071320
0.06411136
0.05221929
0.06755246
0.13472733
0.10251506
0.16075538
0.17196445
0.12011944
0.11868678
0.06434138
0.13703808
0.04949447
0.03923231
0.09742481
0.07714786
0.04790475
0.05470037
0.11100116
0.06967711
0.13847426
0.06185629
0.11042760
0.03254984
0.09277257
0.02884900
0.02677726
0.18293121
0.13620847
0.09239644
0.05998807
0.08484259
0.20397365
0.08775888
0.11790946
0.07839110
0.07048799
0.08544306
0.06210322
0.07110378
0.14168857
0.05971522
0.09372893
0.06073380
0.02234092
0.03428499
0.08928239
0.06668666
0.09687632
0.19930588
0.14521427
0.05283751
0.06323955
0.13038293
0.11178733
0.08617022
0.08175026
0.06751121
0.12814687
0.22144468
0.07565363
0.07679572
0.13968115
0.11965186
0.13112967
0.05248864
0.08435270
0.02256218
0.13544112
0.11697613
0.06599183
0.17532159
0.08901544
0.11770818
0.05605472