0.06924482
0.27750674
0.33338696
0.43289500
0.36347353
0.37213418
0.38537228
0.35211194
0.46128598
0.57811838
0.67687821
0.62224269
0.66669810
0.60516721
0.62205166
0.66652113
0.62277448
0.59258151
0.65688026
0.67823964
0.72672659
0.64660573
0.63766408
0.66914785
0.65070570
0.59821123
0.62090772
0.56302929
0.45332122
0.46715501
0.37608838
0.46564236
0.25194764
0.42908850
0.40721321
0.55771613
0.53488070
0.58956826
0.63845247
0.50954348
0.71107352
0.62145054
0.75458205
0.71817458
0.67781752
0.51362687
0.49413145
0.55246943
0.68444169
0.71345055
0.74631220
0.73864478
0.68954605
0.76118177
0.66276628
0.57811642
0.31458423
0.16369438
0.19337021
0.41094121
0.50763667
0.62286907
0.57903099
0.50729173
0.50413477
0.63445193
0.73795027
0.72886801
0.49171716
0.61650234
0.64078254
0.57017225
0.47846726
0.35418957
0.52296281
0.64933592
0.56864619
0.57164103
0.60315114
0.64659834
0.48482281
0.59494114
0.63774180
0.58010745
0.55619448
0.33169708
0.52713466
0.66632670
0.67746007
0.60208726
0.51630229
0.60802644
0.65863359
0.50813359
0.59068888
0.68158126
0.73057091
0.47036877
0.25426528
0.33988246
0.61245495