0.16700435
0.89900815
0.92947006
0.92518592
0.92778826
0.91523749
0.90332502
0.90959281
0.91425097
0.91442436
0.92978996
0.90324861
0.90260297
0.93372452
0.92488039
0.91931063
0.94346499
0.93112200
0.92378837
0.92163926
0.90303564
0.91974062
0.92321503
0.92558295
0.90853125
0.90832812
0.89709479
0.92479509
0.90440863
0.93546218
0.90877569
0.88978255
0.89573753
0.93597829
0.92617697
0.92175353
0.91552216
0.91266465
0.92454028
0.90044516
0.93168175
0.92771995
0.92341155
0.94306600
0.91284335
0.93797648
0.92222643
0.90459907
0.93359256
0.92174101
0.93114823
0.88544899
0.90000045
0.91719770
0.92812997
0.93849975
0.90070999
0.92546952
0.92447817
0.92230392
0.93850714
0.92058390
0.92350113
0.92775035
0.94061285
0.93536484
0.94504249
0.92960376
0.92636162
0.92752916
0.91990393
0.92482686
0.92855364
0.93733764
0.91495591
0.91587669
0.92732924
0.92439753
0.93255967
0.94225603
0.92651504
0.92743033
0.93096024
0.92409480
0.92696846
0.93227392
0.93769860
0.91988152
0.92999238
0.92790967
0.91969961
0.91042852
0.92732453
0.89598012
0.93512267
0.93365169
0.92380226
0.90378225
0.89782435
0.89888239
0.93227983