0.09290066
0.02847207
0.08309579
0.16983120
0.12572706
0.11092560
0.10100302
0.08028538
0.08288946
0.13478965
0.04972256
0.04396706
0.06507204
0.05578187
0.03396909
0.08732645
0.19101898
0.09314184
0.11943429
0.10360422
0.06376521
0.05887903
0.12225812
0.14573312
0.05783207
0.06188040
0.06524085
0.07693525
0.05110658
0.03937071
0.17707641
0.21370110
0.08228108
0.14983469
0.08179468
0.11913851
0.06675155
0.07423088
0.18365212
0.08253697
0.08385407
0.10880858
0.03931762
0.09884239
0.03791539
0.12477088
0.10979942
0.14969459
0.10380152
0.10847539
0.10736608
0.07267924
0.10266845
0.10432312
0.06876218
0.03398414
0.04841278
0.08993848
0.11612672
0.07078522
0.09217644
0.06409578
0.10131846
0.10261816
0.10957895
0.14221036
0.08414354
0.04715890
0.05204649
0.11622651
0.10367277
0.05344971
0.02812952
0.02683943
0.03099208
0.06785922
0.09267933
0.10592502
0.13089244
0.14646950
0.18243128
0.05244599
0.15317890
0.09009483
0.14146124
0.03448312
0.16307501
0.07050253
0.06388401
0.14693303
0.06101302
0.05585869
0.11494028
0.17674093
0.21975765
0.09559791
0.10518777
0.06237948
0.07587588
0.09238474
0.06898972