0.01929289
0.89996094
0.90199059
0.89234811
0.87879831
0.89717865
0.89734930
0.89470857
0.91453081
0.89423555
0.87125570
0.88288766
0.87359995
0.87709272
0.89711845
0.84198850
0.89347625
0.91659707
0.91095740
0.91688979
0.91180801
0.89874387
0.85839248
0.86411041
0.90275538
0.90393209
0.89389062
0.92431223
0.91468382
0.90110755
0.91098040
0.87811178
0.86356819
0.87750870
0.88869566
0.86603600
0.89488775
0.88910538
0.89174294
0.89369065
0.89609057
0.91224420
0.90330702
0.88742173
0.87816423
0.87984550
0.91892350
0.92387933
0.89312959
0.91270965
0.90370679
0.87262708
0.90031624
0.89859253
0.89548296
0.86282945
0.85706276
0.84180588
0.88909864
0.90231413
0.86314505
0.92105681
0.92102790
0.90204430
0.88855612
0.89190507
0.88757187
0.86749494
0.87874550
0.89105535
0.89417619
0.84317148
0.83594269
0.90319169
0.89942384
0.88853782
0.92555487
0.88729769
0.90006882
0.93246156
0.92513502
0.88829583
0.92882204
0.89363325
0.89020818
0.92602140
0.89685494
0.88305420
0.89603293
0.90875834
0.89931870
0.87466699
0.88806784
0.88568151
0.89562678
0.89538598
0.89391267
0.92301500
0.87071037
0.90894121
0.77569216