0.11512381
0.16439503
0.26641396
0.29347235
0.38727447
0.43599036
0.45691201
0.45374283
0.45233425
0.50991178
0.52835393
0.26072606
0.45100966
0.37436119
0.55728841
0.37698287
0.47983426
0.38991728
0.38740647
0.45455846
0.40067199
0.32488826
0.45145494
0.43424785
0.36133218
0.12601557
0.12603292
0.16233614
0.24332203
0.24304177
0.21155962
0.38346115
0.38112828
0.32330224
0.55465037
0.41048801
0.40269345
0.45032918
0.55905133
0.52664787
0.43888608
0.41730583
0.59320074
0.36000302
0.50558770
0.52961397
0.41564474
0.37402329
0.34310305
0.27713355
0.32530659
0.33683446
0.33834440
0.47573349
0.50288057
0.52663630
0.46382126
0.34161195
0.40091431
0.50712675
0.61509556
0.55919588
0.52549154
0.54950887
0.54612488
0.57733780
0.66786766
0.69819051
0.47368115
0.43038419
0.61096692
0.50482547
0.43033576
0.48530138
0.42264214
0.58281034
0.45513475
0.47735730
0.40035275
0.44836009
0.40549427
0.45004255
0.56250918
0.58131105
0.71151567
0.65613365
0.66470230
0.59303492
0.63744646
0.58678198
0.65604973
0.63263154
0.56787843
0.59255987
0.59881997
0.54400551
0.57022846
0.56580579
0.53152078
0.58281630
0.43661144