0.08263827
0.92499030
0.93444180
0.91755998
0.92675173
0.93785089
0.92708296
0.92937517
0.92974699
0.92099464
0.90877634
0.92212766
0.93016034
0.92758673
0.92741317
0.93848479
0.93112803
0.93762225
0.93488830
0.92366254
0.93076807
0.90987176
0.90932173
0.91377795
0.90915388
0.91198695
0.91812921
0.93029755
0.89077520
0.91798395
0.90961128
0.93048692
0.91166443
0.90959895
0.91155326
0.93284589
0.93262291
0.93537599
0.92217880
0.94320488
0.93199748
0.95991486
0.95331907
0.93845779
0.93093699
0.93625212
0.94268113
0.94884986
0.92742747
0.92842573
0.93124247
0.93717140
0.94178218
0.92286509
0.93518341
0.93703896
0.91466504
0.92748159
0.91954470
0.92538661
0.92912394
0.93632925
0.93165350
0.93423963
0.93483520
0.94190490
0.94136596
0.91503924
0.93306017
0.94321305
0.93303663
0.93381661
0.94203353
0.94826293
0.94259948
0.91322762
0.94474024
0.93667269
0.92420900
0.92321515
0.93920511
0.93551385
0.94503295
0.93304664
0.93418825
0.92739236
0.94206780
0.91637915
0.93238229
0.92980766
0.92324263
0.94060439
0.94514626
0.92753929
0.93687493
0.93254846
0.92261267
0.94237757
0.93468773
0.93949401
0.93369049