0.13413607
0.39126435
0.57811761
0.47524291
0.58220935
0.62566179
0.64448607
0.68619275
0.54859239
0.64328146
0.49711171
0.63574481
0.61064136
0.63181853
0.59652954
0.49098900
0.61313498
0.61871332
0.60617304
0.65992683
0.64867818
0.59070903
0.61066508
0.68799233
0.75360143
0.69047004
0.76309717
0.76007169
0.77294779
0.69994909
0.73176932
0.40907428
0.36134505
0.67979735
0.70338786
0.54376888
0.39846611
0.34911266
0.44260186
0.66599214
0.73633760
0.67171419
0.64240652
0.61238593
0.58736539
0.75962752
0.68237776
0.57435399
0.67442983
0.64495909
0.61094606
0.60925162
0.65826178
0.29722786
0.24590860
0.44691423
0.50607765
0.44404182
0.43866366
0.26501626
0.16116832
0.25541940
0.19785708
0.19666326
0.51482332
0.59257370
0.56654459
0.59128624
0.61431372
0.72816145
0.68836969
0.69944090
0.63925064
0.62115943
0.60235560
0.72281790
0.66421771
0.65798980
0.53702134
0.68630010
0.67098761
0.63177443
0.58623570
0.63583010
0.65710521
0.60908449
0.60258973
0.67007673
0.65208977
0.64036590
0.74956888
0.70835871
0.71514457
0.67750567
0.64238715
0.54833710
0.61045164
0.63221079
0.56488782
0.56107426
0.62401050