0.16837636
0.80898744
0.80205858
0.84589821
0.80976206
0.86339575
0.84973562
0.88333994
0.85863799
0.87949234
0.89059061
0.88786966
0.88230592
0.88798851
0.88519442
0.89730042
0.88958931
0.89295477
0.82773268
0.86825871
0.87769777
0.82503051
0.82077181
0.88390160
0.87599725
0.83602256
0.87788564
0.86130571
0.91270882
0.89340955
0.85946935
0.85033113
0.85806155
0.88952518
0.88954026
0.87327385
0.81673110
0.85398781
0.85960340
0.77442610
0.82905787
0.84572554
0.88246989
0.80961168
0.86016715
0.81547004
0.88094217
0.76796687
0.86160123
0.85011637
0.85123056
0.86182177
0.83400309
0.85943633
0.88804352
0.86211967
0.86645800
0.88814658
0.87542379
0.89940721
0.92074686
0.88361496
0.90917367
0.89431930
0.87473023
0.84033030
0.86664301
0.86117315
0.86441731
0.82604051
0.87249643
0.89708650
0.87404191
0.86057848
0.90229362
0.86379462
0.85982221
0.88831294
0.89704347
0.87223810
0.89070272
0.89024979
0.88094163
0.83347839
0.88592720
0.88252521
0.88408250
0.85465521
0.84018308
0.83671004
0.83166498
0.83863616
0.87058157
0.85946923
0.86667037
0.89113951
0.89838618
0.91505098
0.90128917
0.88516271
0.87594682