0.11421080
0.26949614
0.37327126
0.50573629
0.51214576
0.59591925
0.45282319
0.48966721
0.59655017
0.64426529
0.63726240
0.56256557
0.66812271
0.64754409
0.65739989
0.47302586
0.48278248
0.36235741
0.34332928
0.57654333
0.64048934
0.61004937
0.65035802
0.66564804
0.57168013
0.52093148
0.37393779
0.42829308
0.57857704
0.58014822
0.50792897
0.41404620
0.51905668
0.60169244
0.60775030
0.52512223
0.54375929
0.40796331
0.57804078
0.62256843
0.65497869
0.53876680
0.58339047
0.55995876
0.63154525
0.54390222
0.59264886
0.58984810
0.51754892
0.53515267
0.51579773
0.57370007
0.50807524
0.39200661
0.44136864
0.54613596
0.61592644
0.65388852
0.69223094
0.72787684
0.66899163
0.68887240
0.66353798
0.53433841
0.54153860
0.56338960
0.64232612
0.69190061
0.52226090
0.62149674
0.64912641
0.67183197
0.75948167
0.71641129
0.65878558
0.67922312
0.70382220
0.55675530
0.42255092
0.57709527
0.44987008
0.60026419
0.56173378
0.62575984
0.57930571
0.59232366
0.53832525
0.40782577
0.46740535
0.56399173
0.57480222
0.65764159
0.66466051
0.58914942
0.66111887
0.64146531
0.68147284
0.69406146
0.64950967
0.69091088
0.72392184