0.09369902
0.06503110
0.17321537
0.16426748
0.11001045
0.25234151
0.06938948
0.04242250
0.13129614
0.07985260
0.11888780
0.03050608
0.07329384
0.12781507
0.15895340
0.08260547
0.05582495
0.05342699
0.13627812
0.08535579
0.04798163
0.10497428
0.10629132
0.10366395
0.04923512
0.04334607
0.06895116
0.06818154
0.11091271
0.12674855
0.08263829
0.08207591
0.07154920
0.07242186
0.04267657
0.10160157
0.19477382
0.13254367
0.07946869
0.06548000
0.17740510
0.08388970
0.06823229
0.07484384
0.07843168
0.07568537
0.04451328
0.07810822
0.09757034
0.08987155
0.22384186
0.06679170
0.07685512
0.13237914
0.08907285
0.12121341
0.06108340
0.11697112
0.09687234
0.12708375
0.05994784
0.05092411
0.03570711
0.04553809
0.12359843
0.07794094
0.11068968
0.05511199
0.04444168
0.14805014
0.10066641
0.10149839
0.09611805
0.09727686
0.03999715
0.09251230
0.11471328
0.05938937
0.14047517
0.10884914
0.11672350
0.06703415
0.12219353
0.08520682
0.16138656
0.08341683
0.10200892
0.11524309
0.09029140
0.06762797
0.08013371
0.05735965
0.10075200
0.10415042
0.10817201
0.04152746
0.15001841
0.16842681
0.03760713
0.06387938
0.11115137