0.06916220
0.11567008
0.10870858
0.05249346
0.10888703
0.07940196
0.06117522
0.02742361
0.09693063
0.05423201
0.08614020
0.18144399
0.17506388
0.08806413
0.12370741
0.05566804
0.07849149
0.17227651
0.13032548
0.11001981
0.05919890
0.10985882
0.11806703
0.14874320
0.12060415
0.13044164
0.22794139
0.05017450
0.06460143
0.06230759
0.10567537
0.10456818
0.05131210
0.09700493
0.09818738
0.02802357
0.11958575
0.06974569
0.09258785
0.07515865
0.19805057
0.14505486
0.12066372
0.04403050
0.09133419
0.10558002
0.10115971
0.06143140
0.06076573
0.05829233
0.07928494
0.11703651
0.06640013
0.08369257
0.06050828
0.08617286
0.11385314
0.07224201
0.03572186
0.18221931
0.07035807
0.08411979
0.07616872
0.16131145
0.19323722
0.08954198
0.02701795
0.10338011
0.11046859
0.02743505
0.11204846
0.12270981
0.11496368
0.10098968
0.12045806
0.10622278
0.09824584
0.06395838
0.05897957
0.07817901
0.07090415
0.09305675
0.05903821
0.11571367
0.06896678
0.03446817
0.12627821
0.10271536
0.02764460
0.09617550
0.07723973
0.07590775
0.04301732
0.03934814
0.07495395
0.08063777
0.08385985
0.03916557
0.08256596
0.13750266
0.04213699