0.01929289
0.11380181
0.42251420
0.59683132
0.60570055
0.67402685
0.73037905
0.72752470
0.71475953
0.70930982
0.70530510
0.65562648
0.75059265
0.77840751
0.68488622
0.64718926
0.66859782
0.63812125
0.59811419
0.74697268
0.70101976
0.62802029
0.73862451
0.70836180
0.59530300
0.47570083
0.44466054
0.65897340
0.60124868
0.30617270
0.33107567
0.45975730
0.73591596
0.75796211
0.67170942
0.59366870
0.70544058
0.71960634
0.72421670
0.80244696
0.71057928
0.79661882
0.69179499
0.73150092
0.71563524
0.75569636
0.75634801
0.80160975
0.75888765
0.77687758
0.79346299
0.72792083
0.69137681
0.76079458
0.75000328
0.82891566
0.75394911
0.65089089
0.71787095
0.59882921
0.45764539
0.61184067
0.57394797
0.67003280
0.68855894
0.72408897
0.75907022
0.66893417
0.66448891
0.75166547
0.72623283
0.55052143
0.62954289
0.67846644
0.73907202
0.75178671
0.68835497
0.66054749
0.73961467
0.77752078
0.79801840
0.74304062
0.71407068
0.65999430
0.75735956
0.74424291
0.73775393
0.75506830
0.60611898
0.72809929
0.77605516
0.75462526
0.69633293
0.77166617
0.70066679
0.77861184
0.67911893
0.65550113
0.74309111
0.79149270
0.65540171