0.08263307
0.18239905
0.15988249
0.17324197
0.09757341
0.06650767
0.14924221
0.20078126
0.33404937
0.19471017
0.13759762
0.22092716
0.40066552
0.41767132
0.43371046
0.20967695
0.36582536
0.31104463
0.26258075
0.46818107
0.30782199
0.45407939
0.38646957
0.38759270
0.37581307
0.32549328
0.40019116
0.43614507
0.27220362
0.46174946
0.44926688
0.33946645
0.36412024
0.29250982
0.18720061
0.48451927
0.34205741
0.37567014
0.49782574
0.44557658
0.44345123
0.37978372
0.35779208
0.21898070
0.58302277
0.44331920
0.41395724
0.33376676
0.31965464
0.29327837
0.18294056
0.31993017
0.39638358
0.45046136
0.33953372
0.19249378
0.09003310
0.42104554
0.33223817
0.23254672
0.07215226
0.25617686
0.14279152
0.23456731
0.16562766
0.20871818
0.42252266
0.25641465
0.13742448
0.27359685
0.13313241
0.22598009
0.38503700
0.33392560
0.43615004
0.40611795
0.40523106
0.39272979
0.35813057
0.38428500
0.46609107
0.45824015
0.52147859
0.36834556
0.33769965
0.40911227
0.42394969
0.51397175
0.46152714
0.36275959
0.49646387
0.28101170
0.52284139
0.32982758
0.41629079
0.23792589
0.42316532
0.26185960
0.37775299
0.39592931
0.50960630