0.06884555
0.86325663
0.93882734
0.94373900
0.91221178
0.92998308
0.89680344
0.87762648
0.89224297
0.89414459
0.90981692
0.91658485
0.89880854
0.89890176
0.81178838
0.90938056
0.91017944
0.93875676
0.93103296
0.89069170
0.89659137
0.87853819
0.88277131
0.93068290
0.92532003
0.90764612
0.93268919
0.91827601
0.91260409
0.92385083
0.91246283
0.90129584
0.89905274
0.92312080
0.93142724
0.88341606
0.93320274
0.92754906
0.94681680
0.93727541
0.90937757
0.92559898
0.92899072
0.93006766
0.90322435
0.90563959
0.91237450
0.92682320
0.91629446
0.91469455
0.94412589
0.94345528
0.92973304
0.89127868
0.92168832
0.92286187
0.91899645
0.90963435
0.94770902
0.92527634
0.92180967
0.90361249
0.92091668
0.91587174
0.92535448
0.92960513
0.91079849
0.89039874
0.90692729
0.90930474
0.90121341
0.89994603
0.90377188
0.92232603
0.92080772
0.92274290
0.90579951
0.90058064
0.89766240
0.90976995
0.91826797
0.91304535
0.91541862
0.91510290
0.91615206
0.89981759
0.85714650
0.92810678
0.90789866
0.86724526
0.91058588
0.94604093
0.93374133
0.93747026
0.92454618
0.88750535
0.91875285
0.93433386
0.92267686
0.93532211
0.91032165