0.11598152
0.93897837
0.95781243
0.94998902
0.94852531
0.95470703
0.95585895
0.95490503
0.95757830
0.96375114
0.95653814
0.94349283
0.93316156
0.96721959
0.96614432
0.94906425
0.96132350
0.94417882
0.95728600
0.95177567
0.96750259
0.96432829
0.96736115
0.94987249
0.94380689
0.94367075
0.96128935
0.94534856
0.95826250
0.94989395
0.95884168
0.95021796
0.94436216
0.95258123
0.96810561
0.96317893
0.94812948
0.95227349
0.95385665
0.95409989
0.94592112
0.95008951
0.95813072
0.95415068
0.96319598
0.95674789
0.96084428
0.96743643
0.95277864
0.95864797
0.96753776
0.96713305
0.97414255
0.96158499
0.94962275
0.94391966
0.95021200
0.93289763
0.94261986
0.90533465
0.91948754
0.93132830
0.93608582
0.94458497
0.94209909
0.93507522
0.94374770
0.92066413
0.92486918
0.93314689
0.95140928
0.94702470
0.94311923
0.95321441
0.96015120
0.93869126
0.94415301
0.92157102
0.92987275
0.95227164
0.94818175
0.93161744
0.92175347
0.93231255
0.96152711
0.95533592
0.94237328
0.93878222
0.94126219
0.94089806
0.94494838
0.94274366
0.94882834
0.94337189
0.93427730
0.93789041
0.94256639
0.93105197
0.94757652
0.93449676
0.95375806