0.08586100
0.40003601
0.81280792
0.83428854
0.80266500
0.81211424
0.83400476
0.83450264
0.85491174
0.87506670
0.87109381
0.89677918
0.89754683
0.80451494
0.85353845
0.84592497
0.81455100
0.82280272
0.85157776
0.83911097
0.84059978
0.82581621
0.84573519
0.84650213
0.83434629
0.82838130
0.78125304
0.82455283
0.68837976
0.73757303
0.78540945
0.83749229
0.86358035
0.84313041
0.82664734
0.79057574
0.85208732
0.85470313
0.82811999
0.84538919
0.84926254
0.86177558
0.84153777
0.73823160
0.83564258
0.86309779
0.87513894
0.85693878
0.83863050
0.81918150
0.85066789
0.84930021
0.87471044
0.76224899
0.84681773
0.84317052
0.86661047
0.82523614
0.82418841
0.85605979
0.83855385
0.85709685
0.76150697
0.80090058
0.86858487
0.81052804
0.81657064
0.86088967
0.82505679
0.89319617
0.82752359
0.85057104
0.84789902
0.78292412
0.80416334
0.85915995
0.79292005
0.87462783
0.83089137
0.87928182
0.81771958
0.83947998
0.85442114
0.83991021
0.82278907
0.84531522
0.85759526
0.87946206
0.86605299
0.86147302
0.84714907
0.86187899
0.86315352
0.91224068
0.84067529
0.85663146
0.85594296
0.89326757
0.84565049
0.88243163
0.89029372