0.13454574
0.72334045
0.80093020
0.83411402
0.84309042
0.71929514
0.80664033
0.85744852
0.81078535
0.75195885
0.82588786
0.82453352
0.86735624
0.79267478
0.80695486
0.82398224
0.79478174
0.82322013
0.80851465
0.81105310
0.78164160
0.80006349
0.81584328
0.87668473
0.86138153
0.83548868
0.86601263
0.82578039
0.82636607
0.83815020
0.86410350
0.85779691
0.86002588
0.87123293
0.85670573
0.88481110
0.85694391
0.85714996
0.83352995
0.83089620
0.85349965
0.85159540
0.83983451
0.86333483
0.84134054
0.81473196
0.85772628
0.77208102
0.79224986
0.80274391
0.86857623
0.81115419
0.80819803
0.88213259
0.84305334
0.83652425
0.80349326
0.84821546
0.85374856
0.81677175
0.84448373
0.78295881
0.88336372
0.84023118
0.85389519
0.86542755
0.83299327
0.89527541
0.80039060
0.84805697
0.86875993
0.85578680
0.86973310
0.82075137
0.86453664
0.82738787
0.84774965
0.77924418
0.82153350
0.85367185
0.78472114
0.80322427
0.79770309
0.84295118
0.79511172
0.81874382
0.84248090
0.83757180
0.80817413
0.81780648
0.81514388
0.85259658
0.88793266
0.83310401
0.84414434
0.89074725
0.84636170
0.82258093
0.85883254
0.85492331
0.87299788