0.08449510
0.26260215
0.63558775
0.63483447
0.63889211
0.60240597
0.73069227
0.77568495
0.78167015
0.70428276
0.77823418
0.74794006
0.66545969
0.70926630
0.77946562
0.74506968
0.66215676
0.67432481
0.74072486
0.75424004
0.82305992
0.78162140
0.79397130
0.80532545
0.76206696
0.82698691
0.75675201
0.79529262
0.78697067
0.84449869
0.82906258
0.78547877
0.81804115
0.77792203
0.75136864
0.80866677
0.78517169
0.80921495
0.74596351
0.70705378
0.77355731
0.84596550
0.80283386
0.77738458
0.78769571
0.81758070
0.81540710
0.82671165
0.80018789
0.81391364
0.82758051
0.82182050
0.80939221
0.84090781
0.82013726
0.80327326
0.79752141
0.71018547
0.74608988
0.75569350
0.82911128
0.82907557
0.79521585
0.71720332
0.71455717
0.71268183
0.77625948
0.68840522
0.79143745
0.83123040
0.84942216
0.74490982
0.69013095
0.55745888
0.48751527
0.60147262
0.54931468
0.63069648
0.73558545
0.79946989
0.74936402
0.82127380
0.80594939
0.82565707
0.83357984
0.79134923
0.76845145
0.74079221
0.81245446
0.75705415
0.74020934
0.76422876
0.73351723
0.64526641
0.61114198
0.57527721
0.62625420
0.64518666
0.73998851
0.69712263
0.50246620