0.10519592
0.14186563
0.15743381
0.05060459
0.15872735
0.10804763
0.13728063
0.15118796
0.07220901
0.20036995
0.02848566
0.03749248
0.17094965
0.08685755
0.02981439
0.08873431
0.09223401
0.22147912
0.03350180
0.11831570
0.08080319
0.05464610
0.10663830
0.12060300
0.14246269
0.09819159
0.08979086
0.11126363
0.09242684
0.00754873
0.16667047
0.06818967
0.06019965
0.05273911
0.10085750
0.12806851
0.13055174
0.07364897
0.08862486
0.05295978
0.09274322
0.12749569
0.19108908
0.08578125
0.08196239
0.05669780
0.16650397
0.05096626
0.15286328
0.06976046
0.04293239
0.09341970
0.05024203
0.10854904
0.20493473
0.10913453
0.01596339
0.05365820
0.10308289
0.06818034
0.11531387
0.06751373
0.07286496
0.11261025
0.18435265
0.11184451
0.08568574
0.10266557
0.06576660
0.19810794
0.10936648
0.16951150
0.09936672
0.17650644
0.12083449
0.08697906
0.03690275
0.06973908
0.10840647
0.09419920
0.21207032
0.08790805
0.07881057
0.04217342
0.10195982
0.19818898
0.06379786
0.05363538
0.10166556
0.09835702
0.09953659
0.04840400
0.09875823
0.08708715
0.06544163
0.03845971
0.09235463
0.11498614
0.10149232
0.08674369
0.05235339