0.12501109
0.14832024
0.10089115
0.06157921
0.11347923
0.12339459
0.09428980
0.13720961
0.12146163
0.03650114
0.03461126
0.09957729
0.07039156
0.07079353
0.10834241
0.11814708
0.18909639
0.11009315
0.19501612
0.03159744
0.09140731
0.11533737
0.08718786
0.07657007
0.08066957
0.07311051
0.10812110
0.08978746
0.06978132
0.11402011
0.11188603
0.08148562
0.12942173
0.06996859
0.14012648
0.14522681
0.11210108
0.11242014
0.12274053
0.12547749
0.04612002
0.08834367
0.07659821
0.07854772
0.15093726
0.06950563
0.09427235
0.06041343
0.16044793
0.15624401
0.09053939
0.04182653
0.09830962
0.16021818
0.04482504
0.13635935
0.07359269
0.05333317
0.06060701
0.13791858
0.10936794
0.09003042
0.11672242
0.10643827
0.03790159
0.09104829
0.16350485
0.20043327
0.10706503
0.01297212
0.11044108
0.10238981
0.13112263
0.08155924
0.09430395
0.08539865
0.16547900
0.08601651
0.07486684
0.06757198
0.09312000
0.12255492
0.07217688
0.06032479
0.04609659
0.02541674
0.13681270
0.14347692
0.05222274
0.11060128
0.08386755
0.13727055
0.06614617
0.16665928
0.09610631
0.07389271
0.08561396
0.10469124
0.10980722
0.09569580
0.08749440