0.07852264
0.12963663
0.55644298
0.61058366
0.54817927
0.54374844
0.34027702
0.38282466
0.61088717
0.62652993
0.58736837
0.45153049
0.41898495
0.57596463
0.65692145
0.62364024
0.53153062
0.46676278
0.56239271
0.64979225
0.59992373
0.64637357
0.50769871
0.67064142
0.75159323
0.66233969
0.64687949
0.50253302
0.47598267
0.52802664
0.38650101
0.31661287
0.27578413
0.40896240
0.60904890
0.51362658
0.56443274
0.59041113
0.39763734
0.42689705
0.52027571
0.38563657
0.48094106
0.43704233
0.47101182
0.53556597
0.51595122
0.46726826
0.52011913
0.61577225
0.44322741
0.52351081
0.55315703
0.56332183
0.54541606
0.48982677
0.46132290
0.46451432
0.45831120
0.55415052
0.51144671
0.60009921
0.52216643
0.58943975
0.54858267
0.57204854
0.53067464
0.67380309
0.72949082
0.72632551
0.65499175
0.54586411
0.54835784
0.55840075
0.46303084
0.49020949
0.35205400
0.52757204
0.42748693
0.56033087
0.57039386
0.57941622
0.58028513
0.50109291
0.52449614
0.44693753
0.48467651
0.52487242
0.48750252
0.54070318
0.52208698
0.58538896
0.55736208
0.59159398
0.55079389
0.37475604
0.53005499
0.56512696
0.51441944
0.40639687
0.53402394