0.05636942
0.56780130
0.66454977
0.70475960
0.75209188
0.78160477
0.85268354
0.79275942
0.81095147
0.83822113
0.77209628
0.77431631
0.83092844
0.75168443
0.72674352
0.72636956
0.73901939
0.80000663
0.76320052
0.81963247
0.83129960
0.82543921
0.84010935
0.82702637
0.85180694
0.80434716
0.74441665
0.72250557
0.71289271
0.77050406
0.73062754
0.65706748
0.71673691
0.70101851
0.70967448
0.54612273
0.66990930
0.79073733
0.72573423
0.77904272
0.75643921
0.89398408
0.87567520
0.84371138
0.76532006
0.76775199
0.77341324
0.79311866
0.79126340
0.74716163
0.72893631
0.69979936
0.54560667
0.73857504
0.83144933
0.78318495
0.67478883
0.65020919
0.71799582
0.77266097
0.75965810
0.76725179
0.79744685
0.75017381
0.79794985
0.78882349
0.78125435
0.81897813
0.74077028
0.80484217
0.74157488
0.71912634
0.65009969
0.78271377
0.77634925
0.67562658
0.75225365
0.72700328
0.76420629
0.80222631
0.67613572
0.64745355
0.77457589
0.78240150
0.78064889
0.76043350
0.77359718
0.76615423
0.73117781
0.84489924
0.80504465
0.79748964
0.80313689
0.76232094
0.78329164
0.79263663
0.79748970
0.77521914
0.77215403
0.73476845
0.79438323