0.14325123
0.92012239
0.90411919
0.92857385
0.93820429
0.92755926
0.91263819
0.91020823
0.89233446
0.91896868
0.91868573
0.92478698
0.91815597
0.91266751
0.90051001
0.93712622
0.92690665
0.92007726
0.91021502
0.89449972
0.92278051
0.90171272
0.91710627
0.90590417
0.92250443
0.92216021
0.89493477
0.91382295
0.89441335
0.90878522
0.90991676
0.91228187
0.89762121
0.94014549
0.91942233
0.90505379
0.92354465
0.91873085
0.91308665
0.92412567
0.92503387
0.91334677
0.91916937
0.93495852
0.92071742
0.93841994
0.92478228
0.91756469
0.91117209
0.92280823
0.90998191
0.91730142
0.91608465
0.93727380
0.89892709
0.93331397
0.92424607
0.91510201
0.91948646
0.93405378
0.91945815
0.90929323
0.91406816
0.93519509
0.90685880
0.92368716
0.89938080
0.90953863
0.92775941
0.87874395
0.91956937
0.92162955
0.92978197
0.92400467
0.92639005
0.93405527
0.92347419
0.93291092
0.92892694
0.93648547
0.92039156
0.89345723
0.90296423
0.91315055
0.90583861
0.89001733
0.92674822
0.92234969
0.92749888
0.93078202
0.92154747
0.91255373
0.91565752
0.92795050
0.93274254
0.89662600
0.91391408
0.93703479
0.89233011
0.94379479
0.91996503