0.06916220
0.02950950
0.12012111
0.08504336
0.08476660
0.07120483
0.10032375
0.11456904
0.09221765
0.09899020
0.16850142
0.10410915
0.10208267
0.06493071
0.06486279
0.14133449
0.11383005
0.06617447
0.08209974
0.11799960
0.08039839
0.11355590
0.10410192
0.02274830
0.12587376
0.08881348
0.08401533
0.10983703
0.10228249
0.21499634
0.11943112
0.13953616
0.13420914
0.01903240
0.04021389
0.09720837
0.11434583
0.10620745
0.08397225
0.13390948
0.02398773
0.13443302
0.07664615
0.06088039
0.04609241
0.12778883
0.04546590
0.06908260
0.12921825
0.18818210
0.06467089
0.10355976
0.09189877
0.03116632
0.02309638
0.10053550
0.05149705
0.11782620
0.03924737
0.04645902
0.16179296
0.14641595
0.04843233
0.13572824
0.05563596
0.04045665
0.05656910
0.08988415
0.09452317
0.09660058
0.10659667
0.11654809
0.02424152
0.05105516
0.03565313
0.13407791
0.07713460
0.12909538
0.07384226
0.10024320
0.09771159
0.10015555
0.07745447
0.11892392
0.10148174
0.10295966
0.04727640
0.09534520
0.03463328
0.07991239
0.09237920
0.08650406
0.07425389
0.06498460
0.12236772
0.06208714
0.06009500
0.10234118
0.08774291
0.05760305
0.07317927