0.08236460
0.23952210
0.19923189
0.09969939
0.10736480
0.10186355
0.14771546
0.19817959
0.20210247
0.13169950
0.23165159
0.29141062
0.42030326
0.30597743
0.41291192
0.22491871
0.26257843
0.21276249
0.26827571
0.26116407
0.23378439
0.26967990
0.21737522
0.17206389
0.30400780
0.33052284
0.41026700
0.12539613
0.25044864
0.29925811
0.21635658
0.20605871
0.20128620
0.26060346
0.30970088
0.05567987
0.17588256
0.21918678
0.18831019
0.16122465
0.09743693
0.23358674
0.19197296
0.18955305
0.17342575
0.19177695
0.12382895
0.24601778
0.43127236
0.27538031
0.41211751
0.26386273
0.36411560
0.21038941
0.22833765
0.25796145
0.24048507
0.09903214
0.25539330
0.12651202
0.15868856
0.21375030
0.10907937
0.23943028
0.40863088
0.36087504
0.25231200
0.24955593
0.29010499
0.16885336
0.18480021
0.10788261
0.11985745
0.39768791
0.22555611
0.18694912
0.36075717
0.25314599
0.22800158
0.24841093
0.26641759
0.11483823
0.25220141
0.29642329
0.32118836
0.18606985
0.33866709
0.28230965
0.19879718
0.18306328
0.15197273
0.22365038
0.20345233
0.37161541
0.23222885
0.41388592
0.37775722
0.44065383
0.39893332
0.33798671
0.04037196