0.05169185
0.09808011
0.10427608
0.23342502
0.10071974
0.09160882
0.17189008
0.06316661
0.08671148
0.10260545
0.11187103
0.08519122
0.17692009
0.07141282
0.03176044
0.08131365
0.09588742
0.11676489
0.11567647
0.07937884
0.15238495
0.09826045
0.11017148
0.12264860
0.06985440
0.10203844
0.08382236
0.10596231
0.09887686
0.14029613
0.10566535
0.09183352
0.16518345
0.15402448
0.10479293
0.19679062
0.10684939
0.21100955
0.12120646
0.12611653
0.07227215
0.07816190
0.11940659
0.16774006
0.12135477
0.12060139
0.03856475
0.11188565
0.17756891
0.09021655
0.21039601
0.13895446
0.07500323
0.12266526
0.14619972
0.12338860
0.08018997
0.06676250
0.06663759
0.08435197
0.12631182
0.02027603
0.13316156
0.05476652
0.15215498
0.17215770
0.18671991
0.12169112
0.14731081
0.08821556
0.07035532
0.06509795
0.13421372
0.18685536
0.08286932
0.10622362
0.13804887
0.04653023
0.16373421
0.15241922
0.08702935
0.03565728
0.09153563
0.02070443
0.10610127
0.18887559
0.08444338
0.02902678
0.04221250
0.09312418
0.13454166
0.06592737
0.10604919
0.10467526
0.10970200
0.10146874
0.05569125
0.10322203
0.09655226
0.12283066
0.10965067