0.04952200
0.88227636
0.90993381
0.91330332
0.94696939
0.92059946
0.88251573
0.90703005
0.88876563
0.89941162
0.90284133
0.91265863
0.88173574
0.89916772
0.87367058
0.88076138
0.89950669
0.85078216
0.90489769
0.86976731
0.85159355
0.82597846
0.85229492
0.91021490
0.88615763
0.90245456
0.87199450
0.92827874
0.90776139
0.88242376
0.90788096
0.93833548
0.93072057
0.93167722
0.88834745
0.93434274
0.92564887
0.89717126
0.86568815
0.91134375
0.90106207
0.91446990
0.88231307
0.89863747
0.88940513
0.87568891
0.90779448
0.92273664
0.89058566
0.86781973
0.76394343
0.85098839
0.90335405
0.87847060
0.88188773
0.88050985
0.92840135
0.88821900
0.93783844
0.92386127
0.93753237
0.90874940
0.93238699
0.94121289
0.90050811
0.92296547
0.91936308
0.90688300
0.92575675
0.92974490
0.94617867
0.94170058
0.93323779
0.93743330
0.91206884
0.91576105
0.92246950
0.88807297
0.90210652
0.91455740
0.90436482
0.93155324
0.91093421
0.92130744
0.87522948
0.89341730
0.89288491
0.89568824
0.92014676
0.90714437
0.91990906
0.91188776
0.91689909
0.94263071
0.94758278
0.93583649
0.93396890
0.93814379
0.93147540
0.93358910
0.93796861