0.11078583
0.85820335
0.85312289
0.88908839
0.83481234
0.80940366
0.79051310
0.87893134
0.86245972
0.87561762
0.81237215
0.84598893
0.79506135
0.82953715
0.87833863
0.83869326
0.84354818
0.87494630
0.86967504
0.86453813
0.81789094
0.87122375
0.81318140
0.82459122
0.79733217
0.78072405
0.82216233
0.84183288
0.84344095
0.85812920
0.87415969
0.90056044
0.87940305
0.84529585
0.84109324
0.86415118
0.88266784
0.88639557
0.87659973
0.86686552
0.85120195
0.86446172
0.85829699
0.88300544
0.87308156
0.89765376
0.87288970
0.88513315
0.90007371
0.88278466
0.88023728
0.80653948
0.82189608
0.86371821
0.83407623
0.83866560
0.86218590
0.87534881
0.82272410
0.86960721
0.86845046
0.88992655
0.85469359
0.89070737
0.89929891
0.90040153
0.85704750
0.89453024
0.86506385
0.88456362
0.90467459
0.90126044
0.89904976
0.87637049
0.88920188
0.85175973
0.83320433
0.85322052
0.87620854
0.79539132
0.87446481
0.91751635
0.86616576
0.83902001
0.90016985
0.87077302
0.79808038
0.90143365
0.90267813
0.87743944
0.89747065
0.85347724
0.88733566
0.90394151
0.89730066
0.79151297
0.78221375
0.88213837
0.89365232
0.86745334
0.90460050