0.08263827
0.28939152
0.39137116
0.74299872
0.72321302
0.71884155
0.78965414
0.74405420
0.83278084
0.82340020
0.79826856
0.86007380
0.86367744
0.81673384
0.85050774
0.79310071
0.85077631
0.83158040
0.85570449
0.84875870
0.86551988
0.83704901
0.82788378
0.77713943
0.84259802
0.86018020
0.83338720
0.82137156
0.82180220
0.84618562
0.86034811
0.88456595
0.87610388
0.89020246
0.88600373
0.85243696
0.88121849
0.86178666
0.88426900
0.85679591
0.79967606
0.73981428
0.78424340
0.80201739
0.74583864
0.73973078
0.78017837
0.74805731
0.83957589
0.83761007
0.74229169
0.80370611
0.83916473
0.82439798
0.85272348
0.86176217
0.78022170
0.82757115
0.86490172
0.80484056
0.85243762
0.84779555
0.84306455
0.79793268
0.83958346
0.83398265
0.85116547
0.83116567
0.84907943
0.83411139
0.87249291
0.85364461
0.86991793
0.83677787
0.82369393
0.83505744
0.79223233
0.87739038
0.85458916
0.83703339
0.88371050
0.86812955
0.88080835
0.85354304
0.84187210
0.84891129
0.82390815
0.75558412
0.85150003
0.81985778
0.76581281
0.80802608
0.83091629
0.81148356
0.77494675
0.80864477
0.86532092
0.84167892
0.81325454
0.82589638
0.85220146