0.09369902
0.15197317
0.05043309
0.03637693
0.11601625
0.03797784
0.08395471
0.10833506
0.08813268
0.13071129
0.17149876
0.10616586
0.01637509
0.16911937
0.07750822
0.09926366
0.07702783
0.12173526
0.15614447
0.04707890
0.07953354
0.08754816
0.04691518
0.07922004
0.16618890
0.02075416
0.11257055
0.10897994
0.12505965
0.06519785
0.03785964
0.07147685
0.13280141
0.04988425
0.15481082
0.04738592
0.12484645
0.10478373
0.10895567
0.10725319
0.11631788
0.12581460
0.15546243
0.13964161
0.17089839
0.10282139
0.09358297
0.09133091
0.11264160
0.12687661
0.11001513
0.10736638
0.05273275
0.08028774
0.15486002
0.06620507
0.09373565
0.08127469
0.13819672
0.14830895
0.06065587
0.13355769
0.08140533
0.16730835
0.09587893
0.11828409
0.11009383
0.06457613
0.15304294
0.02335025
0.16237327
0.10791168
0.07648945
0.12304761
0.13291013
0.05478612
0.05323030
0.03343198
0.05349486
0.12885395
0.08433251
0.14988792
0.05690762
0.09504364
0.09809234
0.12860158
0.05545623
0.13244186
0.12816535
0.14254417
0.11985305
0.07670259
0.11010889
0.08557997
0.09276123
0.14763322
0.09831729
0.08445481
0.13325210
0.09705764
0.11686471