0.10194013
0.12382555
0.13329856
0.10092967
0.07780219
0.07027332
0.16047966
0.08953606
0.03291517
0.09784671
0.11483837
0.04084660
0.07023267
0.08487706
0.12403271
0.07031342
0.16141140
0.10910558
0.11160577
0.07746424
0.10189706
0.04064374
0.11475690
0.03859007
0.06941319
0.09004796
0.12352766
0.07988653
0.15599024
0.02806352
0.17942429
0.07241968
0.09870210
0.14951885
0.11317667
0.10883480
0.10188568
0.15610094
0.10916196
0.02408648
0.07624682
0.11368966
0.07299328
0.06173936
0.06151636
0.09267882
0.07797459
0.11564167
0.10842020
0.02405090
0.05672397
0.14279613
0.02480684
0.10073774
0.09884841
0.14994299
0.08228100
0.08359757
0.04880258
0.14279565
0.12142713
0.12646586
0.12156644
0.06824305
0.07071433
0.03413697
0.12477896
0.10508574
0.12722473
0.10016827
0.06840128
0.09770241
0.12665792
0.10080853
0.05522168
0.06159142
0.12488078
0.12782916
0.13844463
0.07403252
0.09306605
0.08400931
0.03776842
0.04610462
0.19574909
0.07928341
0.08965089
0.05632036
0.10475180
0.10696828
0.10615841
0.07348937
0.02324449
0.07962239
0.12594187
0.04610187
0.10490673
0.03524506
0.04758709
0.07274102
0.05500640