0.01929289
0.15563095
0.10976756
0.08727791
0.01486179
0.08433626
0.11115830
0.13464622
0.08009452
0.07240272
0.13421851
0.05458971
0.09060667
0.12454945
0.13909164
0.01581805
0.07008559
0.09732863
0.14215447
0.08347589
0.05799435
0.01828934
0.19390753
0.12606396
0.14057155
0.14861020
0.10624232
0.13193168
0.06087046
0.08457398
0.03816818
0.19512363
0.04706311
0.05525046
0.11732888
0.11682848
0.10845061
0.10124536
0.05636832
0.13667403
0.08818837
0.08802761
0.10362454
0.06274931
0.11419280
0.06150267
0.02907563
0.08820647
0.08964328
0.09967697
0.10589030
0.12115589
0.07694482
0.08752653
0.14715704
0.07343632
0.07102416
0.07009531
0.08493056
0.08013054
0.13174005
0.08522673
0.05311128
0.05145347
0.11890955
0.11080715
0.03754898
0.05041121
0.13563322
0.07573424
0.10244165
0.02842639
0.13138489
0.06561214
0.06753714
0.07579668
0.09274230
0.05343139
0.04357265
0.10550055
0.13557354
0.07907142
0.14124063
0.06705772
0.02490507
0.00708254
0.10336000
0.11681246
0.08271636
0.02357773
0.06771252
0.11392216
0.06164679
0.12983151
0.05676859
0.06711642
0.12054636
0.20981564
0.07791395
0.11033056
0.08048459