0.07551902
0.05551142
0.04707976
0.06801226
0.07132051
0.09813870
0.12749504
0.06697479
0.09596342
0.05664004
0.07328501
0.06201629
0.19828892
0.04888748
0.06712535
0.09387679
0.02074639
0.11160025
0.13301064
0.03543437
0.09621609
0.04597831
0.15959357
0.14321283
0.11239559
0.13890177
0.10244125
0.11338775
0.12661983
0.17245787
0.08791945
0.12657194
0.11299097
0.15431534
0.10766298
0.12660049
0.11929310
0.07425565
0.07745058
0.08609476
0.06477229
0.10160229
0.13098817
0.03463149
0.05173490
0.08315484
0.14202833
0.08431241
0.15043692
0.04930585
0.17886516
0.08535630
0.20153841
0.08003152
0.08631125
0.05611572
0.08306567
0.08337546
0.11955673
0.09644492
0.14288099
0.11852210
0.07554253
0.16346054
0.13558695
0.05922845
0.12803966
0.10891765
0.12517099
0.13692020
0.08981160
0.03203873
0.06402185
0.06552656
0.09345192
0.12746990
0.13007694
0.12302003
0.03997428
0.08319922
0.12291741
0.10134233
0.10165453
0.13459162
0.11144908
0.05314855
0.09059949
0.12872612
0.17496918
0.07785151
0.15563472
0.09861148
0.03590092
0.06058669
0.19701073
0.07585151
0.11110032
0.15491278
0.05459832
0.03431816
0.09485775