0.03732009
0.49212420
0.41100407
0.60612667
0.66966408
0.69957852
0.70444304
0.65462339
0.74181265
0.71357042
0.57338452
0.54371399
0.59549463
0.74523950
0.79511911
0.76456434
0.70345736
0.68822122
0.78866214
0.79390001
0.69725168
0.75379950
0.65398699
0.64178658
0.74151915
0.63084006
0.66732788
0.56446528
0.54784226
0.51102316
0.57510972
0.72647548
0.76764727
0.82162660
0.71952569
0.76868165
0.70705664
0.71335280
0.68056417
0.78299111
0.75464636
0.59902298
0.67151457
0.63352972
0.74653894
0.69420624
0.67197496
0.73787874
0.77631056
0.63876975
0.73574716
0.75472128
0.68856263
0.69613236
0.71719134
0.70800310
0.68379366
0.83320355
0.77882040
0.79053259
0.77184367
0.72265321
0.64705980
0.64341140
0.68992788
0.77287072
0.71542275
0.70573443
0.70007586
0.59755147
0.67555654
0.52636534
0.50596935
0.48722067
0.54099101
0.71596617
0.73363739
0.64782679
0.60636330
0.48263183
0.56980538
0.61277437
0.65138441
0.68598771
0.68749064
0.62628710
0.50116569
0.61471224
0.70434159
0.73962992
0.68934339
0.67609698
0.62870735
0.60763621
0.62697119
0.58199668
0.62775290
0.75992823
0.79125124
0.79537153
0.83333045