0.12130057
0.13090885
0.16440248
0.31859419
0.35248047
0.29866573
0.38726571
0.41816872
0.55751151
0.64709318
0.53108788
0.40351009
0.63838750
0.75188470
0.70490104
0.69037038
0.56324095
0.65051651
0.76271820
0.72474760
0.75964791
0.79199296
0.69519705
0.74819428
0.81721270
0.71796954
0.64510942
0.64242876
0.53403491
0.62738639
0.66784310
0.52946728
0.62803507
0.73968560
0.70598674
0.71045095
0.73379815
0.70922357
0.70539892
0.74573249
0.72178930
0.64574236
0.77647483
0.73647499
0.62357485
0.70001811
0.71407247
0.70743650
0.71330833
0.79256552
0.51496226
0.53813440
0.66624993
0.78493011
0.77231413
0.77070206
0.67419654
0.61074811
0.64718086
0.61660516
0.66042745
0.68260759
0.74625516
0.74740952
0.66130799
0.68777514
0.75750703
0.69647688
0.63844252
0.63345212
0.71092987
0.71073115
0.75860155
0.57223606
0.49403304
0.67635679
0.65623182
0.72053999
0.66061485
0.65342039
0.70236516
0.59254676
0.69178927
0.69807822
0.63213778
0.66172767
0.60015053
0.47831798
0.38019523
0.45797044
0.68294001
0.59913844
0.61465907
0.61489356
0.65946126
0.65099442
0.70247680
0.71657884
0.66844887
0.72882104
0.76729894