0.06916220
0.22693281
0.27916586
0.34735438
0.47067466
0.40043449
0.52364165
0.47275662
0.40776020
0.25662374
0.43830186
0.37645611
0.37925652
0.45439473
0.21741664
0.22941670
0.04787754
0.25691786
0.14527723
0.30303755
0.40570319
0.67088199
0.61848551
0.55857778
0.50565743
0.58244389
0.53149599
0.44887233
0.47928515
0.52905488
0.46355969
0.51997840
0.57862866
0.57080537
0.55063534
0.37428486
0.27781707
0.40526181
0.36775997
0.38288248
0.55151230
0.42482242
0.66633505
0.62731308
0.62684435
0.53241867
0.35002461
0.37082922
0.42966199
0.41843539
0.36197379
0.25919381
0.35355076
0.22745474
0.34503186
0.12799919
0.27741778
0.11003271
0.20815793
0.32915664
0.30319405
0.38222149
0.38233948
0.43462536
0.37509331
0.38234136
0.34906486
0.31915143
0.32893401
0.19874939
0.27055806
0.25199777
0.38278139
0.34935731
0.42482808
0.55734754
0.45395347
0.40550518
0.29974735
0.51743108
0.43449870
0.25106117
0.40816748
0.48513031
0.28398806
0.33478218
0.50858480
0.32520714
0.41231322
0.36680561
0.39923808
0.19071101
0.32749149
0.34658828
0.32315516
0.46875328
0.45587605
0.47507364
0.32117617
0.60150069
0.55220830