0.07852264
0.91520250
0.91427225
0.92207426
0.92898071
0.94378531
0.92208016
0.92313826
0.93958318
0.93534654
0.90922266
0.92820442
0.92846709
0.91227639
0.92317390
0.93635857
0.92541182
0.93352431
0.92594552
0.92806238
0.87399709
0.91311699
0.91920543
0.91674393
0.94804454
0.91620857
0.91924089
0.93621427
0.93603086
0.93701446
0.92569792
0.93419921
0.88206220
0.91914225
0.91384882
0.92038774
0.91472948
0.91933542
0.90309930
0.92386460
0.90203482
0.91757756
0.89745051
0.90151185
0.91659904
0.92570096
0.94353098
0.93675363
0.92744642
0.93079108
0.94376212
0.92812425
0.95086372
0.92230690
0.94162554
0.93702692
0.91593361
0.91856360
0.94603521
0.95495743
0.93407434
0.94506264
0.93955576
0.94960803
0.89600980
0.92948502
0.94510293
0.92544991
0.94520617
0.93887824
0.94550562
0.94003028
0.93978769
0.93619829
0.94384897
0.94025660
0.93877721
0.92457217
0.93321174
0.93891883
0.92739946
0.92485595
0.88474214
0.93937498
0.91967905
0.87768441
0.93809235
0.92729080
0.86911738
0.91286409
0.92442918
0.91921949
0.92636836
0.89872521
0.91358155
0.93179917
0.93148071
0.91056895
0.93743110
0.94949836
0.94938952