0.04433002
0.95049214
0.94989097
0.95408976
0.92247415
0.93817735
0.93761820
0.94144148
0.95249742
0.93951780
0.93518478
0.96039915
0.95788276
0.94554019
0.94791025
0.93471849
0.90641969
0.94218767
0.92117381
0.93441963
0.93880099
0.94092804
0.92599136
0.94720620
0.94589883
0.93312240
0.91922867
0.93250525
0.95552427
0.91314173
0.93976676
0.94031143
0.93918419
0.93231463
0.95413381
0.92827779
0.96145147
0.94529414
0.94935030
0.95770669
0.96415365
0.95055044
0.95623416
0.95993394
0.94950074
0.96197593
0.96102190
0.95883894
0.94812697
0.93607253
0.93904364
0.89919853
0.92379969
0.93314987
0.92949641
0.93448919
0.95345205
0.92645872
0.94511747
0.93266141
0.95084834
0.95992148
0.95989144
0.93666726
0.93823123
0.95136034
0.95845705
0.95665163
0.95176423
0.95775777
0.96016210
0.95962453
0.96116233
0.94780970
0.94890726
0.94408882
0.95131058
0.94013816
0.92795724
0.94608414
0.95929176
0.94457030
0.96616554
0.95970428
0.97005880
0.96671861
0.95473152
0.96860701
0.96842486
0.96813011
0.95884675
0.95793837
0.96539742
0.94875151
0.96963876
0.92378181
0.95354491
0.96115136
0.95611137
0.95573789
0.95199889