0.09072412
0.30476341
0.33912399
0.55987924
0.62731069
0.45108777
0.47917867
0.47773919
0.56298435
0.52833116
0.48653185
0.62578303
0.48175386
0.52046317
0.49975324
0.22964199
0.30712402
0.29361334
0.52610964
0.57146680
0.57681990
0.48976594
0.46863061
0.49484813
0.64608055
0.63278341
0.49348003
0.45621112
0.65343595
0.63457477
0.72560197
0.60355359
0.64358002
0.68454820
0.73995185
0.70161682
0.66326833
0.57002819
0.55743861
0.70094252
0.67269152
0.67729777
0.67828017
0.71490037
0.64387488
0.59899664
0.65155107
0.64600748
0.62322688
0.65571105
0.61567563
0.57715493
0.54845047
0.42675349
0.64392400
0.41988713
0.46762809
0.40355572
0.62982404
0.62866068
0.54739290
0.49478531
0.63493979
0.57362342
0.57032949
0.57092083
0.68563217
0.70739579
0.73614943
0.69044846
0.72581434
0.64809728
0.67599595
0.66821367
0.64330924
0.61942160
0.57662320
0.39939907
0.53532493
0.61510372
0.76517779
0.57284284
0.55520779
0.48510128
0.53163546
0.45516494
0.47782803
0.64083558
0.70115149
0.65690118
0.73529249
0.67773110
0.55651897
0.56640035
0.59150720
0.80954897
0.77617991
0.71930945
0.58658785
0.51540059
0.58571178