0.09753011
0.91999513
0.88990510
0.94039595
0.90884447
0.88873732
0.90920776
0.90263641
0.92045403
0.90794945
0.92832327
0.91609359
0.90245628
0.91054147
0.93132341
0.92204988
0.92644238
0.92566377
0.92918456
0.90200686
0.92378318
0.91469145
0.91099852
0.91803259
0.91989416
0.91696662
0.93244100
0.92629129
0.93450439
0.93099356
0.93383873
0.92406309
0.90578443
0.92795408
0.92800528
0.90840822
0.93623078
0.93114603
0.91948199
0.89126849
0.90289825
0.92723620
0.91491801
0.92342669
0.93567866
0.91596723
0.92896593
0.92841345
0.91965675
0.92910647
0.90348810
0.92660606
0.90574765
0.88387048
0.90979660
0.92867911
0.93563628
0.91539592
0.92942482
0.91232920
0.92395234
0.93265241
0.93236631
0.94377238
0.89395517
0.92710787
0.93136489
0.93679762
0.91346723
0.92241293
0.89334625
0.93719041
0.90359610
0.92413157
0.94079471
0.92457855
0.90350831
0.92533928
0.92495650
0.90844268
0.93116838
0.93420792
0.92436051
0.93085700
0.93910497
0.91753596
0.91500020
0.93988204
0.93017411
0.90983003
0.91437113
0.93216711
0.92710823
0.91857874
0.92428118
0.91062248
0.92285109
0.93511981
0.92589492
0.92678106
0.92088556