0.06375539
0.40560848
0.77693087
0.72423536
0.77112800
0.81351751
0.76749921
0.77537870
0.80365664
0.84300715
0.81321925
0.78680319
0.66964257
0.82276565
0.82356864
0.80527198
0.77528626
0.78403354
0.80829448
0.84732592
0.83109421
0.75464129
0.84091514
0.69287318
0.78179270
0.80332136
0.78576660
0.82050288
0.80550963
0.81400853
0.84782189
0.87499201
0.86627823
0.78297418
0.85170585
0.87949860
0.85675842
0.86626709
0.84700084
0.87220556
0.79882753
0.81172425
0.79399908
0.80898505
0.77610499
0.81767076
0.72967237
0.77157623
0.74403214
0.81992394
0.77851522
0.83968931
0.78887141
0.79792160
0.80574036
0.91214836
0.85413504
0.87835401
0.84713137
0.81974292
0.84222323
0.86179566
0.77103043
0.77131671
0.86339438
0.77422500
0.82255042
0.86076242
0.87141681
0.68969762
0.83929574
0.83295548
0.85331583
0.82279432
0.86208808
0.86353332
0.83951622
0.81376272
0.85735863
0.80509377
0.83834732
0.85629928
0.89479929
0.86404878
0.87401068
0.84364325
0.85801923
0.84917992
0.85931557
0.89010584
0.85058969
0.90392601
0.86361730
0.90173751
0.86347383
0.85409135
0.86359054
0.84127581
0.87291306
0.88559061
0.83565241