0.13413320
0.57783139
0.79793501
0.72329468
0.65320814
0.79153252
0.68530411
0.86784917
0.82116377
0.75896513
0.82635283
0.76470357
0.83738017
0.82369155
0.84934676
0.79304510
0.86839730
0.80412966
0.84790367
0.79283828
0.68355417
0.80133075
0.81010985
0.88821828
0.82943994
0.86858559
0.83856928
0.80550468
0.87894881
0.78806084
0.82020599
0.85420775
0.85538936
0.79386258
0.77607048
0.78438359
0.84975815
0.75039095
0.68960631
0.80966574
0.85162240
0.84929925
0.81424874
0.84229010
0.89395124
0.84375513
0.79770368
0.87657225
0.79954565
0.85069907
0.88523519
0.89824426
0.88078612
0.85151106
0.86507124
0.84665847
0.77982539
0.86456072
0.85132903
0.74878728
0.77378362
0.84269142
0.86164635
0.81949228
0.86684191
0.88243234
0.87692130
0.89158541
0.86137438
0.90169197
0.86238617
0.87804037
0.86886317
0.86299604
0.86040848
0.80337709
0.80948341
0.86994189
0.84608459
0.83780730
0.83226645
0.81241012
0.84667182
0.85778975
0.80217463
0.83566737
0.87108141
0.85238558
0.83857751
0.84802717
0.84993958
0.81896454
0.83688116
0.80421257
0.84265131
0.78386134
0.83842558
0.67594314
0.82159942
0.85195470
0.83354169