0.11950095
0.66770667
0.80618691
0.77502465
0.80146110
0.77866518
0.81324822
0.77023530
0.82488090
0.78299195
0.73260707
0.75738889
0.83752024
0.75407571
0.83585256
0.87581384
0.88669515
0.83771306
0.85957086
0.80160975
0.76892179
0.84436345
0.84101903
0.70139921
0.78552788
0.86863220
0.86623573
0.88575763
0.81966752
0.86984670
0.88295335
0.81379533
0.89996231
0.85401809
0.81722963
0.87759691
0.86123788
0.75874782
0.81065756
0.80322939
0.87342918
0.76529086
0.85980093
0.85566026
0.82559180
0.79585928
0.86507052
0.81073481
0.77748954
0.87567830
0.87900549
0.78807813
0.88268906
0.75808805
0.80195159
0.86190856
0.81969774
0.88601816
0.85649800
0.87393171
0.85118127
0.82163316
0.77239907
0.74385947
0.79389817
0.80659324
0.84997314
0.85291916
0.81997603
0.75209016
0.80132681
0.81563878
0.84367454
0.86624014
0.80528009
0.71386427
0.70434976
0.80550003
0.80333471
0.85220778
0.83857757
0.78446436
0.79795837
0.67288506
0.82603973
0.85083848
0.86819768
0.88274455
0.88282865
0.76486135
0.88567245
0.90121996
0.89420182
0.88400513
0.88033396
0.87161833
0.86609453
0.89761376
0.90095991
0.86446518
0.88229531