0.08581891
0.18745768
0.09129515
0.11011726
0.13116707
0.16795865
0.22734137
0.19226225
0.13541485
0.14277010
0.22122668
0.16284573
0.03755605
0.19488156
0.27002439
0.16022032
0.18091305
0.23593037
0.21856326
0.14209470
0.08099809
0.09122032
0.12168612
0.14931579
0.17543726
0.26850939
0.16008730
0.16785097
0.22843021
0.28963763
0.04727033
0.16422449
0.02676604
0.11065385
0.14096370
0.19144821
0.16912070
0.08603272
0.11752214
0.11675732
0.21954231
0.11481415
0.22722578
0.17542878
0.15999734
0.20639452
0.16585989
0.23603496
0.05446037
0.21062328
0.14380790
0.10499784
0.13916804
0.20880327
0.09372661
0.16243654
0.05464043
0.09124050
0.11511517
0.04579824
0.19275445
0.14931858
0.17756726
0.16396041
0.22384134
0.13236868
0.14324401
0.18774396
0.24546294
0.20047647
0.05602707
0.23976439
0.24163970
0.14152665
0.05326434
0.25667989
0.19977891
0.13888220
0.24103151
0.18381725
0.26911986
0.15809470
0.16071178
0.15060706
0.17631792
0.15013526
0.14693487
0.09711685
0.13564204
0.18876562
0.02905607
0.07719841
0.10744336
0.14243244
0.04841832
0.27153957
0.07822810
0.10424109
0.12327018
0.18179449
0.12028276