0.05636942
0.86334342
0.74973035
0.89661896
0.88924170
0.86384422
0.85544264
0.87865674
0.88016123
0.89738160
0.91162109
0.88049716
0.88331062
0.86747658
0.91528535
0.90334785
0.91157514
0.87725419
0.79804063
0.87707305
0.89747751
0.85335016
0.90091288
0.86981225
0.89567477
0.85683966
0.90931666
0.88108277
0.87559408
0.87699699
0.91986769
0.89988953
0.87693697
0.83392179
0.91377312
0.76093054
0.89227724
0.87943894
0.85383356
0.89734644
0.87546045
0.90243006
0.77029687
0.86076093
0.75076985
0.84005034
0.66055077
0.76288396
0.78436446
0.88285357
0.87340349
0.84468722
0.89624155
0.88445646
0.86497444
0.90143317
0.89375544
0.89364737
0.89000571
0.87608778
0.82891089
0.85618192
0.90531623
0.90185714
0.89913803
0.87967706
0.91160226
0.86982912
0.89912343
0.83861303
0.91883713
0.89593750
0.85770059
0.86970323
0.86011863
0.91677040
0.90944254
0.91137969
0.89150655
0.90759254
0.86889541
0.87297177
0.89178580
0.89444381
0.86026949
0.87795484
0.88611186
0.89143503
0.88745809
0.89759248
0.80319357
0.86112261
0.89965469
0.85092092
0.86937284
0.87846613
0.86966109
0.89116228
0.86416215
0.89198488
0.86844844