0.07551902
0.30402350
0.43636283
0.43034211
0.49208945
0.54536879
0.40724710
0.48696026
0.46781340
0.42492348
0.42457238
0.40329361
0.42192304
0.48067337
0.60017943
0.49158728
0.40051857
0.44248581
0.49772537
0.38075396
0.43918538
0.49884757
0.45684204
0.47263989
0.36856431
0.39144000
0.39733219
0.37882993
0.26624537
0.26248282
0.38391677
0.55478090
0.51470000
0.47922218
0.48606208
0.51064527
0.45576432
0.40112519
0.18100384
0.37058774
0.22632992
0.24655975
0.22738375
0.25408462
0.18886778
0.22437584
0.26661032
0.23468468
0.18526645
0.33748651
0.26403233
0.32001641
0.46660522
0.63828057
0.62307662
0.67029405
0.59642404
0.66379213
0.67835945
0.64749414
0.60041279
0.58716506
0.63917756
0.64790910
0.69989336
0.71018189
0.63548708
0.47470069
0.52665448
0.60234696
0.50334620
0.64374954
0.71273071
0.59926045
0.57226545
0.59487474
0.45733547
0.43064672
0.24992903
0.21464197
0.27537054
0.31785354
0.30881053
0.47368917
0.34209999
0.19391423
0.42966098
0.55412996
0.59701580
0.57826787
0.51867187
0.56389064
0.45629826
0.53466940
0.54980314
0.58532161
0.61812311
0.56746846
0.55067265
0.50419557
0.46404371