0.07450834
0.88245833
0.84806150
0.87786174
0.85298181
0.88426501
0.87535453
0.82590294
0.82626051
0.88578665
0.85643888
0.81056523
0.86653107
0.86021841
0.83217317
0.90243477
0.90176851
0.88603020
0.86772597
0.87326860
0.82916665
0.82659096
0.78618658
0.82957381
0.84958732
0.83203322
0.87811637
0.85130286
0.82596779
0.86558253
0.84883773
0.86245227
0.86966014
0.89694214
0.86386037
0.87044764
0.83663350
0.81286407
0.84611017
0.86078668
0.86666268
0.69804382
0.89589447
0.87912339
0.88196474
0.84830576
0.78595805
0.82142228
0.88454747
0.82590926
0.84834778
0.84886533
0.84955269
0.86977136
0.84299242
0.83679044
0.88078898
0.84466934
0.82176256
0.84504014
0.89342958
0.87970716
0.86063159
0.86009103
0.86681062
0.78886300
0.84854066
0.84537870
0.85014051
0.80176407
0.87734175
0.79985487
0.74118561
0.70992601
0.78307694
0.89270729
0.83237451
0.83677161
0.87185532
0.86497307
0.74936187
0.88689834
0.84582734
0.85162979
0.83427709
0.80631155
0.86531723
0.89564496
0.83682799
0.84709221
0.86496323
0.86973566
0.86284822
0.79469991
0.86425829
0.80037421
0.87454575
0.77123374
0.71510172
0.88876837
0.80135554