0.07498821
0.07154278
0.10713584
0.05690954
0.17157406
0.10496422
0.10761199
0.05001717
0.08967922
0.16074884
0.06194488
0.14709954
0.06785160
0.15738086
0.07777750
0.08101635
0.14521451
0.06736138
0.07283881
0.12685391
0.20981807
0.15731946
0.17258780
0.16312885
0.12972735
0.11538076
0.06361920
0.06369009
0.13037659
0.08205368
0.12963317
0.10254915
0.12257174
0.09553669
0.07320944
0.12512964
0.14585084
0.07736372
0.10977115
0.11900619
0.11024460
0.15446478
0.09882786
0.12494456
0.08099918
0.12057600
0.09647103
0.07274161
0.09413897
0.11237217
0.09345780
0.11838502
0.10952997
0.13700934
0.14317460
0.08531689
0.15669464
0.06911945
0.08426937
0.07601670
0.09073074
0.04265921
0.08226561
0.15087357
0.12944660
0.10194980
0.13195898
0.06592117
0.06032435
0.09171725
0.06630550
0.13952155
0.15964401
0.16369158
0.10339089
0.07491061
0.04593593
0.10279520
0.15109058
0.02373270
0.03793019
0.04371973
0.15772985
0.21088354
0.07378078
0.10981359
0.18652253
0.15221784
0.03104601
0.13760476
0.04215758
0.09878315
0.02541521
0.09669428
0.08280428
0.21763983
0.04980246
0.12892075
0.09560642
0.09310937
0.13275141