0.07878611
0.11415105
0.04914732
0.07196681
0.13223109
0.07105917
0.04258275
0.06314122
0.12613614
0.02713949
0.07411292
0.08732866
0.12372958
0.02577557
0.06876414
0.09307142
0.05660855
0.07386158
0.15568852
0.13592955
0.16678993
0.13025275
0.15336195
0.07602813
0.05969751
0.13569789
0.12424878
0.00522453
0.07486634
0.09228721
0.08285685
0.07364552
0.10645090
0.12772177
0.06609613
0.09086160
0.14071745
0.08796441
0.10601647
0.09712741
0.06721198
0.16703686
0.07334130
0.12386288
0.06216963
0.10178706
0.07334240
0.04659878
0.13214134
0.12454203
0.06525383
0.07385273
0.14200313
0.14055987
0.06331172
0.13019411
0.06689748
0.10646315
0.07567902
0.10181338
0.07407639
0.04025356
0.05468828
0.10079864
0.17554583
0.08219033
0.11701317
0.10205429
0.00948072
0.17911763
0.14605056
0.10316699
0.09320554
0.08343878
0.10317782
0.08410379
0.08120289
0.05685080
0.05138971
0.05772543
0.10135873
0.02209483
0.04921408
0.08580449
0.04804023
0.07896175
0.10310006
0.04570825
0.08995017
0.11276886
0.10540098
0.07330270
0.08485419
0.09939711
0.11847067
0.09301998
0.09136189
0.16943277
0.08357406
0.15380168
0.11722823