0.14325123
0.18696479
0.39815304
0.32261693
0.22140402
0.29893982
0.43249547
0.28830820
0.43196434
0.47302189
0.45380279
0.39357522
0.24949367
0.29790986
0.45727453
0.57140273
0.57773381
0.47455350
0.44336253
0.50140911
0.58396208
0.46475697
0.52434564
0.53117335
0.43452203
0.46370220
0.29864717
0.54270834
0.62240291
0.55395132
0.46619061
0.52425778
0.56923467
0.46551812
0.47395715
0.48093656
0.36297747
0.45172974
0.49995914
0.60205084
0.58652937
0.38024625
0.32075223
0.32555583
0.54873282
0.58056021
0.56875169
0.51663613
0.59932917
0.47426891
0.53091383
0.57005489
0.54938257
0.48802486
0.54919565
0.47532678
0.44766545
0.47519189
0.51934147
0.39126876
0.40541992
0.33177304
0.23225152
0.31280932
0.42459705
0.32178771
0.27576464
0.22260943
0.37341344
0.24947730
0.45219377
0.54181790
0.46814641
0.42148259
0.39740342
0.37685025
0.28575519
0.25753576
0.32353705
0.44440594
0.52418625
0.40406704
0.34914416
0.31088293
0.43318543
0.48680115
0.18652622
0.31243905
0.18142544
0.38226613
0.37712279
0.42792493
0.41995898
0.56903321
0.54721630
0.56485724
0.63474321
0.67130899
0.58498013
0.53513312
0.62697709