0.06360167
0.94496781
0.95704579
0.96069056
0.96104860
0.95617485
0.96585840
0.95415026
0.93637365
0.95297122
0.95449358
0.95189101
0.94586915
0.95587057
0.94595963
0.94976652
0.93912679
0.95464975
0.92363000
0.94445807
0.93665636
0.94075704
0.93365145
0.94300371
0.94352990
0.93195921
0.94436270
0.94985956
0.95946670
0.93640673
0.94574946
0.94951022
0.93975067
0.95570898
0.94577593
0.93552858
0.95134622
0.95608693
0.95471162
0.95615232
0.94620889
0.94037837
0.94664431
0.94318891
0.94893706
0.93337113
0.94655043
0.93689173
0.94937736
0.94056666
0.91846848
0.95278955
0.93637651
0.94718689
0.94654727
0.95293295
0.94441795
0.94682223
0.95298249
0.93978715
0.93888825
0.94869459
0.93537188
0.94280279
0.93775237
0.93041074
0.94698644
0.95582473
0.94917428
0.94612151
0.95725030
0.95137548
0.93936837
0.94586456
0.93518221
0.93658590
0.93598372
0.94001633
0.93777907
0.93560308
0.93718582
0.94481331
0.94193721
0.93127578
0.94969481
0.94658899
0.95934236
0.95664901
0.95849937
0.95255560
0.95404088
0.94070387
0.95581990
0.93367350
0.92975593
0.94208860
0.91917413
0.94352913
0.95378220
0.92788994
0.93705577