0.09925324
0.94601494
0.93428606
0.94295746
0.93632400
0.93446779
0.93753874
0.93935776
0.94181597
0.94476503
0.94898534
0.93872625
0.92693132
0.95180964
0.95359701
0.94849730
0.93428671
0.92058200
0.95056391
0.94844019
0.94006491
0.94080824
0.93313819
0.93901849
0.91879708
0.90257746
0.93622380
0.94588912
0.92422456
0.91554052
0.93472070
0.93758476
0.92951906
0.94652182
0.93543440
0.93415308
0.91538185
0.93200284
0.92322463
0.93528336
0.92793363
0.93281019
0.92309189
0.93308967
0.93500519
0.92530614
0.90782923
0.92500848
0.90759122
0.93585390
0.92587858
0.92640448
0.92849326
0.93163699
0.91010785
0.87952960
0.87421286
0.93260550
0.91858375
0.92078185
0.92556190
0.90678495
0.93510360
0.94830114
0.93538636
0.94731271
0.89163625
0.93773580
0.94602370
0.92446768
0.92767990
0.93837428
0.94152963
0.93714005
0.93338537
0.92547196
0.93247759
0.93056732
0.93612486
0.93797874
0.93288195
0.94707793
0.94311088
0.94196564
0.94085532
0.90954536
0.91576552
0.93888056
0.93701071
0.93691260
0.94123954
0.92602044
0.94981408
0.95595080
0.94418854
0.95403010
0.93583661
0.94978988
0.94277811
0.93820453
0.94394147