0.10194013
0.06475516
0.11600235
0.17813297
0.49474987
0.48909885
0.50320339
0.57124335
0.59920937
0.54732054
0.44409379
0.62607700
0.56508768
0.59388560
0.62558448
0.60439026
0.63690454
0.60304648
0.54220468
0.56122267
0.53675193
0.58721888
0.73277885
0.65900457
0.61239564
0.43656716
0.62792051
0.48950973
0.60858244
0.50785506
0.50319576
0.53414273
0.50632584
0.58793855
0.71409577
0.64755338
0.60719550
0.68484098
0.60288167
0.59264058
0.55218011
0.67178720
0.60554945
0.59488636
0.51280987
0.58464193
0.37751216
0.41923848
0.51133788
0.32266098
0.37104660
0.29969838
0.44029948
0.34833694
0.48889905
0.43913421
0.44594303
0.38079545
0.50761491
0.60632211
0.62087065
0.48589084
0.62229234
0.69368762
0.59383351
0.71688461
0.53520244
0.38885412
0.37635505
0.38353062
0.38462335
0.33356145
0.33187604
0.43446454
0.56695837
0.50940818
0.58775926
0.56357527
0.63506496
0.58982503
0.48187914
0.45886871
0.50921673
0.33719531
0.32989860
0.53426301
0.58532220
0.58485335
0.63366896
0.59560764
0.63676870
0.64284253
0.66148651
0.62127650
0.59535617
0.53284395
0.59250849
0.57509971
0.65566909
0.57752514
0.50990558