0.13204351
0.50226665
0.51704907
0.70018286
0.69451874
0.72744024
0.66801763
0.69170034
0.64664030
0.69496518
0.64894569
0.71476555
0.63166445
0.72182500
0.68404531
0.71002936
0.77096421
0.64001346
0.68940300
0.55602586
0.53490770
0.61831689
0.69694734
0.68278849
0.60851461
0.57116896
0.51452982
0.42501658
0.52179617
0.62082583
0.63863862
0.61561179
0.66585970
0.73146737
0.68428153
0.62827528
0.58317435
0.49926564
0.34617195
0.28496611
0.42458698
0.53047842
0.49502704
0.52469581
0.29875129
0.41371539
0.47466195
0.55047572
0.38396060
0.37947834
0.46295017
0.46741971
0.49602115
0.53021246
0.59485829
0.61323184
0.65760422
0.71254432
0.77609313
0.71104133
0.61576307
0.49532944
0.52203375
0.48546180
0.57041842
0.70837981
0.64585584
0.54307044
0.58621228
0.58191931
0.55766505
0.45696205
0.28957415
0.16404207
0.28863680
0.27229580
0.36520484
0.45653737
0.54443854
0.39296186
0.59193438
0.72298193
0.56768256
0.68583655
0.64959222
0.55299711
0.57048327
0.73886907
0.71303689
0.66915399
0.70265788
0.70921510
0.56465608
0.52842146
0.42260063
0.47960877
0.57958716
0.66654372
0.44598645
0.59420872
0.62102681