0.08318138
0.83948946
0.83003062
0.83430272
0.78751683
0.82714301
0.86251521
0.82154268
0.83324814
0.81108820
0.88017410
0.84584856
0.85467035
0.85706693
0.80368537
0.79020399
0.83175141
0.88257140
0.81324226
0.79693270
0.85543269
0.79164964
0.79440725
0.83151633
0.79380339
0.85882998
0.85180444
0.82036239
0.77578145
0.82318681
0.84211487
0.86852539
0.78571564
0.78873169
0.85364234
0.82267046
0.81188941
0.79533994
0.86119628
0.82390749
0.76742750
0.83142203
0.84411550
0.86286163
0.77404320
0.82775229
0.74029106
0.80806929
0.78693330
0.85031968
0.78774840
0.77616262
0.76325262
0.72083628
0.85026324
0.79984939
0.83414006
0.83002603
0.79994285
0.77168155
0.83866328
0.84699655
0.82573014
0.86122203
0.85844880
0.79359800
0.81897819
0.80916619
0.84621680
0.83962280
0.79557401
0.84545600
0.84124094
0.83793348
0.84222364
0.85606974
0.79768366
0.82063693
0.54067117
0.77745974
0.77901816
0.67323405
0.75762731
0.77481824
0.82064378
0.84062332
0.82112014
0.86861718
0.84057242
0.80401254
0.85519820
0.75507730
0.61467516
0.55819184
0.54855460
0.77440774
0.78880984
0.80137396
0.80456591
0.84031123
0.73986351