0.07309195
0.12375723
0.09079205
0.17558604
0.33906034
0.08006347
0.23560014
0.18579613
0.10565695
0.24173355
0.31278810
0.26904818
0.28453663
0.28901166
0.43838313
0.33953705
0.30298850
0.24505468
0.26616195
0.32384521
0.39599708
0.32279411
0.34806430
0.36750004
0.37799361
0.35485721
0.24588008
0.24885771
0.36677730
0.36644164
0.22164950
0.42791718
0.56799936
0.38188794
0.21124233
0.21674313
0.13046016
0.21519604
0.25812447
0.25880826
0.32058617
0.29386681
0.38569078
0.51674885
0.40234125
0.47716400
0.46169549
0.26335546
0.46705523
0.48574996
0.43299317
0.42599002
0.58954519
0.30092037
0.29809466
0.33239710
0.34535679
0.33213601
0.44536674
0.29262364
0.29236946
0.13848218
0.35882363
0.44343454
0.45539981
0.30940047
0.39298099
0.42025366
0.43545577
0.43536428
0.39658585
0.17044845
0.36630163
0.37477627
0.29918721
0.41832742
0.52272677
0.21016061
0.30088949
0.36696815
0.37457782
0.10180061
0.37128997
0.31129041
0.44632056
0.57882220
0.43503410
0.44906020
0.53275818
0.37661222
0.16865622
0.10917559
0.19097218
0.24496740
0.36947787
0.21278857
0.38759884
0.47418514
0.24039489
0.48864636
0.47731331