0.09072412
0.94100839
0.91930318
0.92724901
0.93725860
0.94189131
0.91333753
0.91616797
0.94490647
0.92683238
0.91210014
0.93598336
0.89417726
0.95873666
0.94184411
0.94188279
0.95603460
0.94605857
0.92038286
0.94321245
0.94346619
0.96564013
0.96664029
0.96464562
0.97244704
0.95988065
0.96870506
0.95032990
0.95050180
0.96599764
0.94598746
0.95139837
0.95592767
0.96783781
0.96304131
0.95594567
0.92116904
0.95750517
0.94417048
0.95012289
0.94548440
0.94660604
0.93711036
0.93492508
0.94094831
0.94496179
0.94596207
0.95258254
0.94951743
0.94970381
0.94724500
0.94799531
0.94120061
0.94461775
0.94393128
0.93304664
0.95851135
0.95330346
0.94579595
0.96373528
0.94244802
0.96016806
0.94939542
0.96038783
0.93902707
0.94834429
0.93317956
0.92819655
0.96135604
0.96251631
0.95458931
0.92690468
0.95122933
0.92823720
0.94695330
0.94150060
0.96281481
0.95549566
0.96384883
0.96161401
0.96568632
0.95967311
0.94072253
0.95971572
0.95840383
0.95962298
0.94359976
0.93185961
0.94505292
0.93279707
0.94376540
0.94000262
0.93704188
0.93903506
0.94142044
0.92603731
0.90479970
0.93216836
0.94435465
0.92427081
0.91348630