0.07251303
0.11512630
0.06285498
0.07707615
0.06038430
0.08714057
0.06341978
0.08076907
0.07654594
0.10620750
0.06853181
0.10512448
0.13597675
0.08321504
0.10609577
0.03814037
0.08819281
0.20411935
0.03864357
0.12474289
0.11803818
0.08926942
0.10188045
0.08795642
0.05436976
0.09057286
0.08652513
0.06030141
0.07531478
0.09667455
0.13402420
0.01859844
0.08814637
0.09335459
0.08555263
0.04035969
0.05878508
0.05207141
0.14392409
0.11905460
0.06424354
0.05891790
0.10199059
0.15474276
0.03728275
0.09430810
0.06395833
0.11622651
0.11972179
0.06477308
0.04584492
0.15682748
0.12664674
0.12109947
0.06699967
0.02516420
0.15501651
0.09940298
0.05692060
0.09305930
0.05840168
0.11657657
0.10729653
0.08133049
0.05429106
0.12027964
0.10367393
0.05711641
0.11639033
0.03124324
0.05290946
0.12056139
0.07784517
0.12922485
0.07571020
0.04141657
0.12062887
0.05827549
0.10768789
0.05956953
0.08950479
0.05772794
0.07213904
0.06169314
0.09571635
0.13155556
0.09958885
0.07889523
0.08803295
0.06419399
0.08325444
0.17083885
0.15265511
0.02725596
0.12068642
0.06570143
0.14859329
0.04775809
0.07477227
0.06822180
0.07250199