0.13948847
0.95554757
0.94253296
0.94583273
0.95373106
0.96620858
0.95547676
0.94451684
0.95881635
0.95229334
0.95226663
0.95578325
0.96162105
0.93605769
0.94243044
0.94484568
0.94959712
0.96129847
0.95860612
0.93755263
0.92165583
0.92116517
0.92630899
0.93901789
0.90190107
0.94443202
0.91128123
0.94350165
0.93569261
0.92216593
0.93328768
0.90676671
0.89954400
0.93386024
0.91992640
0.93533480
0.91200548
0.92534518
0.94661707
0.93694037
0.92703629
0.90366197
0.93209106
0.95448035
0.94227386
0.93932551
0.90943700
0.94253457
0.92529786
0.95390630
0.95329058
0.94143504
0.92424369
0.93376708
0.95200294
0.94705307
0.95087487
0.95315421
0.95102090
0.95586616
0.94786173
0.96366781
0.96460170
0.96018112
0.95446640
0.96608043
0.95519710
0.94344330
0.96737123
0.96524626
0.96433860
0.95765465
0.96854913
0.95343018
0.95359313
0.94912833
0.94675285
0.95218039
0.91526085
0.93688393
0.92906183
0.94543457
0.93668640
0.95655113
0.94564128
0.96100503
0.93509603
0.94146955
0.95119309
0.94896406
0.95037478
0.94585234
0.95223099
0.93748438
0.94031197
0.94196749
0.93639672
0.94517863
0.94356537
0.93091416
0.95046544