0.08153112
0.93330765
0.92469513
0.94619322
0.93599081
0.93937254
0.93367279
0.92209035
0.91908973
0.93907654
0.93550020
0.95777094
0.95197433
0.95640546
0.96447891
0.96503502
0.97033638
0.95812660
0.94773668
0.96326375
0.95786685
0.97391146
0.95413268
0.96922457
0.93941897
0.96068811
0.95285767
0.95673746
0.95789635
0.96398032
0.95839387
0.96455580
0.95694435
0.96325934
0.95507950
0.95993876
0.96352303
0.96373153
0.96507472
0.95534462
0.95152861
0.96174407
0.95377558
0.95756286
0.93120086
0.94925886
0.95348281
0.94930339
0.93691176
0.94073296
0.94945449
0.95069337
0.92485756
0.94119287
0.92908686
0.94078475
0.94244277
0.93707168
0.95215994
0.95468009
0.92932671
0.92665082
0.93512380
0.94364744
0.93779027
0.92787969
0.93906575
0.94839579
0.93925095
0.92307931
0.92558432
0.95612472
0.97227132
0.96595502
0.95971084
0.94822431
0.95887506
0.95030618
0.95792860
0.95220739
0.95037085
0.95651925
0.95730245
0.95857179
0.94946265
0.94687325
0.95328379
0.94760984
0.94695902
0.93389356
0.94887793
0.95486420
0.94048929
0.94534200
0.94989157
0.94183969
0.94471681
0.95382780
0.94355887
0.94650698
0.96015030