0.08533442
0.12917535
0.09935851
0.14620429
0.08220377
0.03756942
0.08541937
0.15286812
0.07502693
0.04617166
0.07943940
0.08848651
0.08049918
0.07492191
0.07809013
0.14115705
0.08680524
0.11846679
0.06145796
0.10431429
0.14784700
0.13190007
0.12290113
0.05562607
0.15128829
0.10335400
0.13231957
0.18765043
0.12686063
0.09208687
0.15429974
0.11657166
0.08575062
0.09485480
0.05781815
0.09131207
0.07870632
0.02962811
0.14582665
0.05347790
0.14476860
0.07159310
0.10354707
0.04666851
0.13662966
0.10259125
0.14254680
0.12448816
0.05573463
0.03974629
0.06749380
0.10558254
0.03856821
0.15570506
0.10324283
0.05710806
0.12734242
0.06720444
0.03563594
0.14074910
0.10228486
0.06868338
0.08625381
0.06252199
0.13431509
0.12641461
0.06358677
0.04184594
0.07087976
0.09785223
0.11553352
0.12420467
0.19153883
0.07421396
0.10049175
0.06056312
0.10034524
0.06334464
0.10333946
0.14637050
0.05070101
0.05365248
0.16003960
0.15007676
0.09899842
0.12686884
0.06179500
0.07293519
0.04451076
0.11622442
0.07275113
0.06489997
0.14375876
0.05188550
0.04076821
0.08704503
0.15399849
0.11150346
0.05752750
0.09947404
0.07924057