0.07309195
0.86762917
0.91778785
0.87661481
0.88050741
0.87715930
0.87086511
0.88156438
0.89372748
0.89621788
0.90717870
0.91632873
0.90107155
0.87539256
0.87187606
0.88651448
0.86107880
0.90065825
0.90480441
0.87230277
0.82091242
0.87714523
0.89135939
0.86356550
0.87886786
0.90911180
0.91364145
0.88738024
0.90647888
0.92451739
0.91891336
0.89440435
0.91584861
0.88389856
0.86788750
0.87147528
0.82020277
0.87611151
0.82207417
0.90779549
0.82734370
0.78508532
0.87255198
0.87437683
0.87612647
0.89746737
0.87660527
0.84080583
0.85868663
0.82725710
0.87248635
0.89249259
0.85781777
0.84258169
0.89782661
0.91370469
0.89367133
0.88475746
0.91527361
0.88184130
0.91200173
0.90206146
0.85991806
0.82801795
0.86356515
0.85745180
0.85949874
0.76648611
0.81603301
0.79316765
0.70492798
0.76999700
0.83388841
0.88215715
0.88721967
0.77784151
0.74309349
0.87950277
0.86228269
0.87529731
0.89115232
0.90118593
0.86357772
0.84457380
0.87453771
0.91073155
0.86282569
0.89765382
0.86141229
0.90893382
0.86357421
0.89818501
0.89440811
0.85140395
0.85588676
0.88379133
0.87875766
0.88576132
0.90641534
0.88743699
0.90999490