0.03829549
0.80939710
0.86649442
0.82598060
0.88026434
0.87716329
0.85171229
0.85270834
0.88936514
0.88526291
0.88184249
0.87061089
0.83346868
0.90466136
0.87801492
0.89689332
0.86302996
0.85327780
0.86856568
0.80683541
0.89511818
0.88171124
0.88321388
0.87021393
0.86456335
0.88102621
0.87687457
0.86142761
0.85272950
0.87909269
0.82075721
0.86578119
0.88926864
0.90408522
0.90285355
0.90294212
0.88764769
0.89712417
0.88381469
0.84169531
0.90254897
0.90813261
0.90470034
0.89313161
0.88970846
0.88182443
0.88993704
0.89918399
0.89602858
0.86028326
0.84547859
0.86576623
0.87218308
0.86567283
0.86608046
0.80813980
0.89809209
0.90533549
0.87792283
0.84312826
0.86844957
0.87183893
0.88233739
0.91153061
0.85185099
0.88513601
0.85557437
0.87215376
0.87230539
0.90039617
0.86710173
0.88951433
0.84293032
0.88160217
0.90405470
0.92050439
0.89436918
0.85823786
0.90726072
0.87872553
0.89133513
0.88114625
0.87400430
0.86438072
0.88642335
0.84529144
0.88971299
0.86250246
0.86262810
0.89163721
0.85344487
0.87468863
0.86262894
0.87133956
0.82418436
0.92699003
0.91736466
0.79701531
0.90216506
0.88271165
0.85961539