0.06924482
0.93114042
0.94014448
0.94988912
0.94221824
0.94796884
0.95553851
0.94659096
0.94980276
0.95615876
0.94264412
0.94648743
0.95469832
0.93512118
0.93760842
0.94419289
0.93892372
0.93405128
0.92582428
0.93585896
0.94678056
0.92384857
0.94443136
0.93679190
0.92940056
0.94095832
0.92709941
0.94669998
0.94068098
0.94208169
0.94653410
0.92469496
0.92447281
0.93149000
0.91860217
0.93132102
0.90765691
0.92481315
0.92600548
0.93924499
0.94586444
0.92498672
0.93988740
0.91853452
0.84570366
0.87005937
0.91922194
0.93707216
0.89529872
0.93831366
0.92016578
0.93165690
0.91396606
0.93310374
0.93834192
0.93274039
0.94725907
0.91083455
0.93047118
0.91865271
0.93402338
0.91152310
0.94609010
0.93087441
0.91545218
0.92009944
0.92664903
0.94081968
0.92503023
0.92945856
0.94511580
0.94540071
0.90930223
0.93481988
0.93485951
0.93353051
0.94065714
0.94372946
0.94781363
0.93584955
0.91769791
0.94050461
0.90470499
0.93508756
0.93206346
0.94230300
0.92677516
0.94072205
0.94095522
0.93444651
0.92243689
0.90946496
0.94606513
0.93443906
0.93126595
0.93244475
0.92025346
0.94019151
0.91943568
0.94194388
0.93493497