0.13204351
0.32128608
0.38550925
0.37260211
0.36519769
0.40049583
0.25472543
0.20957083
0.40451992
0.64405245
0.63179135
0.53590447
0.55426997
0.55824375
0.42013893
0.41358444
0.59661365
0.50391912
0.47866586
0.35334453
0.62797594
0.59511614
0.48015049
0.44632193
0.32559064
0.43387738
0.40679783
0.33017701
0.33007959
0.35059643
0.44597065
0.49990091
0.53724200
0.66629165
0.57798165
0.58835584
0.56559449
0.65479964
0.67378563
0.50836748
0.51807982
0.47229654
0.41829562
0.24963313
0.29339069
0.41904807
0.35621968
0.30963317
0.41228652
0.32304740
0.44464013
0.58755177
0.57444030
0.59737039
0.61540890
0.61032033
0.56944430
0.56671548
0.55901814
0.59461993
0.59155947
0.56032908
0.55498981
0.58513308
0.59023458
0.61657703
0.64904463
0.60298425
0.44367939
0.55682558
0.44363058
0.45940021
0.37307259
0.45329845
0.45313990
0.43397817
0.49905074
0.44251180
0.45081478
0.34332168
0.10278498
0.28149399
0.38007918
0.35918778
0.41728196
0.25795329
0.31240359
0.30238938
0.24692482
0.36581555
0.41013351
0.27724093
0.38178003
0.57157731
0.61512667
0.74317306
0.75485158
0.61357427
0.60603368
0.62702495
0.69263315