0.11598152
0.10498801
0.02874579
0.10648177
0.18722916
0.01368009
0.14637254
0.08482286
0.06901632
0.10868656
0.08496284
0.10269730
0.05210572
0.14054580
0.06955395
0.14878608
0.10790947
0.08242029
0.08889950
0.09241105
0.10133637
0.11081015
0.05381397
0.04776914
0.08137371
0.13132669
0.06064122
0.13556683
0.10539120
0.16897814
0.05471121
0.10109480
0.07333388
0.05109467
0.08639679
0.14282732
0.14982757
0.17615569
0.02755837
0.09252521
0.12843822
0.13355757
0.08950959
0.06865644
0.10179693
0.08764046
0.08589330
0.11485107
0.08385149
0.07027541
0.07118264
0.09941533
0.06427917
0.08321073
0.06935958
0.08364493
0.10189366
0.08999201
0.17424160
0.03832231
0.15797701
0.09770367
0.14229438
0.09597795
0.06303509
0.08717420
0.04385377
0.09166636
0.06893409
0.13188824
0.01288903
0.12894113
0.06762514
0.13034381
0.03189403
0.12530553
0.05113457
0.11133071
0.16587722
0.09754649
0.13068208
0.10631224
0.16542549
0.13339885
0.07414450
0.19256996
0.05153364
0.12362564
0.05403449
0.05389532
0.13483593
0.05916863
0.07079449
0.04451511
0.15817541
0.13386387
0.08346047
0.13700134
0.08335135
0.15117376
0.02450094