0.08236460
0.89692968
0.89638621
0.89993036
0.92729956
0.90005332
0.92264330
0.91890603
0.89376426
0.91458923
0.90636617
0.91781408
0.91388834
0.92136216
0.90963632
0.92097563
0.92911530
0.90640253
0.91750199
0.87709838
0.91131449
0.89974803
0.89833170
0.89626527
0.91683888
0.87933046
0.88021958
0.88330162
0.90824699
0.91774666
0.89278382
0.92138070
0.92362428
0.90110970
0.89295393
0.90583783
0.92443979
0.91370064
0.89459491
0.91742128
0.90279371
0.88964987
0.90254194
0.90215576
0.91296715
0.89403707
0.91306847
0.90055650
0.89947075
0.92233491
0.92302585
0.89908755
0.92867768
0.90598750
0.88080221
0.87998438
0.91687202
0.91082072
0.91659743
0.90714461
0.90990067
0.91969955
0.91374129
0.92170203
0.90310150
0.91048276
0.91693711
0.90615022
0.91121763
0.90666151
0.91824287
0.92070913
0.91237921
0.92264336
0.88999766
0.90642416
0.89252204
0.89712662
0.91364503
0.91070086
0.91608298
0.91768897
0.91419929
0.89231324
0.90937704
0.91340578
0.86730528
0.90562499
0.91514224
0.92290825
0.92077583
0.91531801
0.90593207
0.91816956
0.91855931
0.92147708
0.90021867
0.91119200
0.90906632
0.90600687
0.91795295