0.12501109
0.14959535
0.07040100
0.08683231
0.07961896
0.18500009
0.05006684
0.14128700
0.11114486
0.10988723
0.08601880
0.11171464
0.04928309
0.03327470
0.12804905
0.13755313
0.11991015
0.07384460
0.07933443
0.08139252
0.09898870
0.11166143
0.12667675
0.13712429
0.09175607
0.07340653
0.09266290
0.08576999
0.09811156
0.08076604
0.08482955
0.07608707
0.08933806
0.05422956
0.17700303
0.09088070
0.07020475
0.02541650
0.08111721
0.11930904
0.08560593
0.07071413
0.06806087
0.06637921
0.12347461
0.07963152
0.11999202
0.05075913
0.06285958
0.06875817
0.06083991
0.03874215
0.15356709
0.09645280
0.06435080
0.04442145
0.05507150
0.07398751
0.09462728
0.06547382
0.12276912
0.08676364
0.15139194
0.12765948
0.07126994
0.11206454
0.10038316
0.14576024
0.09578102
0.13243157
0.08804540
0.06962655
0.08682162
0.18720827
0.09055754
0.04952810
0.12012459
0.12100133
0.09392095
0.07482094
0.08355131
0.04108764
0.09022202
0.16235571
0.08566614
0.15052798
0.10392035
0.13277511
0.16357847
0.03629531
0.02127918
0.14143597
0.12970544
0.05615985
0.07096910
0.12023327
0.09073047
0.10285340
0.14498587
0.11596970
0.06448154