0.13953310
0.06196104
0.13744873
0.14055848
0.08200115
0.10153465
0.09729710
0.14077723
0.09320702
0.06243930
0.07388232
0.04391069
0.04658796
0.08257532
0.13882582
0.11319362
0.10747432
0.13066956
0.05841600
0.12119327
0.14257218
0.07084604
0.05508723
0.06542295
0.04353140
0.14862424
0.03336913
0.09550380
0.15556937
0.04767638
0.13767745
0.05957200
0.05991809
0.07717096
0.09995154
0.07602882
0.12372597
0.08736233
0.07893675
0.11065760
0.04193718
0.07491843
0.10917746
0.08866797
0.06427148
0.04418105
0.11057107
0.13228832
0.10227401
0.07254121
0.00617905
0.14028388
0.02536269
0.15459466
0.09926076
0.09768306
0.10394372
0.04768670
0.14591515
0.11429591
0.06631444
0.07651253
0.09790146
0.04471834
0.11644480
0.04988304
0.11458524
0.07699509
0.05788976
0.12876207
0.05880877
0.06032898
0.09222119
0.07641625
0.13990203
0.16739435
0.06179919
0.11288475
0.06075390
0.04948992
0.03978063
0.07724294
0.06423445
0.03688493
0.05522753
0.06669016
0.02704374
0.03722294
0.06136302
0.05137329
0.09435315
0.10441770
0.13139328
0.18866125
0.09326439
0.04835300
0.05731535
0.11369553
0.14350757
0.03639774
0.15781540