0.08686347
0.91317070
0.93607610
0.93473023
0.94707757
0.94310564
0.92871386
0.94433838
0.92413062
0.94596177
0.91609979
0.95606577
0.94327295
0.94835585
0.94645000
0.92856908
0.95683360
0.95448816
0.93375099
0.95579398
0.95619851
0.94568080
0.93625259
0.95925885
0.89709771
0.91479856
0.93968874
0.92411250
0.94325399
0.91545457
0.93608373
0.94584501
0.91090453
0.94096869
0.95203882
0.94166899
0.93857771
0.94461852
0.92868876
0.92796153
0.91890860
0.93346053
0.91489679
0.92354780
0.93465155
0.94662154
0.93328905
0.94967669
0.93548387
0.95395958
0.95727342
0.95599574
0.95782471
0.96026498
0.92712545
0.94891012
0.94147170
0.92309678
0.94777048
0.95084387
0.92175120
0.93193567
0.93241549
0.91382927
0.94964486
0.95248437
0.89569491
0.93266648
0.93011367
0.94486177
0.93284804
0.95035601
0.95359802
0.94651216
0.94927573
0.94167602
0.94418263
0.93196023
0.94201088
0.93928260
0.93615133
0.94181114
0.92599672
0.94131029
0.94404829
0.94177812
0.95018172
0.96064097
0.93800795
0.94521421
0.94518274
0.92391944
0.93278176
0.92805409
0.93023902
0.90131134
0.93052554
0.92963088
0.93573838
0.92973602
0.92830741