0.18653215
0.20223540
0.16098303
0.17768002
0.12221041
0.05701226
0.13395056
0.17735024
0.32917309
0.11330802
0.13909374
0.12141198
0.03660556
0.20703465
0.07210541
0.14717349
0.19670786
0.14513475
0.29789206
0.22512580
0.18542156
0.12981991
0.22917695
0.12643303
0.13326412
0.21992719
0.19214761
0.18692848
0.19731258
0.11242165
0.10782871
0.18150808
0.11760204
0.11597416
0.30036688
0.18060791
0.11273987
0.14246291
0.05809014
0.09529504
0.15379132
0.18488269
0.20823459
0.10397104
0.22312385
0.21686301
0.21324377
0.03271269
0.25224936
0.18509498
0.20329371
0.06368769
0.19314590
0.17029728
0.13274685
0.08760543
0.09953107
0.02118708
0.17985541
0.02852629
0.19572157
0.09046538
0.19223045
0.21653682
0.05810522
0.32522887
0.14046820
0.12622890
0.16492067
0.21368389
0.25530434
0.16344589
0.07276478
0.09544405
0.08449551
0.09663177
0.16720991
0.13111606
0.20791195
0.10471494
0.11390500
0.11456071
0.18606073
0.09325097
0.09043885
0.32580850
0.01941019
0.10413357
0.05259603
0.02524862
0.21270293
0.14179501
0.11469542
0.21873118
0.18014812
0.09201339
0.14091212
0.16905643
0.18931255
0.19224302
0.20068625