0.09369902
0.30004323
0.15775335
0.13297015
0.07235855
0.25028211
0.31748489
0.37949353
0.45612794
0.20736608
0.50548536
0.39545849
0.57416803
0.45848683
0.39303413
0.33609590
0.31682122
0.36789674
0.44903466
0.54815108
0.39393866
0.38716361
0.44405708
0.50129277
0.53618550
0.45583031
0.46944961
0.46668473
0.60167426
0.42424047
0.37610340
0.45403457
0.47911781
0.50826371
0.50129706
0.36053345
0.56778264
0.59274977
0.46385354
0.49001321
0.43932000
0.55804211
0.51091665
0.57331294
0.41239497
0.49638826
0.46464980
0.21937256
0.42070171
0.42400181
0.40486360
0.42680261
0.45092094
0.40597698
0.30381110
0.31925529
0.47348645
0.32825333
0.29719082
0.48207641
0.44669014
0.41430423
0.19396263
0.26568988
0.42370772
0.37309331
0.24523747
0.34717065
0.30265006
0.35704589
0.26245919
0.32877961
0.38160348
0.37844193
0.50617743
0.46250069
0.34449825
0.30681416
0.28124666
0.17990275
0.40476885
0.37851670
0.24368082
0.28090268
0.24478471
0.13348846
0.09306017
0.41637784
0.40746537
0.42460921
0.41624659
0.49507371
0.31632665
0.42418143
0.23647709
0.31524095
0.26800635
0.35578823
0.45693910
0.39466679
0.50060695