0.11438119
0.21455275
0.14040774
0.32571906
0.32178861
0.42618775
0.47730219
0.55124092
0.52838290
0.52638698
0.27545848
0.34666401
0.40012699
0.63878858
0.55744016
0.50108618
0.52302670
0.58457845
0.43973050
0.51839948
0.48687509
0.29913092
0.26382780
0.12039576
0.14640948
0.27179971
0.35349926
0.33588469
0.23425098
0.32183418
0.43239442
0.44277132
0.48622045
0.55345607
0.47542611
0.37007526
0.33859673
0.41937363
0.40295231
0.51930994
0.52110285
0.50799882
0.50056136
0.49181846
0.50116199
0.44657302
0.47978455
0.41251954
0.31480801
0.39242703
0.35535482
0.53112787
0.53798205
0.50364941
0.53840834
0.60895109
0.67034686
0.65481538
0.67968559
0.42295730
0.54973936
0.66113836
0.63360006
0.61281568
0.70107740
0.60696828
0.62192988
0.53184551
0.41530114
0.34909588
0.46749458
0.47218627
0.35298568
0.39559573
0.33838749
0.43594724
0.32918781
0.35633668
0.36694291
0.39786056
0.33718356
0.50226218
0.44408631
0.42674300
0.52683222
0.73229355
0.74680609
0.59956121
0.52540898
0.60479635
0.56230551
0.54071581
0.53832370
0.49629289
0.48522109
0.50511175
0.45797503
0.45571923
0.43550792
0.33120719
0.15055914