0.05043321
0.15380339
0.03313932
0.09395416
0.11324916
0.01650077
0.13569528
0.18601122
0.11868830
0.06975859
0.05592845
0.08990670
0.07249739
0.14065921
0.10661791
0.03723473
0.07610086
0.18001081
0.08459664
0.12413213
0.09134128
0.12265440
0.09091877
0.14569515
0.05713145
0.06452484
0.16956235
0.02657888
0.11110374
0.08984590
0.08215309
0.17838083
0.08741821
0.11248156
0.16000392
0.05413667
0.09030879
0.08896566
0.08450469
0.08875608
0.08996560
0.10858689
0.10686731
0.04470744
0.05440261
0.05127047
0.12651759
0.09572917
0.10278284
0.07797276
0.05526244
0.08027323
0.06718516
0.04641270
0.03016442
0.11191570
0.05039580
0.07016947
0.08112589
0.13624749
0.09844466
0.03631448
0.11216333
0.08230326
0.10172930
0.11957273
0.09189851
0.09048060
0.06673531
0.05796201
0.15304257
0.04562476
0.12702368
0.06952061
0.08949389
0.15681981
0.21356964
0.04742926
0.12699680
0.09212455
0.06781690
0.01085524
0.04936990
0.10873763
0.15821588
0.10428081
0.08306024
0.20004576
0.02846077
0.04811914
0.09357743
0.06864363
0.12450825
0.06639270
0.07920182
0.10784472
0.08499867
0.09031384
0.09711412
0.03380267
0.10800128