0.16837636
0.08934052
0.12668192
0.10318304
0.22533131
0.18809897
0.06161010
0.14869326
0.15006001
0.05141193
0.20176356
0.11333724
0.08132843
0.06112364
0.10962106
0.13758300
0.11250244
0.19244392
0.03042771
0.05308304
0.13998112
0.10008908
0.06272975
0.10025279
0.07423361
0.07712074
0.18851350
0.20243272
0.05706070
0.08275542
0.10841846
0.14674142
0.12354016
0.03798918
0.13475662
0.08737341
0.14421515
0.02694043
0.06594802
0.10989985
0.02795157
0.09779266
0.09658892
0.12383357
0.07688562
0.14101741
0.07475711
0.06145195
0.05909017
0.10501515
0.10981826
0.01372032
0.11749215
0.09801137
0.04090880
0.05401450
0.07503109
0.07190501
0.04309252
0.06456427
0.04381325
0.04874985
0.08283921
0.18616337
0.08086447
0.03427009
0.09948124
0.06831385
0.12606472
0.10717899
0.07505462
0.13648260
0.09071350
0.09000113
0.08362757
0.13636264
0.14970517
0.14554197
0.08194467
0.17947266
0.11785627
0.09191567
0.12206730
0.15841077
0.08767424
0.12849605
0.06631971
0.07900561
0.12638497
0.11605313
0.10310636
0.09471417
0.13153228
0.04089493
0.07346438
0.16480172
0.07636774
0.02093502
0.06868403
0.04389812
0.10930705