0.17097370
0.06361693
0.01196748
0.11315876
0.12293604
0.08937702
0.12319449
0.10816186
0.05522702
0.11266378
0.02914936
0.09251472
0.03225921
0.08117104
0.05554155
0.09206033
0.14642343
0.06175991
0.06018455
0.05486920
0.06008771
0.18263735
0.07131785
0.07151812
0.11156643
0.03212986
0.06451941
0.19454271
0.15138565
0.21001361
0.17284136
0.11158527
0.02006912
0.14826387
0.02104191
0.11355139
0.07102580
0.19110170
0.10482053
0.12065823
0.13548502
0.06601458
0.04770860
0.10167208
0.15857923
0.14451881
0.07552902
0.12681839
0.10660078
0.09173740
0.07633641
0.04180600
0.08999316
0.09293070
0.07101750
0.25944468
0.10802708
0.04001267
0.18543680
0.03029200
0.13037881
0.01800988
0.02407256
0.13710701
0.05265506
0.14642839
0.04314607
0.07135725
0.05210074
0.14206453
0.02193472
0.08979961
0.04381781
0.05024230
0.07645510
0.08924991
0.05048385
0.04257347
0.09100325
0.04200882
0.07734928
0.10629915
0.17377992
0.06744590
0.02765145
0.09681330
0.08617707
0.06114234
0.10326236
0.04532160
0.09918632
0.11426020
0.06071233
0.12512812
0.10423990
0.05637225
0.12877876
0.16494738
0.10631441
0.06620483
0.03867954