0.15018468
0.94251275
0.93602461
0.93293923
0.92953736
0.92914492
0.89790267
0.91811389
0.93015587
0.91765696
0.93305397
0.88164037
0.92503554
0.89940840
0.93133664
0.91907394
0.92813182
0.93668848
0.93676513
0.93436182
0.93466079
0.92108011
0.95106584
0.93916845
0.91759753
0.92750388
0.94511932
0.94225526
0.94140345
0.93842840
0.94050944
0.91606271
0.92587256
0.93226057
0.92972445
0.92766923
0.91642839
0.92572349
0.94770950
0.95223105
0.90551317
0.93784899
0.93123382
0.93599528
0.94953543
0.93490928
0.93356329
0.94573241
0.94393271
0.94223017
0.92341024
0.93473852
0.93466455
0.94056487
0.94894522
0.92914546
0.94245476
0.93047351
0.92982477
0.93957824
0.94307458
0.93715948
0.94322759
0.94130790
0.93281054
0.92644829
0.91842186
0.93391538
0.89673781
0.94647294
0.90575922
0.94026595
0.90316385
0.93130577
0.91370094
0.92757285
0.91360307
0.91644633
0.94030470
0.91663796
0.93564093
0.93707258
0.90680879
0.92067111
0.91162848
0.93221658
0.91767853
0.92574829
0.91728979
0.93665582
0.93877602
0.92501622
0.93527281
0.92267853
0.92282927
0.93511927
0.92442536
0.89316058
0.93831944
0.93322617
0.93098909