0.17855704
0.85463303
0.86669821
0.81565672
0.87095940
0.83577615
0.81650633
0.86578405
0.86016458
0.88159621
0.76737076
0.86269462
0.84568268
0.78772277
0.88260764
0.84779882
0.85760164
0.84272313
0.87346196
0.87494677
0.80707330
0.87507796
0.86696708
0.84734988
0.84196031
0.76237768
0.86150193
0.85609114
0.84762245
0.86298978
0.71071279
0.80420041
0.81594092
0.86888260
0.83730257
0.88194078
0.83774167
0.82717234
0.91077024
0.78754896
0.82069755
0.81497467
0.83401328
0.83828354
0.79607397
0.84940982
0.81507957
0.85658407
0.88017786
0.88911247
0.86048478
0.85229063
0.84446412
0.84873796
0.84554183
0.77472705
0.74817246
0.82132673
0.86975896
0.79606622
0.86218780
0.85053480
0.81415987
0.86430526
0.83949387
0.84800458
0.87389898
0.81390715
0.81989062
0.83879966
0.83661562
0.71275252
0.82999033
0.84234011
0.76807588
0.87102079
0.87952399
0.88742709
0.86506331
0.83329576
0.87612069
0.85850763
0.84564430
0.87074363
0.86617911
0.87031549
0.84649676
0.85751146
0.82429534
0.70303530
0.88137847
0.87921280
0.81507140
0.87582886
0.82600540
0.85907102
0.85092294
0.85094452
0.84716642
0.80288053
0.85170549