0.26633909
0.08518395
0.12037610
0.08450279
0.12290055
0.07532391
0.13220857
0.13365063
0.09635615
0.12545103
0.10394908
0.12747493
0.15793224
0.07138550
0.07429737
0.10512300
0.19899094
0.05222322
0.13293816
0.10215956
0.07608487
0.06107825
0.09013853
0.06021532
0.09459267
0.08197007
0.06614903
0.08030672
0.05133109
0.14937119
0.05662708
0.07785703
0.05774157
0.11706509
0.07250426
0.06234033
0.12317994
0.15256353
0.11146494
0.07817235
0.05196554
0.04597621
0.18059623
0.10530382
0.05303308
0.05816427
0.09000275
0.09928669
0.10827449
0.08054992
0.18075448
0.19704662
0.08689991
0.08020967
0.08005064
0.10699917
0.01173520
0.10647589
0.10432935
0.05553116
0.04249011
0.10101864
0.06925677
0.07332245
0.07890158
0.08174164
0.08846171
0.10470196
0.06937546
0.08553488
0.04096442
0.10750523
0.06624612
0.11718652
0.03147847
0.05343897
0.06555262
0.08502000
0.11907683
0.14176649
0.02585275
0.04576338
0.06595701
0.10235289
0.13281958
0.06141891
0.10948734
0.07353953
0.02247048
0.09630494
0.05925264
0.06026821
0.09276650
0.03667116
0.15715499
0.02555975
0.07276528
0.03730064
0.10237009
0.15980566
0.03667305