0.16837636
0.13581607
0.13206829
0.13683368
0.22293302
0.04280119
0.11594676
0.10322769
0.08681203
0.15846843
0.08906909
0.07322440
0.24809891
0.06993267
0.20639898
0.20902674
0.11710007
0.23427039
0.24600799
0.20579895
0.24125415
0.26691261
0.15880609
0.17233597
0.24571039
0.12093898
0.15965900
0.10467605
0.07545269
0.15620393
0.28301224
0.27692571
0.36362553
0.26100776
0.23334508
0.26096866
0.25002757
0.35105124
0.41802293
0.26107585
0.33783558
0.39937478
0.26894498
0.23677719
0.25391480
0.34969440
0.09528968
0.24658783
0.28964016
0.11725713
0.12414996
0.20895146
0.17974648
0.42127484
0.33497784
0.39089698
0.31167886
0.31861684
0.10140011
0.21996002
0.26551664
0.15152699
0.25658995
0.26412866
0.24494262
0.19611774
0.16211149
0.24174307
0.13177386
0.16064492
0.06121589
0.16451360
0.09314033
0.14944160
0.06500049
0.14034416
0.16609183
0.28264031
0.20169723
0.32617170
0.23296279
0.22170790
0.22149229
0.23292589
0.12458932
0.31157979
0.11212429
0.04496128
0.24915448
0.38354236
0.35450020
0.08889933
0.27718595
0.17749867
0.22374478
0.08344687
0.01444368
0.08064719
0.21489704
0.09220921
0.26425013