0.07852264
0.03619551
0.09281706
0.06838772
0.12151074
0.14267632
0.09516609
0.05216962
0.02631911
0.07600328
0.11967973
0.10242340
0.08522681
0.07037769
0.07772885
0.01121555
0.07145270
0.24106033
0.10764148
0.05854947
0.10661166
0.06552600
0.03492442
0.05052616
0.11656280
0.09542159
0.15563653
0.09415504
0.04547865
0.09553864
0.13743427
0.03873562
0.04726427
0.17990619
0.20393351
0.07850254
0.09825525
0.07874633
0.07144544
0.08101320
0.14917405
0.08712916
0.08637540
0.13417788
0.04158679
0.11986750
0.17079666
0.12234369
0.05860528
0.12042417
0.18592124
0.04049339
0.12614973
0.08568402
0.12661915
0.06930308
0.08279854
0.06705159
0.10032048
0.10753283
0.12911819
0.14411971
0.15030368
0.14182919
0.02219697
0.07124545
0.11805736
0.08030511
0.09647881
0.12002148
0.08831520
0.08184325
0.13422054
0.14716922
0.08920904
0.10295863
0.08833852
0.10054173
0.07950835
0.06526529
0.14005919
0.07941992
0.07804754
0.10930679
0.17023426
0.02962707
0.07929455
0.07742345
0.11216960
0.12662840
0.01777132
0.10525031
0.11337163
0.03846230
0.13547508
0.04910725
0.14359656
0.11218248
0.09955736
0.09295163
0.11166228