0.07309195
0.08693675
0.07266049
0.12205714
0.11985966
0.06994051
0.07845649
0.11061090
0.11857475
0.15679435
0.12433321
0.08657701
0.08271118
0.14404124
0.11277536
0.05994683
0.07019816
0.10648955
0.06024837
0.04527911
0.03008289
0.11247509
0.08504864
0.14998493
0.04872563
0.01372202
0.03628574
0.11955438
0.12299220
0.05052817
0.08923697
0.05310455
0.08828010
0.15619893
0.08774676
0.09688925
0.06025322
0.10145018
0.06612349
0.08157975
0.13485396
0.11977830
0.12015773
0.19662957
0.16282205
0.03355350
0.15744929
0.09613430
0.07493012
0.09751303
0.10878725
0.06249709
0.05187842
0.16275240
0.22788519
0.07734764
0.07082865
0.14465745
0.06243990
0.08452760
0.16724260
0.09991672
0.08983482
0.03119825
0.19069679
0.16927670
0.10960992
0.07282192
0.18343639
0.06502959
0.02182869
0.07361183
0.02520957
0.11376252
0.09587103
0.05676493
0.05540410
0.08155654
0.11470041
0.14965522
0.12639548
0.06019521
0.09540210
0.07624048
0.06492682
0.08699860
0.17087376
0.07404359
0.08607953
0.15004861
0.22231789
0.12271838
0.15013744
0.08950263
0.04079076
0.06563591
0.03701575
0.08035548
0.05890195
0.05570243
0.08113055