0.14959984
0.82899803
0.83496958
0.81560075
0.83057356
0.86508751
0.84792489
0.82865834
0.84833127
0.73123819
0.67534667
0.80769140
0.85229254
0.85228240
0.86349696
0.83625329
0.81704748
0.86215788
0.82770538
0.82700127
0.80808502
0.73242652
0.80052811
0.79322648
0.84777677
0.84999430
0.77415049
0.82520938
0.78136772
0.88213944
0.81768423
0.78896761
0.79180360
0.81142008
0.84500504
0.84384274
0.82418853
0.79938596
0.66736227
0.59320748
0.83303690
0.75434613
0.77895445
0.73010844
0.72006774
0.83269387
0.83241254
0.78917128
0.81517845
0.81875765
0.85328341
0.83408952
0.82379091
0.78278250
0.75427049
0.82620162
0.82985789
0.88069761
0.82686841
0.85668302
0.83283305
0.77743661
0.65770590
0.60822749
0.72357786
0.80490577
0.74884856
0.84951699
0.67668235
0.84166527
0.81663585
0.43600655
0.63514400
0.41975003
0.61325419
0.33166054
0.38207901
0.71154594
0.75858408
0.66503853
0.48523128
0.72489274
0.49929464
0.66243386
0.54705977
0.80210817
0.86730981
0.69521630
0.73986071
0.72952741
0.89171714
0.72601700
0.64255124
0.63480765
0.48895428
0.47805750
0.73456198
0.80970544
0.82561952
0.81719530
0.76823670