0.14536166
0.12031314
0.12914717
0.06589020
0.06984237
0.03660904
0.05404110
0.09030031
0.09251766
0.05368058
0.05069717
0.03281207
0.11858173
0.11019638
0.05119916
0.10437053
0.13686040
0.06868406
0.07264128
0.07561786
0.10491863
0.13703279
0.11008110
0.10727188
0.12700327
0.11011253
0.11187595
0.07435056
0.10729751
0.05661298
0.12237895
0.14433460
0.12200122
0.12126949
0.09061354
0.06604234
0.10916769
0.07040831
0.14086343
0.06308015
0.08414258
0.02161466
0.06809642
0.13666925
0.17052707
0.16290009
0.08359313
0.06015447
0.02410293
0.03178690
0.05271300
0.04960329
0.17436424
0.14971641
0.08587748
0.07976732
0.09282409
0.06152768
0.11473729
0.09161970
0.05094380
0.09940250
0.05722576
0.13900186
0.10804942
0.01712283
0.06978716
0.14089781
0.12629506
0.09888724
0.05700342
0.07967262
0.09022257
0.06751743
0.06334511
0.18706898
0.06535275
0.13162084
0.05872725
0.09057940
0.12556091
0.14581925
0.11433946
0.12986976
0.05258029
0.02537191
0.13827577
0.04567722
0.23899154
0.10048144
0.07671379
0.12686497
0.08291974
0.12796769
0.08583777
0.06377003
0.07492354
0.17719267
0.04423014
0.05134178
0.11606033