0.04433002
0.68103409
0.90925354
0.89392233
0.86889756
0.89284956
0.88940650
0.90383804
0.87779295
0.88861841
0.88843048
0.91416723
0.92005575
0.90396237
0.89827394
0.88670242
0.91394746
0.89543664
0.90469438
0.91601425
0.94493431
0.93505549
0.92135376
0.89445168
0.91448462
0.82957667
0.88117379
0.86376196
0.88351631
0.88419509
0.91221046
0.86862665
0.87565398
0.80292952
0.84384656
0.88657308
0.88014185
0.86828810
0.86310601
0.87273788
0.87791860
0.85772872
0.86584419
0.90529597
0.90406793
0.88359106
0.91778678
0.92558527
0.90548289
0.94326919
0.92020309
0.92354363
0.93982488
0.89839828
0.93659991
0.91692680
0.87344521
0.89180833
0.88186216
0.88815331
0.93691170
0.79657394
0.91206121
0.92669070
0.94010383
0.93289673
0.92137045
0.93600661
0.90796399
0.93470144
0.92445868
0.89322925
0.89978552
0.90369248
0.93208933
0.90778410
0.91568899
0.90970129
0.91542625
0.88599455
0.88930267
0.91170418
0.92595130
0.92215180
0.90880454
0.88177788
0.94029242
0.90417922
0.93773401
0.93759936
0.94981784
0.93301958
0.93073416
0.90359139
0.88250566
0.80961740
0.79484183
0.88440704
0.91220194
0.77429420
0.86249059