0.08263827
0.63770330
0.72070676
0.78975838
0.80201852
0.83176529
0.80223173
0.83129239
0.82225537
0.76366401
0.74307096
0.77926856
0.84066373
0.80359489
0.85850906
0.81681412
0.84077662
0.86576945
0.88486451
0.86428475
0.87858754
0.79491508
0.81491685
0.85116708
0.83954513
0.79507792
0.74921501
0.82967925
0.80508286
0.82072830
0.77609086
0.81377977
0.82632720
0.90981764
0.85152507
0.89010942
0.81711817
0.83993942
0.82930642
0.81625348
0.85263872
0.82933116
0.84519774
0.80333138
0.84258735
0.86864340
0.81169784
0.75280243
0.84313399
0.81578046
0.83563161
0.85892105
0.87635070
0.86614114
0.85152334
0.85805321
0.86631972
0.84224641
0.74709821
0.88668132
0.85514838
0.75732803
0.83740675
0.81365705
0.84901100
0.85124010
0.87844247
0.80035567
0.83351278
0.77517104
0.84326720
0.79197878
0.85834235
0.85820913
0.88368356
0.84505063
0.86135602
0.83036947
0.88007253
0.81850225
0.89740461
0.86820114
0.90687454
0.88224626
0.87466353
0.89357191
0.87548345
0.88049054
0.82630813
0.85805082
0.88226753
0.82447875
0.87204671
0.83448654
0.88207000
0.83551359
0.89106369
0.88591474
0.86568540
0.89641488
0.91755778