0.19788478
0.06164372
0.08884077
0.13396031
0.05658907
0.09442582
0.06782370
0.02347997
0.07818314
0.08493939
0.08535159
0.07550837
0.08032335
0.05870955
0.05996310
0.06221664
0.13102704
0.06577069
0.07585058
0.11186060
0.13552105
0.11909924
0.09925959
0.09285422
0.06058425
0.04828838
0.11684986
0.11637788
0.07814595
0.07762525
0.17758389
0.10951904
0.08229245
0.12227575
0.09821302
0.12455229
0.06189215
0.03840185
0.06136287
0.04597977
0.16865422
0.12608093
0.08103985
0.03006660
0.05767417
0.09423702
0.10462564
0.06169286
0.07842991
0.10113528
0.06841957
0.03218623
0.07879116
0.05316859
0.13164797
0.07140712
0.15497859
0.07892457
0.12629555
0.09172268
0.05875286
0.06555177
0.10223682
0.08088138
0.07960678
0.07911441
0.13192219
0.10464233
0.11340275
0.04564579
0.07515137
0.04592498
0.07876591
0.11752595
0.11399677
0.12720698
0.19145755
0.05828769
0.08787197
0.05172990
0.11654922
0.09076777
0.08107040
0.11661850
0.11809679
0.13069654
0.10454191
0.15614986
0.08597633
0.05542728
0.11549364
0.02836434
0.08259743
0.09560864
0.12132389
0.06955730
0.09484744
0.07991403
0.04256460
0.12865926
0.16446070