0.02160217
0.95043075
0.94715667
0.93812835
0.90117133
0.94784647
0.94201958
0.96011949
0.91742951
0.95115685
0.94210482
0.94410384
0.94141519
0.95235968
0.96102041
0.96528077
0.94843173
0.95717549
0.94466937
0.94435912
0.95721781
0.96380335
0.96318138
0.95620507
0.91738784
0.95717841
0.92668015
0.95277351
0.92987806
0.93445188
0.95529801
0.96705538
0.94623637
0.95818567
0.92755967
0.91333175
0.88321376
0.94100082
0.94416535
0.92405540
0.93615878
0.92619240
0.93196356
0.88573152
0.94564909
0.92868865
0.90084285
0.86390448
0.92037255
0.90437096
0.94458640
0.92770469
0.94109488
0.91913629
0.94067818
0.94625282
0.93084991
0.89890158
0.93133998
0.94882971
0.93565226
0.94776797
0.94218504
0.95681292
0.91108251
0.92607057
0.94768381
0.95022774
0.94030321
0.93480074
0.93777853
0.95098460
0.93503541
0.94915736
0.95223165
0.95609391
0.94492894
0.92403466
0.93251395
0.95243347
0.90032285
0.91303515
0.93846649
0.92928869
0.93598318
0.93934441
0.91753942
0.92776507
0.94160569
0.93378288
0.91329336
0.94818610
0.95407653
0.92928678
0.94679976
0.95229262
0.95376897
0.92962706
0.94550425
0.96777064
0.94778526