0.04433002
0.07690253
0.11538637
0.12746944
0.06791873
0.09052787
0.19357319
0.15372707
0.15504634
0.09850527
0.16325186
0.30194193
0.33490089
0.32612064
0.35023665
0.37861526
0.42734921
0.36869943
0.39366111
0.27992401
0.23256676
0.18988723
0.26366645
0.23502536
0.30277082
0.33797002
0.28127724
0.22041285
0.13396467
0.22424811
0.10400235
0.21414694
0.31255904
0.35068431
0.37875390
0.39323053
0.23872177
0.11111932
0.25326112
0.39800879
0.36554635
0.26465318
0.32033524
0.25036359
0.09927490
0.16749884
0.28112236
0.29063359
0.46476108
0.38963631
0.17977217
0.22649479
0.29790336
0.19827132
0.11396752
0.20692709
0.33422393
0.47805512
0.29553232
0.32082474
0.16921686
0.39015347
0.38598984
0.33565000
0.15574020
0.12799348
0.28927082
0.31352502
0.23109831
0.16225815
0.30419102
0.23738739
0.20404269
0.16855824
0.34664169
0.23797524
0.22006184
0.24481277
0.27040732
0.29468003
0.35393563
0.46829683
0.40293598
0.40949669
0.29356059
0.16792779
0.17691903
0.22547802
0.21697322
0.22285141
0.11542102
0.28922772
0.37602943
0.30367336
0.44966593
0.18309003
0.21770076
0.21670884
0.14891705
0.16956371
0.30620790