0.09471528
0.08473904
0.07091259
0.08236460
0.15155055
0.11804046
0.05889501
0.04859430
0.09357689
0.10602618
0.05570683
0.09207568
0.15207474
0.11469702
0.03607631
0.08954668
0.11499884
0.17411987
0.07210537
0.09607585
0.07678498
0.12444582
0.10734878
0.06794626
0.06463058
0.11106047
0.05841763
0.09286696
0.06603502
0.14436769
0.12442452
0.07419004
0.12462606
0.11706275
0.06361690
0.05923959
0.05858189
0.09606235
0.03860146
0.03827148
0.08043738
0.10260481
0.08201748
0.02844043
0.07108012
0.01508724
0.07373168
0.09195597
0.06446835
0.06060061
0.06599896
0.12824133
0.09100693
0.09775267
0.08562142
0.07529356
0.13393894
0.17563875
0.07531545
0.08039730
0.06997845
0.10037030
0.04027362
0.09316517
0.13344115
0.06347910
0.11807630
0.07673059
0.02279451
0.10863177
0.06169567
0.06728174
0.13030155
0.09754253
0.03575961
0.04699054
0.05220269
0.05868568
0.07921570
0.09059943
0.12745816
0.12939475
0.07940759
0.10037095
0.02667064
0.13468602
0.05712093
0.10859130
0.06077695
0.08185219
0.03249260
0.04962182
0.17756101
0.07327643
0.12249108
0.08783800
0.06200781
0.15806167
0.03360083
0.07749341
0.06335193