0.09254986
0.56066519
0.78516954
0.85220277
0.86034834
0.78066552
0.85730302
0.80573535
0.85837847
0.81606293
0.84087431
0.88329244
0.89135391
0.84173471
0.86351228
0.79275620
0.84613687
0.84545928
0.83460075
0.82552385
0.77740186
0.83925086
0.83457625
0.84589273
0.82017618
0.84412038
0.78256613
0.80263448
0.80151868
0.65927321
0.86256737
0.80850899
0.84639245
0.85654807
0.86055261
0.82734877
0.80572182
0.80933076
0.79561371
0.83690375
0.80370253
0.86875618
0.87671387
0.82137275
0.87430328
0.85468274
0.89619929
0.86247218
0.87874657
0.91080964
0.86495572
0.81683695
0.74814606
0.84428889
0.84188443
0.85714811
0.83064216
0.85070908
0.89294136
0.81098229
0.79973274
0.76980448
0.76094508
0.83085895
0.86002982
0.82943451
0.85870767
0.86012048
0.86027122
0.83088976
0.86546952
0.87076759
0.85449892
0.79787248
0.85526079
0.82711595
0.85622197
0.87593818
0.83814752
0.84566480
0.89671350
0.86644697
0.83094424
0.83299685
0.83050668
0.83762842
0.83410347
0.82748693
0.85894835
0.89549363
0.81664681
0.76801383
0.80402404
0.81154472
0.82011342
0.80210876
0.73836523
0.71823901
0.86362386
0.81421530
0.79757774