0.06998644
0.05219311
0.09779713
0.12916325
0.08426010
0.10366815
0.09336836
0.09171735
0.08147519
0.11545520
0.06234735
0.11631481
0.20867592
0.08454838
0.12732664
0.17092107
0.03927941
0.15885405
0.00937984
0.08598205
0.16540147
0.22395073
0.13019715
0.06009743
0.17750864
0.12689283
0.13075697
0.13476856
0.08230809
0.05745916
0.11475191
0.11255611
0.05444989
0.08272199
0.06467650
0.12541242
0.12782274
0.11723705
0.04034471
0.04887597
0.10713939
0.15896997
0.04977765
0.05778494
0.13032068
0.16309726
0.04713578
0.10624049
0.06012744
0.04444028
0.17222165
0.07882395
0.09639439
0.16900635
0.03945861
0.07729302
0.05692790
0.07059877
0.03465115
0.18128870
0.08989194
0.10825824
0.07256781
0.08773241
0.04303581
0.07219891
0.08982201
0.09288310
0.05068541
0.09627560
0.10165125
0.09349725
0.15484945
0.15555139
0.14088008
0.13715109
0.11446463
0.04049681
0.05232592
0.03509419
0.06714065
0.11496587
0.05179638
0.05248655
0.07465313
0.06615618
0.05341464
0.12083708
0.12377365
0.13680452
0.04393322
0.05825020
0.07820996
0.08957478
0.04227878
0.12685581
0.11501294
0.09048770
0.12477705
0.18356527
0.11444372