0.04433002
0.73337764
0.86253417
0.86358094
0.83721220
0.88168174
0.84729707
0.86003309
0.84464622
0.85274339
0.85450685
0.87107581
0.85058039
0.89172822
0.83973050
0.81971776
0.83502042
0.88655001
0.85506934
0.83313453
0.86404479
0.85780555
0.86044943
0.80069816
0.87849653
0.83699548
0.83187777
0.78033811
0.82004356
0.84061265
0.86701834
0.85665154
0.88771963
0.86344397
0.89738894
0.78204316
0.81649232
0.77113706
0.85716730
0.85333562
0.85439378
0.87441796
0.80412751
0.85074157
0.83312255
0.80592477
0.83480972
0.83486605
0.81784445
0.88086951
0.82557237
0.66786623
0.80702347
0.78390938
0.81895387
0.87957662
0.88562697
0.86739409
0.87346673
0.87217712
0.85943735
0.88210410
0.83900225
0.88195336
0.86249387
0.88281280
0.88452077
0.86806053
0.86048698
0.85915649
0.81660569
0.87925535
0.89698350
0.85379684
0.87570632
0.90163374
0.88355714
0.89669222
0.89249527
0.86572182
0.89321673
0.88640040
0.83988541
0.89996564
0.87609982
0.89573270
0.87993020
0.90435791
0.90380585
0.90688753
0.90099525
0.87787414
0.87799406
0.85396254
0.89248359
0.85874802
0.88132358
0.87649202
0.88853663
0.90262383
0.88495034