0.07498821
0.08326816
0.13575718
0.16496241
0.13224576
0.03319592
0.02982055
0.11568675
0.06631861
0.17537689
0.08398776
0.14339297
0.18963246
0.04213078
0.13143700
0.13358240
0.04941305
0.08213989
0.06712511
0.15967323
0.11074612
0.05490362
0.12091719
0.03219448
0.05376868
0.09880268
0.14173901
0.07992037
0.05432437
0.13227871
0.10093921
0.13912052
0.02252839
0.03716860
0.10175838
0.08792261
0.07590101
0.10374503
0.09367962
0.08244240
0.12667249
0.03992818
0.03692213
0.10048600
0.02036751
0.10391962
0.06730116
0.14722207
0.10547109
0.07402918
0.07141411
0.07298809
0.06031224
0.10989814
0.09531971
0.08478293
0.14410158
0.11304334
0.07207585
0.01650593
0.05378975
0.14449881
0.09527183
0.09387790
0.19428360
0.11069638
0.02402104
0.04530202
0.07504562
0.06825859
0.08724663
0.03024005
0.11752756
0.11393714
0.02392324
0.07161950
0.09149408
0.07530470
0.06363573
0.10071720
0.08708487
0.09877001
0.14927259
0.13796972
0.06112567
0.19142056
0.05918763
0.05952723
0.09334063
0.12662494
0.03352540
0.07402471
0.03914550
0.09480867
0.12539764
0.10240864
0.16821502
0.12302137
0.05097423
0.07674316
0.07372648