0.15928271
0.79998368
0.88191205
0.89654464
0.89683783
0.84339285
0.86789680
0.89613479
0.92773390
0.90782076
0.86264074
0.89450324
0.89635634
0.88354212
0.84832352
0.90990877
0.85690331
0.87306595
0.84715384
0.81777632
0.88008553
0.90914726
0.91588014
0.83839446
0.92103434
0.90876138
0.88553125
0.84051669
0.85982460
0.86133111
0.87349939
0.87090987
0.88343573
0.88444787
0.89176732
0.90944093
0.87653649
0.76225710
0.80770797
0.89248675
0.89822626
0.88356227
0.82238138
0.91129845
0.85971034
0.82095826
0.81564462
0.84921724
0.84659076
0.85664338
0.82480735
0.89342803
0.84073555
0.87917674
0.92891639
0.92401648
0.94036746
0.92784369
0.92449158
0.87144244
0.78468591
0.87477440
0.87610137
0.87728715
0.87134385
0.89908838
0.91642386
0.93568534
0.89732844
0.91829801
0.88382077
0.87548828
0.83371109
0.77407992
0.91756332
0.92783815
0.90101069
0.88753700
0.85648364
0.91638297
0.90431589
0.92801905
0.93569368
0.93639380
0.89383364
0.93397033
0.89712083
0.91105086
0.91498584
0.92476416
0.89049685
0.90470678
0.89527434
0.87483263
0.83062202
0.85476464
0.88047689
0.87432325
0.89053071
0.87640917
0.87641996