0.09163785
0.92365229
0.94100928
0.92526972
0.92866379
0.89708388
0.94389963
0.95026189
0.94645220
0.92009538
0.96019220
0.96279860
0.95731467
0.95787448
0.95683396
0.96052766
0.94791448
0.90838289
0.94549012
0.92091101
0.94329691
0.95237714
0.94348341
0.94705087
0.94284493
0.94528002
0.96244514
0.95131171
0.94848466
0.94083077
0.93463552
0.94575769
0.94901204
0.93260711
0.95227492
0.88094294
0.91070473
0.93901360
0.91584390
0.92288834
0.93601775
0.93022758
0.92176867
0.92048162
0.93341810
0.87340623
0.91136092
0.94996512
0.92671508
0.92495608
0.94087058
0.95718598
0.93265909
0.93999892
0.92479241
0.91890597
0.95364881
0.92898226
0.94916761
0.95070028
0.95226204
0.95189399
0.95008332
0.92849213
0.94261885
0.93239266
0.90233803
0.89792800
0.93811762
0.93963975
0.95715660
0.92526817
0.92737967
0.95424700
0.92913908
0.90993112
0.95028341
0.93614084
0.91895437
0.94083428
0.94726211
0.93532377
0.93376923
0.94479644
0.89432555
0.94101417
0.96381670
0.93201452
0.94041634
0.94699937
0.96671504
0.93207365
0.92604619
0.94197947
0.94879997
0.94016188
0.92231256
0.93785214
0.94156158
0.93664956
0.95143569