0.18653215
0.75980520
0.92551261
0.93060136
0.93314791
0.92865759
0.89421201
0.91625792
0.93386102
0.93404794
0.93909818
0.89881760
0.85964876
0.92555410
0.92394996
0.90779650
0.89323181
0.91506922
0.90049589
0.94256324
0.81396866
0.93412125
0.86408663
0.93842620
0.94558978
0.91196382
0.87408584
0.91081154
0.89110941
0.88074189
0.91219515
0.89313173
0.94122368
0.93871653
0.83367121
0.91750371
0.88698280
0.92962366
0.92607069
0.90050155
0.93452799
0.93715495
0.92588305
0.92378867
0.89977479
0.93458003
0.93131727
0.91230845
0.88430262
0.94180572
0.89367300
0.93482614
0.91388214
0.87547964
0.92525846
0.91871953
0.89479113
0.88111514
0.83367378
0.82052934
0.91282600
0.85316467
0.86052930
0.88686216
0.89671481
0.82727134
0.89339316
0.85300273
0.80917037
0.88215208
0.90934092
0.88832837
0.88395828
0.84655565
0.79231882
0.89170480
0.89452362
0.87982005
0.90395111
0.89049864
0.79611176
0.77074957
0.77785361
0.80844641
0.86745036
0.84020525
0.88315028
0.88283044
0.93025148
0.90493888
0.89149016
0.83584768
0.90775579
0.90949279
0.91240698
0.86568290
0.90292794
0.89265931
0.87733811
0.80101013
0.76069808