0.06916220
0.02882081
0.05618097
0.14419232
0.13811123
0.10851867
0.08173437
0.10876890
0.11954749
0.05364053
0.11288871
0.08567860
0.09801153
0.06154276
0.09813202
0.10585949
0.07103159
0.13733706
0.04732423
0.19234195
0.15615621
0.12683466
0.07140127
0.04989012
0.06400733
0.10521381
0.11834304
0.14439984
0.07263174
0.11489037
0.09424308
0.04663306
0.06973776
0.07705723
0.11444776
0.11787300
0.05806230
0.11654987
0.12204068
0.02970647
0.06057540
0.15501887
0.06226448
0.17963666
0.05289052
0.13451636
0.07597550
0.10881772
0.16246228
0.20155564
0.10335974
0.10134725
0.09681391
0.11326278
0.09795932
0.15619746
0.06804319
0.13052568
0.05774638
0.07160719
0.08150032
0.11343435
0.10226206
0.10338794
0.11069508
0.06948578
0.03207706
0.17139131
0.14716135
0.08560385
0.19316465
0.11336949
0.10565924
0.09215534
0.04049508
0.11553770
0.10409010
0.07246989
0.05863891
0.09151102
0.07290126
0.16406709
0.12553734
0.09204043
0.06395754
0.09281900
0.13438639
0.12877525
0.03346908
0.09421503
0.07787223
0.04120793
0.11429597
0.08033031
0.13394092
0.06393810
0.08472212
0.13759087
0.07328068
0.08267593
0.16394567