0.02160217
0.46396628
0.87941331
0.89522910
0.85711968
0.88035274
0.88270712
0.87715417
0.88183868
0.83131582
0.89154023
0.88629729
0.86243814
0.87744254
0.82186610
0.85503662
0.85545433
0.84936941
0.88347793
0.84726435
0.87225038
0.89256418
0.90858507
0.90950859
0.84653306
0.88572645
0.89230239
0.90219110
0.86962944
0.87674230
0.83900213
0.77802896
0.84360468
0.83776855
0.86539727
0.77355576
0.81005502
0.84869242
0.89976966
0.84592062
0.88006914
0.84807593
0.81923413
0.66112173
0.85921091
0.84793001
0.87293822
0.82666731
0.84069365
0.90072298
0.89456451
0.86004519
0.83806127
0.87190092
0.82829309
0.86128813
0.89996374
0.85145307
0.82739586
0.84651369
0.89696157
0.88323754
0.86859787
0.86077696
0.80343801
0.85861892
0.82284957
0.88239837
0.87940538
0.83689725
0.84969789
0.89293307
0.81312585
0.89868224
0.89067000
0.88213456
0.89331889
0.90057808
0.82858133
0.92717093
0.92977488
0.85640109
0.87312585
0.82841390
0.88458180
0.89854431
0.87649381
0.86948144
0.85677284
0.83805823
0.84417379
0.89883906
0.86879379
0.82375026
0.78833807
0.88281804
0.82723665
0.80166250
0.82693315
0.88465774
0.89141738