0.05321941
0.12150638
0.04384739
0.10261937
0.05079274
0.02880819
0.05946960
0.09022249
0.06379499
0.18064092
0.04749938
0.10214309
0.10325957
0.06138032
0.04978065
0.05829861
0.12569508
0.05809522
0.05609273
0.15068446
0.11562488
0.06961672
0.11103360
0.07259572
0.07513040
0.07428274
0.07497253
0.08226990
0.16960043
0.07512403
0.08433822
0.12193621
0.14055079
0.06863096
0.21335736
0.07489987
0.06380019
0.08278710
0.05426607
0.08992657
0.03878532
0.11540211
0.12222141
0.14600119
0.13171715
0.14861681
0.19900712
0.06243841
0.08168516
0.10018161
0.14204636
0.09719028
0.05892544
0.06294382
0.10830749
0.09612591
0.06588351
0.10763736
0.13808973
0.19377682
0.07736406
0.12799782
0.06045058
0.10293636
0.08957233
0.10594801
0.06455662
0.07633676
0.14036779
0.06980112
0.06072934
0.07826827
0.13583396
0.15501438
0.14199398
0.11999167
0.11505821
0.02435406
0.10005645
0.07177211
0.16531488
0.12173464
0.03762889
0.06781540
0.11876668
0.07607739
0.11104026
0.06913099
0.08638055
0.10713445
0.04594152
0.10174060
0.12325101
0.08193235
0.09724266
0.16806421
0.05901762
0.14767145
0.05484030
0.11543612
0.07888616