0.11598152
0.74554825
0.77622294
0.83827937
0.76639128
0.61263710
0.66235977
0.76291490
0.87700486
0.76084483
0.79632956
0.78560942
0.82109118
0.78695428
0.78476530
0.65254438
0.85525823
0.85294133
0.83727300
0.82881486
0.90241671
0.80832565
0.88121766
0.80346251
0.89769191
0.90524513
0.88154465
0.85315490
0.90798318
0.81466484
0.86103296
0.85104531
0.86654365
0.89809501
0.88569361
0.80704927
0.89411318
0.87724763
0.88273728
0.87211776
0.85301584
0.81583124
0.79498047
0.79530543
0.86566842
0.89233226
0.85296226
0.82316726
0.82117707
0.86306739
0.77328813
0.88540024
0.87685812
0.83703047
0.80447721
0.85863858
0.77199823
0.71028847
0.73613656
0.79191405
0.84373111
0.70151109
0.58922154
0.69545102
0.71676069
0.77114838
0.85632062
0.83855748
0.78622508
0.83464545
0.87619662
0.85154527
0.71115595
0.77908272
0.90158510
0.88365990
0.83251870
0.80928391
0.82304311
0.85606277
0.74550498
0.72390693
0.76868552
0.81213951
0.76480204
0.74748057
0.88667488
0.87268567
0.86163145
0.83001328
0.84200233
0.83676201
0.81009299
0.86010134
0.67916059
0.66620362
0.75413728
0.80276662
0.74321830
0.84478259
0.84148729