0.04789208
0.92917138
0.89060712
0.92332995
0.93906456
0.91043913
0.91485244
0.90781629
0.90075988
0.91885954
0.92918235
0.92306691
0.90303886
0.92220449
0.91434127
0.89289182
0.92547697
0.92003351
0.91140574
0.90768081
0.84937644
0.91617143
0.92524970
0.90924662
0.92510420
0.91558462
0.91796219
0.91725004
0.90463018
0.93108130
0.86889029
0.92338037
0.91084862
0.93332976
0.91758406
0.91059387
0.92368019
0.93201709
0.93402773
0.92152977
0.91841978
0.94090605
0.91184694
0.92942828
0.94479108
0.92809778
0.91654730
0.91956282
0.93024755
0.93169761
0.91445059
0.90538222
0.91537648
0.92501014
0.91639900
0.92373925
0.90879959
0.93153554
0.91220695
0.91412348
0.91335869
0.93858957
0.93436563
0.92467856
0.92880964
0.91709632
0.91982317
0.93201119
0.90836716
0.91961396
0.91994447
0.93514460
0.91782218
0.92630410
0.92188859
0.92919183
0.92482948
0.92141831
0.94145393
0.93016493
0.90226424
0.91949952
0.93936127
0.93672800
0.93487579
0.92503703
0.92622161
0.90705943
0.90807223
0.91510385
0.90516013
0.91098833
0.92340630
0.91964781
0.92866296
0.92834169
0.90576315
0.91912007
0.89361793
0.84527785
0.92066896