0.18653215
0.14940158
0.08762186
0.07961884
0.12921453
0.07250669
0.06651091
0.13392706
0.12189647
0.08585093
0.12896904
0.04004093
0.10824351
0.09040134
0.07114871
0.02636068
0.23579061
0.07025820
0.10976536
0.04513423
0.09177744
0.09663901
0.01844727
0.08712805
0.10241255
0.10358705
0.07387528
0.15136729
0.12528633
0.11924236
0.11034936
0.08733623
0.05398197
0.07452233
0.08435629
0.14097145
0.10371108
0.09400236
0.16144669
0.08203708
0.08934066
0.07829530
0.14029191
0.19187398
0.05560969
0.11643305
0.07184955
0.12752840
0.09951438
0.05139521
0.09407402
0.12084959
0.08399497
0.12853399
0.06632230
0.13623811
0.08464213
0.07000818
0.04492579
0.08717182
0.06108601
0.06548075
0.17253268
0.04218917
0.06723543
0.10784012
0.08297889
0.12943226
0.08937895
0.07018792
0.16002056
0.12913083
0.05642583
0.09968353
0.15649201
0.06788672
0.06803345
0.04926327
0.09616770
0.09563038
0.08980305
0.13011859
0.14114766
0.07145522
0.03186726
0.01688536
0.12820804
0.10991883
0.06427594
0.06754807
0.04476635
0.06797149
0.12698154
0.06468779
0.12251088
0.17465986
0.06947845
0.06705926
0.07255780
0.03480269
0.09897318