0.02160217
0.16288587
0.07251918
0.10932118
0.06579704
0.08652792
0.19486400
0.06646593
0.08011372
0.08171204
0.07891487
0.06688070
0.12210550
0.04824819
0.09131302
0.12034746
0.08533245
0.03204572
0.04425747
0.06085445
0.09517224
0.09175268
0.07355198
0.08804069
0.07560399
0.09247702
0.13011421
0.14263690
0.11164419
0.08503355
0.08713801
0.07849214
0.08931636
0.04664000
0.11545315
0.15548323
0.10447747
0.09549454
0.07071896
0.05744912
0.07798143
0.05602375
0.05885805
0.06486774
0.05917826
0.06466032
0.12842149
0.16804865
0.08233863
0.07729928
0.11816676
0.09696271
0.03655940
0.15101326
0.12513669
0.07964592
0.10347451
0.07701921
0.12507325
0.09455034
0.16900173
0.06678250
0.13091591
0.14383154
0.03604919
0.08929575
0.09732249
0.07957659
0.10914180
0.06389559
0.10542454
0.07325345
0.09102735
0.10817406
0.08113160
0.12990588
0.16351822
0.10082398
0.13778441
0.13093862
0.12445387
0.10244104
0.13969195
0.21237804
0.07477581
0.16882578
0.03511707
0.04494381
0.04807390
0.17394868
0.17768648
0.15284653
0.06631156
0.14101782
0.13982075
0.10036860
0.09012586
0.15643363
0.04177331
0.10658698
0.09429391