0.11438119
0.13441584
0.13466425
0.13248086
0.16206183
0.15340130
0.10038227
0.15039432
0.12324104
0.11226044
0.18043880
0.21973458
0.21459518
0.22528964
0.14783467
0.15817365
0.12448090
0.18599857
0.08043269
0.09697630
0.16273433
0.17608862
0.10309564
0.09055578
0.16626930
0.11157929
0.11576179
0.07370226
0.35055381
0.10768524
0.23796239
0.21599577
0.22056961
0.15176082
0.09696253
0.14935581
0.07545755
0.08489956
0.17394677
0.20397472
0.10050545
0.05829738
0.32585847
0.11737865
0.07333764
0.31293115
0.18866663
0.10010228
0.08716065
0.26371223
0.19599010
0.10702708
0.19501919
0.16329199
0.04716559
0.14030877
0.19013058
0.04492469
0.06345119
0.16237836
0.15112597
0.21900611
0.10342523
0.17231663
0.06615319
0.13023753
0.14715451
0.17839676
0.15226999
0.13218361
0.13688321
0.08098347
0.11143467
0.09024654
0.11979689
0.24957076
0.13163547
0.22799426
0.07083655
0.03835470
0.17042263
0.14843868
0.18038830
0.23429859
0.30346894
0.07878979
0.18820286
0.06574890
0.01507101
0.06750508
0.11772983
0.07450862
0.26123926
0.06671081
0.17333509
0.11504827
0.18784599
0.22208001
0.12845939
0.12354608
0.26048961