0.09254986
0.08343243
0.06218827
0.11844929
0.08408198
0.05461543
0.08819641
0.08708978
0.06836958
0.18244949
0.16181926
0.09798849
0.11348386
0.08464053
0.08284188
0.10952193
0.14380264
0.07480324
0.07275023
0.09945735
0.13624725
0.13528699
0.07020536
0.13360706
0.09283549
0.04319654
0.09292188
0.13358918
0.11931506
0.02300583
0.06067843
0.06205573
0.07819894
0.06026480
0.04086830
0.12475283
0.11244482
0.06665359
0.12554564
0.08751205
0.15150705
0.11493840
0.10097353
0.17521881
0.13032544
0.06315331
0.02351018
0.15464392
0.08599895
0.04081978
0.07503606
0.07785674
0.05856733
0.03979845
0.18934087
0.09823885
0.11891383
0.08518468
0.13001412
0.07511731
0.06971704
0.12583040
0.14566140
0.03263241
0.10901433
0.08519104
0.10110852
0.07873128
0.10581278
0.12098040
0.15100434
0.08945287
0.06575796
0.08047056
0.09543417
0.15528120
0.14977947
0.06254162
0.13272899
0.08822219
0.18006967
0.11090212
0.02579362
0.07157438
0.12249708
0.24355894
0.08827925
0.05491971
0.14762050
0.07429648
0.06162090
0.14155127
0.10305069
0.09420704
0.05085777
0.09696748
0.12601221
0.15680335
0.10307475
0.14942631
0.21850961