0.15928271
0.92487794
0.93297571
0.93032891
0.93398315
0.91515177
0.91342634
0.92148489
0.94437492
0.94066489
0.93890274
0.94513237
0.93345827
0.93886548
0.93847138
0.94197702
0.91221452
0.94683397
0.93357664
0.95162803
0.93654990
0.95314837
0.94888967
0.93928617
0.94559389
0.94045043
0.93351471
0.91523725
0.94673103
0.92116857
0.93315989
0.94165564
0.92301506
0.93478370
0.91214484
0.93784469
0.89862031
0.94499826
0.94387770
0.94364488
0.93434966
0.94154173
0.91437989
0.94100606
0.91377366
0.94461554
0.94684464
0.92967790
0.90197790
0.94940680
0.94400358
0.93768048
0.92979449
0.95532006
0.95098424
0.96839505
0.94056338
0.95494008
0.94945151
0.96894193
0.95194387
0.95141721
0.94784337
0.94734985
0.95647568
0.94072342
0.95469534
0.94866121
0.93079376
0.92844081
0.93175489
0.93575060
0.91588861
0.93809897
0.94041371
0.93457031
0.93329841
0.93423796
0.89839900
0.93272614
0.93089479
0.90581739
0.93091935
0.93665344
0.93633920
0.93383509
0.92050582
0.92234331
0.93212175
0.92571241
0.91153032
0.92796516
0.94049829
0.94358414
0.94408870
0.94306427
0.94681525
0.94871545
0.93170965
0.93912894
0.95442671