0.11078583
0.88539153
0.87796766
0.88260382
0.85106474
0.88660377
0.84170538
0.83511597
0.88380164
0.90963143
0.89305991
0.92321950
0.83973718
0.90973312
0.89115113
0.91533530
0.93989146
0.90377271
0.91673601
0.91067934
0.89757872
0.88143075
0.90272450
0.88053894
0.85419250
0.85979515
0.88118112
0.90425593
0.88911897
0.88794726
0.84920698
0.84112078
0.89814675
0.85836715
0.89112443
0.90490150
0.88009369
0.89157677
0.88068873
0.86645162
0.91487420
0.92087829
0.90297717
0.83065778
0.90489107
0.90675008
0.90780485
0.88858068
0.87518036
0.80461395
0.90254027
0.88924766
0.87014222
0.88888824
0.90753853
0.91641283
0.90957856
0.91760790
0.92245436
0.91182935
0.92538553
0.93412471
0.89790261
0.91281772
0.90318197
0.90283144
0.82021713
0.85403359
0.76827949
0.78670943
0.82945114
0.91514730
0.92205042
0.88827920
0.91804522
0.87586731
0.85127729
0.88875955
0.90267068
0.88647699
0.82660675
0.87340111
0.85336608
0.84340882
0.76666695
0.92103767
0.91658491
0.92767936
0.92058080
0.89784193
0.91502810
0.88209039
0.85131508
0.87222207
0.86887991
0.88874495
0.93200570
0.89674652
0.92202699
0.84373552
0.93326235