0.10194013
0.08593832
0.25951639
0.23006065
0.46589649
0.31605348
0.47092751
0.58784705
0.75648934
0.77730924
0.74160135
0.81191421
0.70024842
0.60952312
0.44995335
0.66422212
0.67928064
0.69655907
0.73864120
0.71751648
0.67502207
0.74051917
0.81638420
0.70034349
0.78199548
0.74079508
0.74241048
0.62982523
0.58676845
0.58156729
0.65985197
0.66670716
0.73152679
0.72908872
0.75401747
0.79912978
0.81027037
0.84302253
0.76182586
0.81899291
0.77237874
0.79158556
0.79727250
0.74920714
0.70938438
0.69083250
0.69439989
0.72790945
0.69849509
0.69184983
0.71376348
0.61616117
0.68881577
0.74892420
0.80363327
0.83073640
0.78848070
0.76869208
0.65666527
0.77474707
0.72916466
0.75820190
0.75305259
0.83779770
0.75994766
0.72496462
0.69385964
0.70699829
0.63503492
0.57870597
0.61320585
0.66263354
0.66704512
0.64945120
0.72850442
0.75436705
0.69687873
0.78597116
0.76643771
0.73217291
0.70997560
0.73730904
0.71603948
0.68210572
0.71168852
0.74198723
0.68939090
0.73551893
0.81102318
0.75689638
0.75406861
0.76078933
0.76075035
0.81363738
0.75446248
0.78127170
0.73141098
0.78729928
0.71665758
0.72554380
0.56190354