0.13948847
0.33541161
0.35187557
0.41881204
0.20004395
0.38652897
0.38837251
0.65120125
0.68764436
0.65238792
0.69583303
0.71817625
0.65264261
0.55013275
0.58568531
0.69892478
0.67415899
0.70515764
0.81609637
0.70201683
0.67391706
0.72976494
0.55192477
0.63097131
0.74786317
0.74679083
0.65465188
0.55304003
0.60221940
0.53974211
0.64367914
0.74335480
0.77936071
0.75261205
0.75752866
0.72076154
0.68975800
0.71343589
0.73132354
0.68570256
0.73805994
0.64626902
0.62372446
0.70479560
0.68953413
0.61392820
0.68908441
0.77075595
0.83085734
0.78814477
0.70646232
0.77896190
0.76420397
0.75788438
0.76074767
0.72085398
0.65045512
0.66767538
0.83273590
0.78994799
0.79884040
0.76770669
0.83167028
0.76998115
0.81448346
0.76363254
0.75381464
0.68435395
0.79423445
0.75170356
0.76462358
0.81074744
0.71931231
0.67662567
0.61294639
0.56210220
0.81938338
0.85987276
0.86544418
0.85576010
0.86480606
0.77223861
0.83982491
0.85665977
0.74415392
0.78910393
0.72163087
0.75262034
0.74369127
0.65874571
0.56767678
0.57359689
0.66376227
0.61312497
0.65373343
0.57960457
0.66733724
0.58731782
0.65531248
0.71055871
0.72632027