0.09471528
0.30578586
0.39210579
0.43168464
0.52167028
0.65474564
0.66486895
0.74761742
0.69936526
0.70354134
0.53708661
0.45355979
0.49300525
0.52956587
0.47427136
0.67086011
0.69872576
0.80378950
0.85577047
0.77974319
0.77145547
0.65229017
0.65874487
0.73883146
0.66442698
0.69525892
0.69006228
0.65465242
0.70073080
0.80207098
0.83702928
0.82807624
0.85060972
0.83355123
0.84687293
0.86086863
0.80424809
0.81509429
0.77645499
0.80953264
0.82160276
0.75938284
0.75941437
0.77303755
0.75385529
0.77345049
0.77393180
0.76584661
0.76303917
0.78128350
0.67365372
0.73365766
0.76322472
0.74767900
0.78751379
0.80814832
0.71994048
0.80595285
0.62469167
0.68299860
0.67807388
0.72019869
0.70242715
0.74481654
0.62290120
0.72431761
0.73939013
0.69756830
0.69452453
0.78471494
0.74098593
0.77851605
0.79920882
0.81587499
0.73588842
0.71615547
0.75814062
0.73342133
0.76562470
0.78753477
0.75281507
0.72606820
0.74803001
0.74472117
0.78140676
0.80548584
0.74030995
0.72541559
0.68930596
0.69107544
0.73995292
0.67886412
0.69059271
0.72423697
0.83016658
0.79447538
0.77820200
0.74516165
0.75869089
0.75829107
0.73217362