0.04789208
0.30924037
0.36762986
0.34994641
0.41004315
0.38107151
0.36595395
0.43144637
0.64742738
0.48307967
0.35774013
0.28814414
0.29538336
0.41574502
0.50302935
0.71016610
0.78099531
0.66862839
0.64820254
0.64364129
0.60114074
0.65955430
0.66238475
0.74713218
0.63618028
0.69184709
0.68465608
0.75583315
0.75094271
0.73561531
0.68717331
0.64726138
0.65635568
0.63107765
0.56788635
0.54921144
0.66711378
0.65121597
0.46990329
0.53885210
0.55843210
0.67670470
0.65478224
0.60399157
0.59979266
0.50149792
0.40742388
0.44230530
0.41503909
0.53547448
0.39157394
0.42384177
0.57717222
0.54465508
0.53738075
0.59454459
0.48744047
0.57457232
0.64378309
0.66072851
0.67897773
0.57111090
0.63787138
0.66816169
0.74356252
0.77834451
0.75448775
0.71984404
0.71678579
0.60688734
0.61965668
0.66198373
0.63937491
0.58156818
0.63555419
0.60546887
0.64811045
0.55541843
0.57952976
0.58381814
0.63176841
0.69775832
0.69005525
0.76441038
0.75690353
0.68644547
0.73878342
0.74051595
0.80301130
0.71733075
0.72862047
0.70306778
0.70768982
0.71082628
0.64613414
0.49130452
0.63181663
0.66770905
0.69524485
0.75145602
0.64684558