0.09471528
0.27797329
0.24631067
0.26891744
0.20602575
0.30036017
0.36143294
0.42327771
0.58955324
0.56768823
0.72675741
0.67016274
0.68008476
0.54075110
0.64996886
0.63389516
0.57305688
0.57031566
0.40527165
0.33344007
0.11476058
0.13796824
0.28519401
0.46293324
0.45798206
0.41143581
0.62787503
0.49434650
0.49738529
0.56959140
0.34007621
0.30649307
0.47539195
0.50150466
0.53299844
0.52373576
0.37772915
0.31882966
0.43459430
0.49328604
0.31209150
0.33594814
0.31084532
0.33414114
0.36646497
0.26780418
0.33768541
0.30188179
0.25892889
0.31714392
0.23733467
0.23233457
0.06376655
0.22696476
0.18535493
0.36709145
0.45524853
0.43490371
0.31137851
0.26423779
0.13104516
0.33030623
0.58512515
0.58241463
0.58326834
0.55422187
0.45119956
0.58089781
0.61402547
0.51542848
0.44941625
0.50003409
0.43969736
0.48927185
0.57844377
0.40547913
0.40567550
0.42268613
0.51017964
0.38248575
0.40206978
0.40249428
0.27213123
0.39609092
0.35692024
0.41024852
0.49636269
0.53590184
0.55878633
0.52372628
0.48824605
0.44159451
0.45188782
0.50208998
0.47118872
0.40495384
0.33822623
0.30783460
0.39123335
0.50589377
0.53572357