0.06721490
0.05799590
0.02752902
0.12301066
0.11437412
0.06587088
0.14159380
0.14429462
0.06420544
0.12873583
0.07635903
0.08391756
0.13099797
0.11684068
0.04673655
0.01995259
0.05804202
0.05573106
0.10727657
0.01781837
0.07728923
0.05280476
0.07554086
0.04691202
0.10459195
0.19260482
0.12494507
0.10587717
0.06749474
0.10838997
0.08733773
0.10299943
0.08645687
0.07687625
0.10325202
0.08055431
0.10298070
0.07433964
0.11528588
0.17293912
0.05497357
0.05207126
0.12434755
0.06499156
0.14858077
0.11013265
0.07678203
0.05415160
0.07732168
0.13810492
0.03300567
0.07151639
0.07925119
0.06670147
0.04812647
0.06028058
0.10290612
0.05074230
0.09766683
0.14397277
0.06711819
0.10818991
0.08687076
0.07463484
0.13392690
0.08783828
0.04689269
0.10283827
0.02828594
0.08968481
0.09329732
0.08366333
0.12460539
0.03620807
0.10601891
0.05402526
0.02463164
0.06157800
0.07372937
0.02366491
0.14375250
0.08648016
0.09410378
0.05467036
0.05138292
0.08023204
0.06430993
0.10689339
0.05217345
0.07922473
0.10305542
0.04688162
0.12140914
0.09476371
0.05455165
0.13586111
0.10905979
0.08524904
0.09343809
0.02425358
0.08679390