0.11421080
0.05473641
0.12215328
0.06013216
0.17664005
0.09216974
0.12093591
0.02371820
0.09405466
0.03858756
0.06630614
0.09064450
0.08912607
0.12670846
0.11308976
0.08578412
0.09645084
0.10962905
0.12381210
0.15692487
0.15204076
0.07929199
0.10873567
0.08153728
0.14265071
0.15614133
0.12012910
0.07730469
0.09172924
0.08563609
0.11881642
0.08623885
0.15566553
0.13293435
0.13987161
0.04276116
0.13304272
0.06600663
0.06297803
0.05190812
0.03379131
0.07476442
0.13930355
0.11542711
0.13019298
0.12967294
0.16064386
0.06952441
0.18735668
0.07423069
0.13525005
0.09778593
0.11253026
0.07401036
0.08669171
0.06312278
0.17027162
0.09211469
0.05778867
0.15444648
0.19602308
0.09635404
0.02571625
0.05407457
0.03890456
0.05232996
0.10449395
0.07537458
0.08554515
0.09154398
0.01928322
0.10231260
0.10669664
0.17230026
0.08875245
0.06824246
0.07665347
0.17927879
0.07141607
0.20926161
0.07206188
0.08663078
0.15123723
0.09097006
0.06338169
0.13688184
0.12934569
0.05260088
0.16091427
0.07733607
0.11295125
0.13148911
0.15735696
0.04352381
0.15407208
0.09131729
0.08173351
0.11170010
0.14390014
0.10164323
0.10434809