0.13413320
0.02398708
0.04233119
0.15001999
0.10087384
0.04773241
0.14335229
0.01905292
0.02122756
0.15900122
0.08725814
0.09995185
0.06087727
0.13240655
0.07016655
0.11788502
0.18494885
0.08281855
0.05897691
0.10242252
0.09371812
0.05276015
0.11085303
0.06512257
0.16433346
0.07058749
0.09043279
0.09132642
0.10629170
0.16161422
0.08358342
0.08663092
0.09509806
0.15537189
0.08945885
0.06501170
0.05279982
0.17178015
0.05933782
0.09701698
0.08497737
0.07831904
0.11107664
0.06510352
0.03494190
0.06129556
0.06764844
0.02693594
0.09809289
0.06244244
0.10382058
0.05847726
0.09463307
0.06939134
0.14487971
0.12449268
0.13174620
0.16222988
0.03962559
0.04216539
0.01035522
0.10407474
0.08873855
0.06918695
0.10975040
0.10652085
0.12641543
0.15834001
0.08967758
0.07294640
0.06418998
0.11058576
0.06268368
0.09358185
0.07903035
0.05358614
0.13734064
0.05934062
0.13438725
0.08864722
0.10906965
0.11940453
0.05208312
0.17261282
0.14165980
0.09435644
0.13505271
0.13828257
0.12663370
0.02711969
0.04867669
0.08600277
0.04568519
0.10174697
0.04527570
0.12826012
0.07852751
0.08851865
0.11077715
0.05787541
0.09508783