0.13204351
0.92220771
0.93593496
0.90825200
0.94733155
0.93425077
0.93485010
0.93494225
0.93210965
0.93863320
0.92958540
0.92510980
0.92424631
0.92718810
0.92637497
0.94102538
0.93960434
0.93944824
0.93920463
0.92298746
0.93910944
0.93306261
0.91238475
0.93312395
0.91940415
0.91048431
0.91607946
0.92220747
0.94045889
0.92920631
0.91517985
0.90182906
0.93789947
0.91745675
0.94393355
0.91954863
0.93757927
0.92313039
0.94303656
0.93472505
0.91935748
0.92088979
0.92452055
0.92600381
0.93436396
0.93503690
0.93215352
0.93127269
0.92727220
0.91795272
0.92156911
0.91009116
0.93026716
0.94297653
0.93297827
0.91991103
0.93037683
0.95385879
0.95202768
0.92728841
0.92372710
0.93923014
0.94192964
0.93512845
0.93193769
0.92058790
0.90370715
0.93520617
0.93517458
0.94216675
0.94675970
0.93382448
0.93039584
0.93898505
0.93204463
0.94154984
0.95030367
0.92577440
0.92091233
0.92907435
0.93149686
0.90495181
0.93805993
0.94385099
0.93780035
0.93144065
0.94543946
0.92182517
0.94509238
0.94148195
0.93156403
0.93410331
0.92852885
0.94231576
0.91478705
0.94228154
0.93745494
0.93639028
0.94209021
0.90001106
0.92858338