0.08263307
0.94302338
0.94585794
0.92404181
0.92609835
0.91035575
0.91042405
0.92482972
0.90867364
0.94268358
0.93128043
0.90058821
0.93857849
0.93203521
0.91957253
0.93253815
0.93016821
0.90450341
0.88262451
0.92324096
0.92462128
0.93728119
0.91582143
0.91796577
0.92492515
0.91567212
0.93742919
0.92199385
0.93314290
0.93323272
0.85764533
0.92204362
0.93979234
0.89707404
0.93894470
0.95322174
0.93156451
0.92024535
0.92845488
0.93913698
0.94033700
0.93812567
0.92741722
0.94198740
0.94909424
0.96045083
0.94966882
0.94439787
0.95539826
0.95719481
0.92618990
0.93580008
0.92177826
0.93143713
0.92043525
0.94932288
0.94831622
0.93657130
0.92194414
0.91955781
0.92947477
0.93498594
0.93679953
0.92481315
0.91196436
0.94324094
0.92371732
0.94400138
0.93640959
0.92660677
0.92079866
0.93201661
0.95168638
0.92738068
0.93817663
0.94844550
0.93845963
0.94202101
0.93544191
0.94328278
0.92307693
0.94640839
0.93961585
0.94289839
0.89903867
0.94682258
0.94201905
0.92788148
0.93796706
0.94526130
0.93994689
0.93016696
0.94318753
0.91042310
0.91379815
0.93703979
0.92002815
0.93673497
0.89581954
0.89442343
0.92633128