0.13454574
0.90213656
0.90466034
0.93099612
0.90431571
0.85439050
0.81283462
0.89253259
0.88812655
0.90755981
0.92676377
0.87957019
0.92108816
0.89074647
0.83241171
0.93398392
0.89911383
0.85199332
0.88781792
0.80316079
0.84353709
0.89416605
0.87171280
0.85910910
0.84666252
0.87918037
0.89000100
0.88012391
0.87271482
0.90122163
0.90494066
0.91029954
0.91694152
0.89924973
0.91151398
0.91117775
0.90673774
0.89168620
0.87994087
0.91731530
0.89529037
0.90796411
0.84087312
0.84565705
0.86932528
0.88735586
0.88967764
0.81751668
0.90841150
0.92381060
0.86944169
0.88170677
0.90741891
0.92535394
0.90352339
0.92379361
0.88607860
0.85470146
0.90679687
0.86991179
0.86566305
0.86425012
0.90924120
0.90682250
0.91609907
0.92020845
0.92735612
0.92375463
0.90413928
0.93832231
0.91680276
0.92702186
0.93293059
0.89553213
0.89013451
0.93723387
0.87544984
0.86213028
0.88179719
0.86144668
0.88900536
0.88121969
0.80850136
0.78325617
0.87315178
0.90271652
0.90325731
0.88481539
0.88985705
0.89099562
0.89392108
0.79902810
0.90809202
0.88419205
0.91090882
0.86410630
0.82986534
0.89833379
0.91826749
0.87003851
0.87050247