0.14674504
0.38453892
0.46909541
0.57102996
0.59548128
0.60519511
0.65252787
0.61659878
0.67573029
0.66058135
0.59078020
0.63111937
0.67541426
0.53419471
0.66368794
0.66051483
0.61206859
0.64647454
0.65373069
0.70629656
0.61796063
0.56775194
0.51830465
0.62445509
0.71453661
0.65861982
0.60070640
0.58582163
0.56943566
0.51478118
0.60009634
0.65767860
0.59824282
0.65165848
0.62606138
0.72456229
0.72903067
0.68959570
0.71738786
0.66165769
0.54778463
0.51782364
0.34925491
0.60642987
0.70452666
0.65592784
0.73825938
0.70977819
0.68629861
0.67533225
0.64317709
0.75050980
0.74807930
0.72533685
0.68410158
0.71899688
0.75508237
0.69183576
0.80569667
0.74046874
0.73579836
0.70334631
0.62459689
0.66438186
0.63139659
0.62013412
0.70329309
0.73091537
0.68761957
0.71385252
0.66209280
0.54595834
0.73172307
0.71565551
0.77360672
0.72699487
0.71658760
0.63671511
0.69297963
0.75677228
0.72860223
0.73441619
0.73730910
0.76442468
0.65557802
0.64416522
0.54154623
0.63360763
0.63095665
0.65665567
0.56724477
0.61560464
0.64320612
0.58018702
0.64924830
0.71748352
0.61884385
0.65519905
0.64244866
0.68983006
0.64741844