0.11506237
0.11126658
0.04485608
0.22328398
0.20503703
0.29220742
0.24650757
0.31257585
0.38700399
0.31765476
0.40154493
0.41309792
0.43911031
0.26607737
0.35615420
0.38598901
0.56588250
0.62726253
0.58435225
0.44028649
0.35571802
0.43949917
0.46400952
0.60523349
0.55869913
0.61343056
0.50634629
0.55365539
0.56033492
0.38515502
0.37448028
0.37334254
0.50754678
0.49279690
0.32707560
0.29873779
0.22371320
0.30283159
0.42056441
0.47405049
0.38496825
0.48648375
0.34333947
0.38826382
0.44637072
0.33292598
0.39911786
0.52511954
0.48243600
0.50653470
0.26896831
0.30607089
0.39826009
0.30548063
0.46516150
0.43903568
0.56710166
0.50387502
0.51334500
0.59274656
0.60690731
0.62803781
0.63494754
0.63247210
0.51607251
0.55641985
0.54164797
0.38404024
0.31774899
0.18764502
0.22307648
0.27724838
0.21808250
0.29794860
0.46950540
0.26759139
0.31607720
0.18729918
0.15868971
0.11317641
0.11080647
0.28472087
0.49004191
0.49524215
0.55904120
0.47984806
0.41165811
0.45030430
0.32826284
0.23206836
0.33608872
0.29889849
0.45840493
0.44909602
0.52350640
0.41327563
0.51665044
0.52382207
0.49327618
0.49644962
0.56041014