0.07788720
0.11959160
0.43263534
0.43731692
0.29800734
0.26472721
0.48994732
0.38550335
0.29819909
0.37327605
0.37242156
0.47242400
0.51792681
0.63130790
0.56818128
0.52618736
0.39535671
0.53136969
0.35709625
0.52519339
0.51104331
0.48005813
0.47734115
0.52052206
0.43978509
0.27714211
0.27898264
0.11121392
0.23189890
0.32121629
0.45673385
0.42295098
0.59677213
0.42418620
0.41221467
0.39711505
0.44149986
0.45556229
0.39921758
0.37754413
0.12877695
0.18285385
0.21247321
0.19216610
0.15970784
0.24083602
0.42241436
0.21975961
0.21281481
0.36411589
0.40437970
0.30895337
0.20041618
0.30053982
0.32087016
0.09295361
0.27617979
0.35126248
0.41817546
0.40313992
0.39367113
0.55398953
0.43952450
0.46254268
0.37174904
0.18059567
0.48901540
0.68753320
0.51146173
0.22852886
0.40405524
0.45157027
0.54838014
0.66664803
0.65480226
0.53243238
0.26715606
0.41434273
0.41461343
0.20620801
0.31974301
0.36705580
0.64570534
0.55667967
0.63535142
0.57191104
0.53381175
0.40881106
0.24908417
0.20399305
0.26670501
0.50504369
0.52542269
0.50689691
0.35928607
0.35561237
0.34404969
0.18617168
0.33083361
0.29061672
0.20096099