0.13953310
0.31368572
0.28697351
0.41316804
0.50369424
0.53491282
0.54674011
0.51900566
0.63700169
0.73063201
0.65610147
0.66503125
0.68376017
0.70297647
0.61011386
0.64414048
0.59960544
0.67218471
0.74573785
0.65802413
0.65707427
0.65499449
0.63021028
0.68333328
0.64789385
0.69098681
0.61820155
0.59331185
0.52357447
0.62639463
0.61547703
0.53194606
0.59560972
0.52202588
0.67817169
0.64505023
0.72103637
0.71389991
0.62908733
0.71597505
0.73590052
0.75695413
0.67660218
0.70135641
0.70617241
0.70506442
0.71679288
0.63248837
0.66448957
0.65822583
0.70074898
0.61140245
0.61616826
0.58229083
0.55843747
0.68509430
0.70882779
0.81863576
0.83390021
0.77927256
0.79437989
0.80319268
0.81078118
0.80494481
0.82476890
0.76548189
0.70086688
0.69223541
0.70560354
0.73423308
0.71069086
0.67563444
0.68666095
0.67170852
0.67795026
0.69635373
0.69247472
0.65010422
0.66454995
0.73211360
0.69771814
0.60938376
0.64830267
0.72028571
0.74178284
0.65994585
0.74410522
0.70580649
0.74259830
0.75847185
0.76012820
0.68817765
0.76086152
0.71096402
0.77026057
0.71374303
0.66659600
0.67612481
0.63872015
0.62796092
0.66794848