0.19788478
0.17219681
0.16868845
0.28310099
0.22259583
0.23616442
0.20142052
0.33673903
0.28255332
0.08708510
0.12516722
0.37882856
0.21029715
0.11575130
0.16802439
0.17918721
0.24023113
0.36746833
0.22298086
0.18106782
0.34741318
0.28781694
0.27389684
0.26086450
0.11843542
0.22004589
0.28704962
0.27454060
0.05928760
0.38397729
0.20344763
0.32638484
0.30784112
0.19659926
0.24546050
0.16773045
0.33227038
0.31919399
0.48230112
0.18442637
0.36001682
0.37138617
0.35131264
0.22062522
0.19572461
0.25898132
0.33568624
0.28611305
0.37109971
0.27424192
0.43685246
0.27152663
0.33199367
0.30766702
0.44028082
0.40562674
0.29144803
0.37305942
0.24946730
0.36941436
0.33352557
0.30919257
0.29892960
0.26954859
0.31942555
0.16331095
0.33574459
0.39250720
0.46465743
0.37371707
0.46107534
0.39518523
0.42789641
0.38249528
0.42847407
0.53325921
0.53379023
0.53797758
0.57131201
0.57213396
0.49015591
0.52335715
0.53796327
0.32038447
0.43183625
0.30471885
0.21388586
0.08739141
0.13450634
0.22090973
0.30469057
0.31635627
0.30849725
0.33436188
0.16102259
0.15450808
0.15807757
0.28960836
0.21993275
0.29667222
0.29563224