0.07852264
0.93289024
0.91636735
0.91577017
0.88378125
0.92894465
0.91733146
0.92766297
0.91294283
0.94122535
0.93088841
0.91362840
0.92565209
0.91581517
0.87335104
0.92784399
0.90005869
0.92496866
0.90920329
0.87262046
0.89476156
0.91500467
0.91375375
0.93157107
0.92729515
0.89478439
0.90963292
0.93537176
0.91294539
0.93640411
0.93330836
0.93875474
0.90977699
0.92836589
0.90667933
0.91700906
0.93143523
0.93484861
0.92925191
0.92674690
0.92263079
0.89763772
0.90553826
0.88330102
0.91501296
0.92966413
0.92649722
0.89896804
0.89883101
0.93447012
0.91263992
0.90238118
0.93092346
0.93917483
0.90013397
0.92625242
0.89966065
0.86766016
0.91926092
0.90985650
0.90192378
0.86922050
0.92591536
0.92076737
0.87394136
0.92751712
0.93655092
0.92889410
0.91152555
0.92576408
0.90097535
0.91875696
0.93586808
0.91885513
0.92539603
0.89988917
0.93431616
0.91530180
0.92524058
0.91851723
0.90521592
0.90378344
0.90366411
0.91701806
0.84508276
0.88432664
0.93804282
0.90745962
0.90433139
0.89826471
0.89878255
0.93638390
0.89556259
0.92119044
0.90883946
0.91055053
0.90824074
0.90811098
0.90697420
0.92325777
0.92917204