0.06718107
0.80877566
0.86114228
0.84058487
0.87786782
0.87927604
0.85295570
0.86459208
0.79047424
0.85905123
0.87033290
0.84477770
0.83370191
0.79844975
0.81484658
0.86332452
0.79840696
0.82305032
0.84508973
0.84014016
0.80166894
0.80666018
0.80915087
0.81577528
0.85242617
0.83675826
0.88210797
0.83600998
0.83340257
0.89023513
0.88215983
0.84952426
0.78406125
0.84230447
0.76177871
0.81498939
0.74468100
0.84551185
0.80448169
0.85996878
0.81816846
0.85109359
0.84926558
0.86799294
0.84697115
0.83258224
0.82639962
0.83400673
0.86920226
0.84693438
0.84501803
0.72743803
0.88880545
0.82393527
0.86036181
0.81765199
0.76192057
0.84847558
0.78140891
0.86183757
0.85227448
0.81782478
0.80077899
0.74097091
0.80949324
0.85566664
0.86838198
0.85536164
0.67358267
0.80579263
0.78043729
0.86927283
0.82524031
0.80428088
0.83821946
0.85695505
0.83841509
0.80251074
0.76960051
0.80927950
0.81021315
0.85907072
0.82135850
0.84457207
0.84099281
0.77794462
0.82014358
0.87185061
0.82417405
0.73090261
0.73672694
0.87252998
0.83896631
0.83435905
0.84221750
0.82955271
0.85748053
0.76627654
0.79058832
0.85344803
0.79695427