0.09416495
0.07372625
0.21023472
0.28864157
0.37735799
0.32714543
0.33483067
0.42181987
0.36095527
0.26645744
0.28161812
0.42122597
0.29009530
0.54425967
0.57514763
0.41372246
0.44484878
0.30100963
0.24278264
0.37651652
0.51713216
0.48401815
0.45148900
0.44276157
0.36311835
0.22137505
0.25726819
0.20986848
0.28098071
0.43463314
0.47099981
0.57850701
0.49358657
0.62876892
0.66645449
0.61861086
0.37188506
0.43085933
0.52536577
0.56464612
0.44208381
0.38561049
0.40151852
0.44549179
0.48226079
0.38399497
0.38546395
0.50049150
0.28169811
0.37367660
0.37519589
0.41312218
0.45911106
0.34181041
0.28931463
0.23394614
0.45398942
0.37702480
0.43080345
0.48705551
0.61623657
0.59759283
0.59936124
0.53012568
0.64576632
0.63946915
0.64962441
0.61174011
0.66255671
0.63354343
0.62886751
0.45416659
0.23333395
0.30223668
0.30151445
0.46292219
0.59214908
0.58692056
0.50601298
0.53867364
0.41441327
0.37760499
0.59471041
0.54581308
0.42003086
0.41528553
0.50727212
0.34301817
0.42417598
0.47372541
0.41023025
0.41559491
0.39913422
0.57359308
0.41139612
0.32639393
0.33599427
0.26376280
0.36247605
0.09056913
0.19248621