0.07309195
0.08237754
0.08488538
0.13558233
0.02877097
0.17676464
0.13491248
0.12107524
0.09359066
0.11982302
0.16057102
0.05472483
0.17138320
0.04392702
0.12550148
0.07333274
0.07382138
0.05023987
0.15780473
0.06007675
0.08446408
0.17957817
0.10618265
0.11028375
0.04772864
0.08342957
0.03030702
0.11451497
0.11535480
0.18819408
0.09231062
0.03892503
0.08714984
0.18284625
0.07123914
0.10354641
0.06688563
0.07738636
0.09862017
0.09633650
0.12554988
0.12334958
0.09869343
0.03119509
0.09887511
0.14142239
0.13584508
0.02995225
0.08298214
0.04574795
0.05951162
0.06527049
0.09144790
0.21019438
0.07761774
0.12732439
0.09836797
0.10434078
0.12430307
0.08729818
0.13295510
0.08970044
0.08362130
0.07260297
0.08705269
0.10032190
0.06646445
0.11887202
0.15412766
0.06534826
0.08943248
0.02695536
0.06044697
0.13512000
0.16229527
0.05523185
0.11507580
0.07759842
0.04606273
0.12341329
0.03862285
0.13477828
0.09775805
0.15089779
0.05224647
0.08837865
0.16615835
0.10826455
0.07222378
0.11267382
0.24825518
0.03679218
0.06132011
0.12767380
0.09765675
0.12714645
0.09965430
0.04678440
0.07115833
0.06245602
0.03620300