0.07498821
0.17836639
0.12678576
0.26927608
0.28277060
0.22908106
0.15827437
0.05721826
0.15826078
0.18300030
0.06044252
0.11761779
0.22647060
0.20811382
0.19084330
0.06855991
0.21340916
0.23318671
0.17389466
0.24350907
0.20683545
0.06429738
0.17187811
0.07051407
0.23802459
0.23847525
0.20451260
0.28337440
0.30612943
0.40988758
0.38645992
0.29508075
0.20315240
0.12415627
0.09870641
0.24507007
0.18022144
0.08060005
0.14078555
0.25576168
0.26718521
0.14369789
0.19312911
0.06622759
0.18488623
0.18267654
0.37840909
0.20746028
0.30219805
0.30528352
0.24454436
0.14860013
0.16725115
0.15561333
0.14577994
0.28598458
0.31033823
0.28708372
0.35251075
0.30828074
0.09310814
0.23589377
0.20503645
0.28180382
0.11291413
0.27616185
0.07109115
0.18302947
0.29206169
0.24901767
0.13319539
0.23500822
0.24184144
0.26857790
0.30937940
0.39318287
0.36444336
0.35571873
0.34100926
0.36228284
0.38160741
0.44382808
0.15411133
0.09317163
0.28726846
0.24389493
0.22461890
0.16037060
0.11969307
0.16159812
0.18319683
0.17586794
0.28456390
0.34310204
0.29078889
0.07764933
0.09480503
0.23006679
0.28000936
0.32101902
0.19165911