0.04433002
0.13204709
0.08786225
0.35993782
0.25516522
0.43165791
0.46973559
0.47183740
0.45352542
0.53214884
0.44270816
0.50702071
0.31510085
0.13476869
0.22505097
0.07105735
0.14321445
0.23036267
0.21495026
0.16201068
0.07763596
0.23904201
0.21494690
0.19357142
0.30817345
0.36771232
0.46931994
0.44270724
0.52035159
0.51916885
0.53731668
0.59808648
0.64361274
0.45592609
0.32179892
0.35274956
0.38980740
0.33973622
0.37798366
0.57646322
0.52186126
0.59352320
0.57767689
0.51114500
0.50673062
0.53195453
0.51428777
0.31438994
0.31300563
0.40814784
0.41821346
0.44313744
0.55340010
0.32856590
0.35404405
0.20743917
0.18508573
0.25741532
0.13695037
0.32803631
0.45079464
0.36700857
0.30952537
0.12579036
0.23954672
0.24896944
0.23699515
0.54042232
0.48000076
0.35466057
0.44618458
0.37513393
0.32324395
0.19699791
0.48855630
0.43352973
0.35691306
0.33175698
0.29479086
0.25456542
0.33370274
0.22194187
0.08687310
0.31034556
0.47538689
0.40396857
0.30421937
0.19645378
0.15607682
0.28121015
0.23315836
0.36620358
0.23827101
0.35787421
0.26296157
0.25490758
0.27124751
0.06171077
0.13587885
0.20769458
0.09959035