0.07852264
0.09988961
0.10823727
0.01784506
0.04952696
0.11638585
0.15431136
0.12478613
0.04004967
0.10721662
0.08732054
0.03435239
0.10091675
0.05377266
0.11396728
0.02108668
0.10499355
0.12282811
0.12576009
0.11627030
0.13740452
0.10324544
0.17196798
0.06403343
0.10640261
0.07232291
0.15377608
0.06232740
0.05889906
0.11203466
0.11532070
0.11113749
0.05357469
0.05520445
0.08824012
0.12871343
0.08561928
0.08067104
0.06548574
0.12901945
0.07031464
0.19409317
0.11999911
0.07711095
0.04514680
0.08316562
0.11497536
0.09962544
0.09375951
0.11985046
0.12084819
0.15355811
0.10194072
0.10549712
0.05773675
0.09271615
0.11446723
0.12921773
0.00154320
0.10214131
0.14611058
0.06726263
0.13842754
0.19971173
0.20541966
0.18586668
0.02495155
0.07333818
0.05802559
0.05579257
0.22208431
0.03592854
0.04293086
0.13718267
0.12602919
0.09350955
0.03869759
0.10529980
0.04166935
0.17074862
0.14687820
0.17561257
0.13138859
0.02908223
0.08233486
0.06618942
0.11984028
0.07243519
0.05478229
0.02177369
0.03425690
0.12720859
0.14292422
0.04156651
0.12308914
0.17597847
0.11536633
0.13823141
0.08635792
0.03882457
0.03391639