0.06884555
0.10678049
0.15725964
0.34293669
0.32636532
0.15955614
0.14421038
0.23613629
0.53266817
0.53512490
0.66066360
0.56636322
0.49809527
0.49187678
0.55576509
0.55328673
0.60353780
0.45418799
0.24592274
0.38922012
0.38125336
0.23226342
0.34550235
0.33998874
0.52114272
0.49307483
0.53407860
0.32923687
0.20614867
0.26493096
0.18115160
0.19703600
0.14491463
0.48648754
0.41133612
0.39000502
0.20957308
0.32399654
0.08116566
0.27133125
0.16300085
0.32662341
0.26335177
0.25266761
0.19517250
0.44965598
0.54010129
0.59903610
0.52275646
0.49722940
0.35076955
0.36960232
0.60114038
0.58527535
0.56293315
0.71908182
0.51953292
0.65058845
0.59532303
0.59293342
0.63444436
0.70964706
0.59665316
0.68195897
0.66885948
0.63348216
0.47094753
0.54580444
0.42083240
0.41454646
0.38673970
0.36971065
0.41769549
0.42390305
0.35306537
0.53279400
0.53041518
0.40121910
0.54669672
0.64099282
0.61144072
0.67378211
0.57985026
0.53022802
0.51840168
0.54939908
0.61758310
0.56888950
0.64057082
0.66495162
0.51442045
0.55301946
0.33277157
0.37193516
0.41528937
0.43634063
0.42833111
0.37585792
0.30426931
0.44994399
0.34586102