0.10090737
0.18674852
0.24611397
0.20771980
0.28565320
0.30621052
0.24912158
0.14044495
0.21488117
0.24759921
0.31353462
0.25526154
0.29342231
0.31100631
0.17675537
0.14024626
0.27729487
0.20921499
0.30807489
0.27055281
0.17124586
0.22844124
0.19994137
0.27133414
0.26456770
0.15407428
0.07521942
0.20287454
0.14848439
0.31148073
0.24459344
0.40075424
0.44554564
0.31887817
0.29196969
0.27588466
0.29494032
0.23402642
0.19795960
0.15041997
0.20757818
0.18478861
0.24549633
0.17442274
0.12551336
0.23701642
0.23681904
0.17546730
0.15290064
0.06414255
0.17518111
0.16499008
0.29234242
0.29436609
0.17261909
0.36250046
0.19867736
0.35178486
0.19045508
0.19252607
0.29560784
0.13529988
0.05208314
0.33533299
0.23994797
0.10697764
0.26721370
0.30026248
0.25450954
0.17303044
0.35894242
0.31878507
0.27086771
0.10369034
0.41157556
0.31994310
0.25266469
0.26203635
0.25875139
0.38947067
0.36625478
0.26318344
0.37502015
0.16049890
0.25879651
0.31506324
0.16141748
0.33138019
0.29443541
0.16696657
0.17771728
0.20730005
0.32076290
0.34014657
0.33664677
0.44883814
0.31096876
0.30294940
0.16229723
0.19961669
0.12015592