0.10194013
0.92543429
0.93514025
0.92504954
0.89924586
0.92947900
0.93534678
0.91694456
0.93125612
0.91777509
0.93657219
0.92265916
0.91303360
0.92976069
0.90354407
0.93371069
0.93304139
0.92484438
0.92668259
0.92985868
0.91270363
0.93218642
0.89254653
0.90415925
0.91470724
0.92814416
0.92747909
0.91112524
0.92392766
0.92822868
0.93335843
0.93648660
0.90725672
0.92214561
0.93411773
0.91793287
0.94053084
0.93799371
0.92507392
0.91450292
0.91815585
0.92706847
0.91625947
0.92019552
0.90358943
0.92993224
0.92970818
0.91543388
0.93302482
0.92312694
0.93571746
0.92010772
0.92043996
0.92121309
0.91592336
0.91495651
0.91666430
0.90879852
0.90196800
0.89270365
0.91959035
0.92433745
0.92384863
0.90802747
0.91971833
0.92698038
0.90698266
0.90642297
0.88777572
0.91486204
0.92228210
0.88493747
0.89631790
0.93137407
0.90024209
0.91476297
0.91330659
0.89849633
0.91269052
0.91271698
0.92140275
0.89531934
0.92102599
0.92243820
0.89608800
0.90142393
0.91361517
0.89986849
0.91466349
0.89053655
0.90784025
0.92764926
0.92447764
0.92659903
0.92579567
0.88779038
0.86698264
0.90457100
0.93646818
0.86890799
0.91040748