0.12927887
0.09118388
0.15043619
0.09136944
0.07587752
0.09118882
0.10154496
0.13866682
0.04749577
0.04495806
0.08836779
0.12551881
0.14576340
0.18201703
0.06477688
0.09616977
0.13971364
0.12837386
0.05257766
0.12596934
0.04256183
0.14171647
0.23982327
0.11935791
0.10596770
0.16766092
0.03603720
0.11821494
0.18987419
0.08548999
0.12031352
0.07997935
0.04398172
0.03050500
0.02784934
0.15185516
0.08019639
0.03374685
0.09542909
0.10612763
0.12088630
0.10173013
0.15285333
0.10833830
0.09528342
0.01828998
0.16729070
0.09352768
0.04296383
0.10401621
0.09825842
0.10458171
0.07719720
0.09729631
0.08611429
0.06842346
0.01852393
0.05391187
0.09720659
0.18702962
0.08842915
0.05206412
0.04288863
0.05528828
0.11433785
0.08374558
0.11355503
0.02058585
0.13777427
0.05039842
0.17965704
0.04804862
0.09824993
0.06878655
0.09870687
0.05347854
0.12124461
0.12537344
0.06989821
0.09223756
0.08545671
0.04021734
0.08167078
0.09320013
0.06119043
0.10815406
0.11212181
0.07316425
0.06835921
0.06803710
0.05927207
0.10749175
0.07099529
0.13047370
0.07679401
0.04992355
0.14287844
0.05875748
0.04672386
0.09937341
0.09886935