0.07657552
0.10473461
0.12471311
0.08560011
0.02673180
0.14822148
0.06909443
0.09692142
0.04646640
0.14720364
0.09495109
0.08569850
0.05249178
0.05998243
0.16701499
0.12901098
0.05094206
0.13541114
0.10682246
0.06926882
0.10987116
0.05564449
0.11668890
0.06556992
0.18088895
0.06667673
0.11085077
0.15713744
0.10470456
0.07473692
0.08833898
0.10135010
0.07838656
0.16624703
0.08725770
0.06275651
0.13622741
0.07386145
0.14181653
0.12804337
0.07063495
0.02595682
0.10431437
0.10544223
0.04153618
0.04862018
0.08856676
0.10820483
0.00672808
0.04576453
0.04269236
0.14747132
0.12227385
0.12855487
0.09124153
0.04756796
0.14709787
0.03482664
0.14372814
0.12691051
0.10145218
0.07323889
0.19097197
0.07791302
0.12044601
0.12689362
0.14683278
0.11246832
0.07497393
0.14124361
0.02715986
0.05459060
0.04727061
0.10744527
0.04974199
0.20426738
0.07893536
0.11057589
0.07744935
0.17962469
0.14307238
0.08647605
0.08621518
0.05784127
0.02606735
0.07583755
0.14055029
0.06417177
0.15300040
0.11860412
0.11186929
0.08411945
0.09120499
0.08617529
0.06349064
0.06257992
0.07391108
0.12245588
0.07919919
0.06967212
0.05583704