0.13413320
0.86232877
0.93952996
0.92796779
0.92156458
0.93443906
0.91071016
0.93985438
0.95394784
0.91648340
0.93822753
0.91563064
0.95345628
0.95149267
0.94339478
0.94861472
0.93430746
0.95041138
0.95186174
0.94490671
0.91161644
0.95169175
0.95277333
0.94859916
0.93938720
0.94133866
0.91574317
0.91628206
0.92246878
0.86059058
0.93478274
0.95637423
0.92994481
0.94709551
0.92909974
0.96330893
0.95034081
0.93166560
0.95157897
0.93365729
0.95250791
0.95321679
0.94313020
0.93946409
0.93934923
0.93620789
0.91933000
0.95174551
0.91078299
0.92277586
0.94465464
0.95235342
0.95399356
0.93950075
0.94969159
0.94914895
0.96344805
0.96934664
0.95413834
0.95911008
0.92898744
0.93863791
0.93771201
0.94813240
0.94786650
0.94675249
0.95423591
0.91448438
0.95100093
0.91950750
0.94219863
0.92560655
0.92463881
0.92982900
0.92348671
0.93096465
0.93855876
0.93048114
0.93371129
0.92501616
0.91996896
0.92848825
0.89525336
0.92441314
0.93870759
0.94209152
0.95562494
0.95963788
0.94431722
0.95304054
0.95135760
0.93604636
0.91318440
0.94016016
0.93617791
0.95163590
0.93395561
0.94058603
0.95067579
0.95296311
0.94755799