0.04433002
0.03492588
0.05806620
0.06358292
0.10345910
0.16041172
0.08470351
0.05489317
0.08499131
0.16506329
0.16965267
0.16676897
0.07615941
0.07283559
0.08223260
0.08595269
0.12698761
0.19180883
0.06610337
0.14372037
0.08650949
0.06845637
0.03982973
0.10287554
0.08030527
0.03402084
0.10427924
0.06393134
0.07719361
0.06826344
0.05481161
0.03412828
0.13910636
0.07808402
0.12592119
0.06569261
0.08824771
0.09040891
0.13562365
0.10173914
0.08273306
0.08842298
0.16677076
0.03653664
0.17937826
0.09389316
0.11091098
0.08473055
0.07608779
0.05711444
0.06786049
0.09596623
0.09456726
0.10447779
0.07103276
0.09621272
0.02125601
0.10771190
0.12183329
0.07120805
0.04236756
0.06979838
0.14572482
0.11860120
0.05525295
0.10439901
0.09383436
0.11358745
0.04883470
0.06850736
0.19699803
0.10906591
0.07269813
0.12130581
0.07065224
0.12976605
0.12040439
0.07109335
0.13720006
0.10431711
0.10184956
0.02235878
0.13380358
0.07687610
0.11535441
0.05367358
0.12019794
0.05597749
0.04773398
0.09107032
0.20160133
0.05859949
0.13873991
0.13578686
0.09766147
0.05718502
0.08880778
0.12272704
0.15516746
0.14267215
0.04959036