0.13948847
0.07360919
0.07699495
0.10179843
0.03475165
0.08678962
0.15205355
0.07360522
0.06700272
0.11334630
0.08508587
0.05324371
0.14266840
0.08451312
0.06037677
0.07519293
0.05401772
0.06960765
0.03070929
0.09699120
0.09123091
0.08250404
0.14255574
0.04927586
0.07161870
0.14347097
0.10712151
0.10865784
0.18905842
0.06235649
0.04809718
0.03143454
0.07926533
0.12767516
0.05477052
0.10551463
0.03377949
0.06688630
0.01130501
0.05508969
0.08452097
0.06778275
0.04875400
0.09541433
0.08239803
0.09497152
0.17266634
0.11201735
0.04964055
0.04792611
0.11111543
0.06751059
0.10980278
0.02696644
0.10838129
0.01917544
0.06850305
0.09733669
0.13179539
0.07362462
0.10734671
0.12461621
0.04665323
0.14699270
0.06390002
0.18950742
0.11249157
0.12332520
0.08406780
0.13179685
0.06877580
0.11664703
0.03958227
0.11668763
0.15489405
0.07214180
0.02037659
0.09549668
0.05622838
0.09000871
0.08654469
0.10754214
0.10722861
0.13509002
0.05856124
0.03255721
0.16492721
0.07505188
0.06580868
0.07727733
0.03693795
0.05685227
0.08553764
0.11614275
0.11785868
0.19831541
0.15850928
0.03895588
0.08620629
0.07962010
0.11155395