0.10148849
0.18516678
0.08335931
0.10256696
0.13703689
0.06226691
0.10209789
0.11414016
0.18411678
0.10666791
0.13660926
0.02869924
0.09700224
0.12057342
0.08717860
0.12976085
0.10193378
0.12649760
0.04850837
0.08983259
0.08320130
0.15741539
0.21556883
0.08245895
0.10370806
0.14261183
0.13422352
0.11905503
0.09593937
0.12093966
0.06353506
0.07333039
0.17415141
0.08442218
0.06631784
0.05983536
0.21186569
0.03930088
0.21524936
0.04139407
0.10956796
0.01090073
0.17062274
0.15835825
0.07293645
0.07040695
0.11089474
0.10567644
0.05432825
0.07262135
0.13569827
0.04534087
0.07422820
0.09088548
0.06400111
0.09264565
0.11128697
0.08467603
0.09827450
0.05533121
0.04722672
0.04908961
0.07921573
0.10258740
0.09533139
0.11815586
0.07848790
0.09697833
0.10114847
0.07901552
0.06768186
0.06389620
0.10225663
0.08473965
0.03368082
0.13600433
0.04605821
0.10902411
0.12710640
0.19643870
0.00987787
0.03778541
0.16331950
0.03666373
0.08117031
0.15299730
0.21213697
0.05980598
0.06961969
0.07163472
0.03739043
0.04347594
0.06043746
0.09558075
0.06212757
0.11421196
0.12727524
0.09467671
0.17197520
0.14008519
0.03047720