0.15018468
0.11107615
0.12481326
0.03792959
0.08108749
0.07680646
0.07304320
0.06465492
0.08771487
0.07854296
0.02438265
0.10195602
0.14105439
0.08185717
0.04912432
0.13110018
0.04393481
0.08683277
0.05056742
0.11864258
0.12430147
0.06298207
0.12226711
0.10853413
0.05016342
0.08016048
0.08972532
0.09501270
0.03780907
0.04737660
0.06531064
0.08070996
0.10674632
0.10978626
0.07305221
0.11790939
0.11996933
0.10032408
0.06149800
0.02473594
0.06487948
0.11804674
0.07891288
0.05644485
0.07283882
0.06694780
0.14629526
0.13303241
0.07233690
0.08687935
0.10616768
0.21717124
0.03159206
0.09519801
0.18593578
0.10233659
0.17786078
0.13354483
0.07954089
0.08094975
0.07777321
0.11653572
0.03651391
0.15757857
0.04373307
0.09294485
0.10061880
0.08695476
0.18323129
0.02704939
0.09125464
0.03442347
0.15512870
0.13619499
0.15191811
0.03575599
0.08216760
0.07199622
0.05691387
0.06779078
0.01048185
0.14224504
0.08783218
0.09525479
0.04230582
0.10235229
0.14507923
0.12446100
0.13402480
0.18134081
0.07063816
0.05436534
0.06855951
0.05397761
0.08187969
0.08442607
0.17565569
0.07953472
0.17383452
0.12792966
0.09379248