0.12927887
0.16902009
0.17884697
0.06863424
0.25451824
0.16863392
0.28474101
0.24979055
0.25784078
0.12087409
0.19785315
0.30073321
0.35313824
0.36448619
0.43534625
0.36392781
0.37155837
0.25508243
0.27633479
0.16745916
0.18999885
0.13639712
0.11063708
0.14449897
0.22614740
0.27165356
0.17160934
0.19655657
0.16842197
0.26900563
0.25379372
0.35579330
0.32352334
0.26824462
0.20874058
0.16521649
0.21228327
0.23325667
0.42696357
0.25982562
0.26587921
0.31824040
0.17698106
0.03733097
0.05053468
0.14777948
0.33860943
0.16841856
0.52019632
0.27831525
0.19222343
0.21704431
0.34397775
0.21356711
0.34887245
0.40999821
0.28772557
0.17322449
0.21941172
0.11318170
0.13978276
0.15960798
0.08246450
0.14313138
0.23562631
0.20410053
0.04185547
0.18674034
0.29288426
0.25785598
0.26443347
0.34910792
0.32241863
0.31663349
0.41508007
0.34228256
0.21592623
0.26563865
0.19776772
0.31807828
0.34260085
0.34132954
0.12443286
0.14856753
0.10190668
0.14901295
0.10858944
0.20562150
0.25776932
0.24286078
0.27984113
0.28628856
0.27566376
0.17864457
0.36577186
0.22011846
0.28357285
0.12717171
0.21818534
0.16936767
0.20148569