0.12501109
0.93338412
0.92460603
0.92529434
0.94553477
0.93405646
0.94738793
0.95769012
0.94039971
0.94340116
0.93939799
0.92140079
0.91464120
0.93327981
0.93733478
0.94345772
0.92412072
0.88769341
0.94887710
0.94557297
0.94471651
0.90189338
0.92047942
0.91771770
0.91970497
0.92784846
0.89748299
0.93065840
0.93551618
0.94580323
0.95636863
0.94144058
0.95548731
0.94663221
0.96226668
0.93197787
0.94456375
0.93382722
0.94008887
0.89555907
0.94568914
0.93788385
0.90083963
0.91673774
0.92303628
0.92201811
0.95466924
0.89535904
0.94690025
0.92366332
0.89663064
0.92020637
0.86748105
0.90479189
0.91409528
0.91955644
0.88193810
0.92175621
0.92896187
0.93479073
0.93653303
0.93386728
0.94011354
0.91046125
0.95606965
0.93891770
0.89946222
0.94169396
0.89171183
0.93013632
0.95566362
0.92898500
0.95091498
0.92764825
0.92998850
0.94774538
0.90475118
0.90457892
0.92474866
0.92905432
0.90915114
0.94306326
0.94407302
0.91854995
0.90208685
0.94662684
0.92018503
0.93540311
0.92290723
0.93670893
0.92853957
0.92678308
0.94374365
0.93557107
0.93281770
0.92867446
0.96870875
0.94262475
0.93941313
0.93021643
0.90810323