0.05169185
0.13820334
0.17942913
0.13984655
0.08705265
0.24743733
0.37297517
0.13603614
0.09145710
0.17357826
0.19986877
0.09971759
0.36256778
0.33989540
0.34919563
0.27782962
0.24111409
0.09072692
0.19247609
0.21795711
0.19386208
0.14983633
0.24846151
0.26504084
0.14762539
0.25644770
0.10052745
0.12937638
0.23603110
0.10677861
0.08521105
0.17629774
0.15686329
0.18360008
0.19436045
0.19616920
0.35265282
0.25721979
0.10478707
0.09675779
0.20495163
0.19263317
0.15731895
0.19894770
0.26050672
0.06212464
0.16800129
0.07527479
0.25845584
0.18696955
0.17598566
0.13765731
0.22321346
0.25863725
0.15781599
0.13832003
0.09256776
0.29084969
0.16338471
0.10620277
0.16173653
0.12880497
0.25420520
0.13978715
0.15120016
0.19305426
0.22447363
0.06436264
0.16986318
0.20100926
0.18237334
0.17946707
0.06743199
0.19695389
0.21883051
0.21458293
0.10010528
0.11975276
0.17911334
0.09957171
0.21495208
0.24375111
0.26396215
0.09560520
0.21193132
0.41751203
0.11569990
0.21143989
0.16105860
0.13854498
0.20388854
0.30828431
0.25371739
0.10660437
0.08918915
0.31382352
0.17233413
0.18591511
0.40268955
0.29175374
0.22435774