0.09256493
0.05869015
0.11058984
0.14818890
0.05294850
0.05750055
0.05633257
0.05634544
0.03318025
0.08811754
0.09171215
0.11149940
0.04473635
0.14272971
0.05574654
0.02753849
0.04793775
0.09997082
0.10807576
0.14394462
0.12364540
0.03394066
0.08305491
0.11487379
0.21052727
0.15540867
0.12185826
0.09539334
0.08686870
0.07827084
0.12161016
0.07730529
0.13057983
0.04471136
0.07941528
0.07604416
0.06762154
0.05442782
0.10389930
0.06561290
0.12098626
0.13275255
0.06249131
0.05612268
0.08163911
0.09853452
0.08933064
0.06601563
0.04380025
0.13691832
0.05638362
0.07407850
0.05954091
0.02769149
0.06971812
0.08571193
0.15104584
0.13500038
0.10252662
0.07714635
0.02747177
0.22364439
0.09473361
0.06595297
0.08656666
0.11266126
0.03046610
0.05021364
0.09415136
0.09264889
0.06873187
0.12647547
0.11460542
0.16448082
0.12712769
0.05024292
0.04576807
0.07929479
0.05393060
0.09416423
0.07644115
0.06845327
0.06868212
0.06621465
0.07947646
0.06662993
0.15125406
0.13484465
0.10954027
0.03089476
0.14023583
0.05826531
0.09980538
0.12958150
0.08573838
0.08932272
0.07871935
0.11094009
0.09914861
0.08984460
0.11079019