0.13413607
0.86854857
0.77672505
0.83197111
0.83098298
0.90035337
0.88740355
0.82840300
0.85475993
0.87827796
0.87220925
0.91272891
0.86346549
0.84354991
0.86432111
0.90759575
0.84980345
0.85829455
0.87610513
0.85355711
0.83979309
0.87659037
0.87409234
0.88989419
0.86760545
0.86778522
0.90930593
0.85618860
0.89993232
0.92675340
0.90884036
0.85159922
0.73819304
0.83480561
0.84821075
0.88499701
0.85209364
0.90270442
0.83074272
0.90660548
0.88243324
0.78420228
0.84778440
0.84090513
0.87674063
0.90054029
0.83406311
0.87662345
0.88095534
0.83807772
0.83871031
0.87566590
0.88326889
0.89623374
0.86500871
0.85296774
0.83920270
0.83868766
0.84576571
0.82923102
0.84198225
0.81798273
0.85013217
0.89693826
0.88418669
0.84481156
0.78145164
0.79169029
0.77698654
0.56801182
0.82804763
0.87824011
0.86514163
0.87921029
0.87634063
0.91537619
0.92372537
0.84602678
0.85192293
0.89588106
0.80926687
0.85601026
0.88552195
0.88013268
0.89489865
0.77503896
0.85807818
0.88643241
0.91486526
0.92130506
0.89587945
0.87195092
0.84791315
0.81249702
0.87023598
0.83631867
0.81231451
0.85566854
0.90570146
0.82484323
0.87555254