0.06721490
0.09827480
0.11990976
0.02145922
0.12645561
0.03923404
0.08892292
0.03750799
0.05158319
0.07350932
0.09745251
0.09239877
0.05360014
0.08335651
0.10856649
0.16534068
0.16470324
0.09026752
0.05095068
0.09585373
0.06249678
0.04614073
0.09805731
0.12469892
0.07767165
0.14813437
0.16043289
0.10634667
0.01855535
0.21882679
0.11752288
0.05427659
0.05258674
0.19360898
0.12877268
0.12071181
0.07093374
0.07398903
0.15365367
0.11241315
0.07977707
0.14064077
0.06548500
0.06047009
0.13791505
0.14828673
0.14859468
0.11166690
0.11080899
0.06342153
0.08432440
0.09551699
0.05969600
0.09444296
0.10695180
0.05174363
0.07789738
0.10725915
0.12519249
0.08959081
0.10984183
0.07008141
0.15438929
0.09658279
0.11730547
0.06411257
0.06049199
0.02514850
0.08828344
0.12961663
0.02426739
0.08410087
0.02697032
0.10227501
0.06277717
0.10634726
0.09420271
0.12124293
0.07523626
0.06599167
0.10939626
0.08545514
0.03573974
0.13803621
0.05398780
0.07767679
0.06868559
0.02591137
0.12562801
0.04326458
0.04560311
0.05234883
0.07507377
0.07113387
0.04571789
0.09138512
0.06254867
0.10734474
0.20626393
0.10835366
0.06943167