0.07251303
0.08029397
0.09544632
0.08223841
0.09133383
0.09305846
0.12902717
0.10333092
0.06917681
0.09522219
0.12108631
0.08327226
0.06948902
0.11538273
0.09858141
0.02704386
0.08783794
0.10451299
0.12043608
0.16263038
0.13271350
0.09279163
0.20662230
0.12603915
0.13812275
0.04672775
0.06027666
0.09500350
0.13698250
0.09170773
0.04763101
0.09714801
0.08008459
0.16459779
0.06390505
0.07619491
0.07843868
0.06300375
0.08389685
0.02143640
0.11757436
0.14023305
0.11166955
0.18213259
0.13109934
0.09349926
0.10236719
0.07061501
0.12309182
0.11138026
0.08081863
0.11292444
0.07782021
0.11653402
0.07511146
0.08514748
0.11861781
0.06141082
0.04338869
0.09632229
0.08384287
0.03754628
0.14631677
0.13436803
0.13897285
0.07212748
0.11645832
0.12127770
0.08087646
0.05790136
0.06443520
0.10066262
0.06135869
0.10232934
0.14339429
0.10129871
0.06753375
0.05667227
0.02263695
0.04298027
0.03402191
0.09243660
0.05073619
0.11649992
0.07993381
0.14546014
0.10698064
0.05855479
0.08203635
0.16882078
0.08732636
0.04026903
0.05146124
0.18147409
0.07480070
0.09927668
0.12306339
0.10390672
0.09061799
0.08187792
0.12665433