0.06360167
0.09266718
0.05367339
0.08049318
0.02235388
0.10532410
0.12013108
0.08273144
0.05802502
0.06995950
0.07503501
0.12299105
0.06789611
0.04029840
0.10825057
0.09028745
0.03829397
0.07788920
0.13647589
0.08514132
0.11182106
0.12366156
0.08671398
0.09312132
0.07935649
0.04898877
0.07442491
0.10423417
0.04767318
0.16153219
0.09926238
0.06622196
0.05381359
0.08484729
0.11024478
0.14614084
0.04801828
0.14613312
0.11028388
0.03548615
0.13276777
0.11944833
0.06143367
0.14168942
0.11114363
0.02160446
0.05350956
0.07080408
0.09988191
0.03692576
0.18515565
0.07187741
0.00786097
0.02324217
0.12553038
0.10345908
0.11277387
0.05649506
0.11268333
0.08444894
0.11193918
0.03198348
0.17019054
0.14711215
0.09031524
0.18977505
0.08791301
0.10671615
0.07062090
0.04536996
0.12466288
0.07561520
0.10307143
0.11076283
0.08234150
0.02776974
0.05400860
0.07741079
0.11900660
0.12231265
0.11400574
0.09109041
0.07029568
0.08858500
0.06523509
0.06574696
0.08294961
0.08871073
0.05147836
0.08771750
0.18754691
0.09643349
0.11500807
0.13871117
0.07750465
0.07200676
0.07863507
0.04844690
0.12239297
0.08289566
0.10198539