0.10072691
0.06802367
0.05755742
0.08426502
0.08175067
0.05120099
0.13360232
0.06724489
0.10515619
0.02876912
0.04053780
0.07273282
0.05289899
0.12491521
0.05631784
0.06264187
0.07012673
0.20266567
0.06786889
0.04767186
0.03694384
0.14012003
0.11176182
0.05627572
0.07059135
0.02873931
0.15373240
0.06968074
0.06424124
0.04208115
0.02043873
0.19415803
0.11226946
0.15785506
0.12747028
0.08635817
0.14563921
0.06640293
0.05705042
0.11035728
0.12411031
0.09073086
0.05111901
0.08083926
0.12399463
0.09228703
0.07833356
0.06850123
0.11471500
0.11442205
0.14378989
0.11270121
0.10438509
0.09697273
0.10903407
0.12873849
0.16384867
0.07216626
0.03479676
0.04284123
0.08256901
0.08033510
0.17217432
0.09540462
0.09981141
0.19276395
0.08497892
0.09843942
0.17562813
0.05892943
0.01266157
0.03793942
0.08509967
0.07535952
0.09178601
0.02225559
0.04066513
0.11022121
0.01376999
0.08650392
0.06357068
0.07022519
0.01809823
0.06736526
0.13275592
0.09579097
0.09802440
0.13019851
0.05203835
0.14964376
0.04717606
0.11867056
0.14616066
0.06763733
0.07544369
0.07749408
0.10007174
0.12432636
0.06131848
0.05858983
0.11348067