0.17855704
0.91297412
0.90142977
0.89958811
0.90659469
0.89022708
0.88436377
0.91376364
0.91447145
0.91218668
0.92199212
0.92210460
0.90994757
0.87810510
0.93388283
0.91065347
0.85755801
0.89530295
0.89748847
0.92795706
0.85632759
0.89829880
0.91314965
0.93444556
0.87450582
0.92469358
0.92684072
0.90476668
0.91346580
0.92900312
0.91572440
0.93023157
0.86931729
0.84685105
0.91993386
0.91938967
0.93566442
0.90832275
0.95394361
0.91330439
0.93500680
0.88999575
0.93940079
0.92364091
0.93261498
0.92319101
0.92563629
0.90130037
0.93360358
0.88963348
0.89333814
0.90952581
0.85720861
0.85041857
0.84450209
0.82094556
0.92798543
0.89506584
0.91661859
0.90958005
0.86232942
0.92325830
0.92511523
0.94162440
0.94413507
0.92768967
0.93191725
0.89410448
0.92857742
0.91659093
0.90296555
0.87202120
0.92138642
0.90395564
0.91774154
0.88110143
0.88657486
0.89794785
0.86760980
0.90862274
0.89150155
0.90555173
0.92344856
0.90651220
0.90409338
0.86092997
0.84107101
0.91540390
0.92396808
0.90493613
0.90133840
0.89775240
0.92786926
0.92991531
0.87267935
0.88388044
0.84715647
0.92777801
0.93136001
0.89542639
0.92662847