0.06924482
0.25032026
0.12746213
0.23126931
0.06538138
0.21602815
0.14698432
0.15766172
0.18122549
0.14353795
0.20284821
0.15174296
0.19375077
0.19043730
0.15992047
0.12728997
0.10447393
0.01833427
0.12955634
0.12624441
0.20644142
0.18518910
0.08958268
0.05031740
0.15692315
0.13666195
0.10667546
0.18043329
0.18475498
0.26544011
0.14348581
0.20454443
0.22166824
0.05723383
0.07857907
0.16173595
0.20447361
0.18515652
0.19373627
0.13381413
0.25372842
0.10196719
0.16851746
0.26036981
0.19431677
0.25560743
0.14732896
0.21403368
0.10576054
0.19471282
0.13080247
0.14074145
0.18669389
0.14666735
0.09185221
0.21768078
0.11767966
0.05274554
0.24681233
0.12574117
0.11003943
0.02172519
0.08090370
0.31823581
0.14081135
0.16788593
0.19262731
0.25504291
0.26026616
0.10384995
0.14980526
0.12854387
0.19758430
0.10866494
0.20097959
0.15112752
0.15918328
0.14643496
0.19559507
0.14846283
0.27259481
0.22830535
0.18024532
0.10986853
0.28154680
0.21971151
0.19989681
0.09503992
0.11951821
0.23536821
0.08105597
0.22457832
0.19781056
0.25155759
0.10169295
0.15843117
0.17387961
0.22452211
0.10772102
0.07064800
0.16750059