0.08236460
0.18050420
0.24758518
0.29254958
0.27199253
0.51490295
0.49465930
0.56245118
0.57883215
0.79289222
0.73824471
0.58793724
0.55620635
0.46094036
0.52408862
0.65659750
0.59132802
0.72510576
0.71977234
0.69980621
0.75678611
0.61649179
0.64717704
0.66074634
0.68402404
0.64602447
0.56850570
0.58428746
0.71436125
0.73594743
0.77473199
0.69528610
0.63693762
0.60929376
0.71675926
0.66704702
0.56789964
0.52407670
0.53481215
0.58007002
0.60693872
0.60021782
0.75381958
0.78209275
0.73459196
0.75777823
0.61953795
0.54403061
0.48684615
0.57692170
0.58212399
0.71112627
0.70960999
0.68966156
0.74863183
0.65922415
0.74007356
0.69270104
0.67928958
0.65715164
0.54548371
0.65701085
0.66638964
0.70034730
0.68494773
0.68849254
0.76457673
0.67265427
0.69085997
0.73897219
0.59964222
0.64355499
0.68095255
0.59359872
0.75296265
0.75259668
0.75843078
0.74638885
0.68266022
0.61940169
0.62577039
0.60586280
0.71161813
0.71036321
0.69382167
0.64742333
0.64494210
0.63644028
0.57313460
0.62229151
0.53288227
0.51562130
0.59724671
0.60760295
0.56777567
0.62641370
0.69023949
0.52221626
0.44935930
0.58953971
0.76127106