0.02160217
0.17601605
0.07729913
0.05286339
0.02834099
0.04924434
0.09227195
0.14816709
0.10887687
0.09015418
0.06495865
0.12407073
0.14623235
0.13264193
0.06767168
0.11421674
0.05248783
0.07254387
0.07018102
0.12325177
0.07785800
0.08954821
0.14343011
0.08500879
0.01731187
0.03754913
0.04638781
0.12685046
0.01062500
0.09300580
0.08283734
0.13892005
0.11978218
0.05213901
0.04661978
0.05734415
0.09120021
0.16308351
0.08434115
0.16361482
0.12265494
0.13452885
0.16384828
0.09680016
0.10580179
0.09593644
0.09047761
0.05936609
0.06353781
0.08986500
0.03036684
0.04684393
0.08198610
0.07344898
0.12251689
0.15889598
0.07358874
0.09208962
0.13119355
0.13426013
0.05337592
0.08436669
0.07245158
0.04462754
0.03470379
0.02820383
0.09611576
0.07702122
0.12205594
0.04791306
0.16165395
0.14355834
0.17664677
0.11732911
0.06728231
0.05062458
0.07143266
0.10232949
0.06549087
0.04530506
0.14492407
0.07898647
0.05443371
0.08383733
0.07646317
0.06561070
0.11428151
0.08529496
0.21783586
0.10403433
0.09647142
0.03697357
0.03756035
0.07504039
0.10441778
0.15243345
0.09628572
0.06043112
0.12570062
0.10077749
0.03824646