0.06721490
0.41752174
0.68376511
0.78589326
0.84016424
0.85286087
0.75227195
0.75722009
0.71515381
0.83667344
0.72865301
0.80429041
0.84257799
0.80702621
0.73745066
0.69182676
0.75651908
0.67136335
0.73725486
0.85754281
0.80028009
0.83677709
0.78678697
0.76097757
0.60101682
0.71429396
0.73411453
0.85113299
0.83630204
0.79189920
0.72081965
0.80703223
0.84630263
0.83479011
0.84273094
0.85448897
0.81784022
0.84084046
0.70753676
0.75931245
0.70234036
0.57840633
0.67337042
0.68189490
0.70494002
0.66880178
0.74234235
0.80050910
0.84761095
0.80053067
0.76287210
0.73254114
0.72224647
0.69596964
0.69176376
0.48575127
0.40485603
0.69937032
0.70235080
0.82146484
0.82395136
0.86781007
0.87671310
0.88161415
0.83078307
0.84458840
0.83168405
0.79099023
0.84122795
0.86936706
0.82308447
0.83098817
0.84150910
0.88245219
0.88462561
0.89240158
0.83418328
0.82208163
0.79370672
0.82363302
0.86793709
0.84652019
0.90512377
0.75016356
0.80885196
0.84865046
0.83539492
0.82968283
0.67751855
0.87294823
0.90083641
0.88725609
0.87794322
0.85920745
0.91287196
0.83432680
0.85275519
0.87916207
0.84913856
0.90932155
0.86464047