0.26633909
0.91947806
0.91475034
0.91588140
0.91871852
0.90942073
0.89546698
0.87680674
0.89569467
0.92329538
0.91550440
0.91341043
0.91424584
0.90877265
0.91079766
0.89368486
0.90111268
0.91476899
0.90606326
0.93675023
0.90053964
0.92008668
0.91228467
0.91964966
0.90926951
0.91119653
0.90107173
0.93013710
0.91961098
0.91359490
0.92108208
0.92251414
0.93310499
0.89974248
0.90682250
0.91778392
0.87952977
0.89401144
0.90821511
0.90821260
0.91040421
0.91000384
0.89578110
0.92269635
0.89625198
0.89955163
0.88073057
0.91108346
0.89586008
0.92519861
0.91964424
0.91323179
0.90280759
0.88637847
0.91244143
0.89824396
0.91896552
0.89119101
0.88582969
0.91459632
0.86797446
0.90027672
0.90001029
0.90823007
0.89248037
0.90181273
0.91086924
0.88026130
0.86700702
0.90485036
0.91450238
0.88644236
0.92292130
0.88440341
0.92085493
0.88935900
0.90677649
0.90304202
0.89429778
0.87948531
0.90639138
0.90109521
0.90702927
0.87239093
0.90996033
0.92393923
0.89436007
0.85175157
0.85687888
0.83153516
0.86757588
0.89434075
0.90856504
0.89822406
0.88903445
0.90634084
0.87981248
0.89697665
0.90630621
0.89634240
0.91224533