0.13953310
0.86130697
0.83416688
0.83192968
0.81993514
0.84130454
0.83427644
0.79933572
0.83416694
0.84728628
0.77714843
0.81774116
0.83195579
0.81853020
0.80488706
0.84429491
0.85155845
0.82439673
0.78691095
0.85959029
0.85027850
0.78836572
0.76234001
0.85385484
0.81947345
0.77824783
0.63030392
0.82586217
0.86783034
0.82494628
0.85233885
0.86720395
0.80144113
0.85023940
0.77242994
0.85323244
0.86568171
0.83691984
0.84591490
0.87779158
0.87947637
0.89398921
0.81506693
0.88133001
0.88454825
0.86657387
0.84621286
0.85865760
0.77851051
0.81996322
0.83663690
0.87052429
0.83735067
0.84813118
0.83032912
0.81991553
0.82571495
0.84622824
0.82112527
0.81467980
0.88380021
0.85309088
0.84710765
0.83388537
0.82687604
0.86559975
0.82395285
0.84895986
0.83392739
0.80150819
0.83536226
0.80324912
0.86715388
0.83707285
0.83424568
0.88789696
0.88851583
0.79124522
0.71680307
0.84471315
0.81362593
0.83415788
0.82001567
0.84599423
0.85958064
0.81195480
0.83117646
0.78985900
0.83412421
0.82545447
0.83668077
0.81545472
0.85317713
0.81419218
0.81899261
0.77567858
0.87440407
0.81145144
0.78117108
0.78799826
0.75081033