0.13413320
0.77967227
0.84475571
0.84471899
0.84656054
0.83400655
0.74123716
0.85173684
0.88335550
0.83157921
0.80314910
0.80711794
0.84643656
0.83191645
0.76223642
0.87104499
0.87611741
0.84766126
0.84699249
0.84868324
0.79213965
0.70721102
0.73255187
0.85460627
0.80505776
0.77188718
0.86047125
0.82865572
0.81210154
0.80002725
0.77629530
0.80753767
0.81496024
0.85178739
0.79327112
0.59697515
0.76063967
0.74388343
0.78451705
0.86294383
0.83325160
0.81361985
0.88798606
0.81645209
0.67177182
0.84280324
0.76251554
0.72306138
0.58606833
0.76445389
0.86341876
0.77618670
0.78331482
0.79906499
0.82629251
0.69249856
0.72158051
0.80952471
0.84380156
0.84027880
0.79106110
0.72417974
0.75846219
0.78540343
0.79433328
0.80351019
0.73964965
0.59634936
0.63799137
0.80922598
0.83381373
0.70000976
0.67463797
0.59526622
0.72634751
0.72156328
0.64841491
0.70754921
0.77507102
0.78140771
0.83548522
0.55869651
0.66644931
0.77152908
0.76338440
0.67649931
0.68742234
0.42450976
0.52548081
0.46636692
0.26601830
0.35722905
0.29160979
0.78765643
0.81136686
0.88051444
0.86834878
0.84128129
0.85485053
0.83712339
0.83273143