0.03829549
0.15829766
0.11654963
0.11837669
0.09056722
0.11674737
0.08749346
0.14047037
0.18143557
0.09714897
0.03855482
0.07188669
0.10651283
0.26337361
0.09855784
0.18924236
0.08483046
0.09511533
0.09498994
0.25479940
0.10834359
0.25241500
0.06834628
0.11816428
0.27782083
0.19403280
0.23856911
0.14207393
0.19687262
0.09011599
0.10017691
0.25908396
0.10503926
0.15839553
0.08895268
0.06880160
0.04765975
0.04666329
0.17631696
0.09498821
0.25931892
0.19096632
0.04797302
0.13106602
0.21854691
0.16800228
0.09894392
0.07351472
0.05122998
0.14432278
0.13081293
0.19869013
0.10929192
0.11577889
0.09846295
0.22758770
0.23082520
0.19125871
0.19521177
0.14001694
0.10522904
0.14118434
0.09115409
0.23198180
0.18593957
0.14331301
0.16614687
0.18757601
0.11662143
0.03832515
0.12719482
0.22057568
0.21076459
0.13472161
0.09023087
0.21113335
0.28434619
0.13702354
0.21810395
0.17488150
0.30052480
0.11128648
0.18322611
0.03771142
0.29973489
0.10853052
0.03226559
0.14684819
0.13581897
0.09061857
0.22683531
0.20139083
0.11291967
0.10968756
0.16831484
0.10861308
0.10086112
0.25101957
0.13552290
0.13595866
0.21004698