0.15928271
0.03399319
0.09896620
0.08280430
0.16493879
0.02288627
0.21198000
0.24102464
0.15136208
0.15729561
0.03409910
0.12189803
0.10197005
0.16581373
0.13461280
0.16080397
0.13109416
0.17430654
0.18689564
0.20902057
0.11548375
0.12330651
0.06006493
0.10347199
0.06328014
0.15833133
0.04843656
0.07802303
0.05538197
0.06422962
0.06644683
0.07228362
0.10663550
0.03608362
0.15131111
0.22580500
0.12068222
0.02499016
0.07133875
0.08650871
0.15884055
0.16632362
0.09909669
0.06543586
0.13756938
0.09889153
0.09361470
0.10460370
0.10541524
0.12449589
0.16091959
0.07643128
0.14932205
0.09574852
0.16148806
0.12262511
0.05877703
0.19871330
0.10007488
0.12823349
0.14629079
0.11257090
0.19549750
0.06658798
0.10438268
0.17292257
0.16381890
0.20051655
0.14189978
0.15734337
0.08406956
0.03505769
0.07083376
0.18375801
0.19981903
0.15011278
0.13116835
0.11576901
0.14318176
0.14398487
0.04065650
0.08599625
0.18325754
0.12740871
0.08709806
0.09914953
0.07360980
0.16939451
0.05380683
0.17195421
0.08420709
0.20257418
0.11223583
0.04949782
0.11711920
0.17131555
0.12514746
0.11379968
0.07379759
0.17899062
0.13402262