0.09369902
0.05873081
0.07611738
0.02579710
0.07384324
0.12080618
0.06114094
0.09020309
0.18911143
0.11531451
0.07705319
0.05613328
0.01736025
0.07018877
0.05587879
0.11492358
0.05795373
0.06482237
0.07456417
0.06029369
0.14710078
0.08700333
0.11642244
0.10748503
0.07276537
0.09034292
0.11136805
0.11604898
0.09352497
0.15196460
0.10855515
0.05172961
0.06291896
0.05577654
0.04221829
0.12513714
0.06700762
0.08422273
0.14296362
0.09728848
0.11154062
0.04269563
0.03951981
0.15647855
0.06960338
0.05054426
0.03833792
0.04328646
0.08999444
0.07181348
0.14758322
0.07459755
0.05878740
0.07461268
0.10467453
0.02642450
0.15326528
0.17299913
0.18774180
0.08015496
0.19440094
0.16062480
0.06427276
0.08909611
0.04150738
0.09944191
0.08118854
0.16474064
0.09469992
0.09280372
0.03133895
0.05179375
0.15420018
0.03635152
0.15344420
0.09727522
0.11873745
0.09177324
0.07254292
0.09224561
0.09708428
0.03893828
0.11456652
0.17551723
0.09157810
0.04319200
0.08352832
0.09580567
0.09431876
0.07411847
0.06195815
0.07642750
0.08408329
0.03502789
0.13972557
0.10036122
0.05921005
0.07656065
0.12023871
0.13582548
0.12573577