0.10072691
0.13804431
0.26804170
0.22059903
0.24625821
0.17524715
0.25187171
0.34804675
0.26407155
0.28600159
0.34411290
0.18852781
0.55636603
0.30806518
0.22514915
0.29069310
0.22877927
0.17486231
0.20575434
0.08010247
0.24843365
0.18983781
0.29987407
0.55907774
0.55442458
0.51399988
0.47187427
0.30880487
0.17465839
0.21955517
0.20528753
0.24029784
0.27148354
0.24946198
0.29455295
0.34061250
0.20484091
0.27645403
0.12309133
0.20147836
0.26003313
0.24783334
0.21647936
0.33398345
0.37850058
0.42822799
0.21747765
0.18403666
0.40008119
0.47949067
0.40459007
0.41322482
0.45413390
0.24707125
0.35290882
0.38981855
0.47210723
0.33766320
0.32840216
0.38518617
0.43385631
0.22742149
0.30031034
0.16496632
0.44589314
0.52878582
0.48861963
0.59580517
0.63358724
0.62277454
0.59054261
0.44825292
0.35048801
0.39564887
0.43244362
0.42193413
0.51783621
0.53699809
0.34142163
0.24241570
0.21783313
0.26777565
0.35939944
0.21682610
0.21152024
0.23428442
0.39511365
0.36560422
0.18850468
0.34592342
0.36034516
0.34507701
0.40123999
0.42776370
0.40639058
0.52504289
0.28440693
0.12855819
0.41411349
0.39833230
0.14614482