0.14341784
0.90915948
0.92779279
0.90819007
0.91493243
0.88805735
0.91216296
0.92637855
0.91171610
0.89610428
0.92100561
0.89411467
0.91130084
0.89638650
0.92527574
0.88596427
0.90224153
0.90433764
0.90632105
0.90189856
0.91098845
0.91452670
0.90187734
0.88885504
0.90956175
0.91221619
0.91387129
0.91550469
0.90094763
0.91549027
0.90317422
0.92128479
0.88076365
0.90549093
0.91271913
0.91164851
0.89326668
0.91053385
0.91786218
0.91007400
0.89717466
0.90628850
0.90367162
0.90073758
0.90631056
0.91720384
0.91966110
0.90259385
0.91672385
0.90950567
0.91664696
0.90444684
0.90386558
0.90752703
0.92044377
0.92647475
0.91077614
0.90748358
0.89304078
0.91103226
0.89734453
0.91950995
0.92005891
0.92337555
0.90983003
0.90756416
0.90285170
0.91669244
0.91471064
0.91622955
0.91119909
0.90526521
0.89945966
0.92418808
0.91622603
0.89841056
0.89796019
0.90216851
0.89885008
0.89256400
0.91931504
0.90855509
0.92005438
0.88450271
0.89664567
0.92397720
0.90106410
0.90208936
0.91491556
0.88292068
0.90572387
0.91336691
0.89142478
0.88543582
0.88813430
0.87634116
0.90209180
0.88304120
0.85871226
0.89942288
0.88313484