0.08263827
0.74338448
0.76643270
0.81028289
0.85684103
0.85772306
0.84505051
0.86020064
0.81907409
0.77746207
0.76105553
0.76766157
0.85366821
0.82136798
0.81368029
0.89079779
0.85000247
0.75560111
0.84732795
0.88401383
0.83455461
0.82090569
0.82849425
0.84106356
0.84650278
0.74251032
0.89803660
0.84031260
0.78769487
0.81444287
0.84588653
0.86686999
0.89128530
0.82436061
0.86464250
0.86290938
0.86515832
0.82792926
0.84648329
0.86412787
0.81389272
0.86566806
0.85215545
0.87679505
0.85162568
0.82131773
0.85055786
0.82162231
0.82652152
0.87796330
0.87084305
0.75277537
0.86171377
0.79494745
0.80350268
0.85886037
0.86103612
0.83896828
0.77887422
0.82390511
0.80846834
0.79156828
0.83075660
0.89987725
0.92665964
0.88868719
0.85212022
0.84036905
0.87720186
0.88063109
0.90497416
0.80087662
0.85921687
0.89326614
0.88536817
0.84178782
0.86805344
0.90525091
0.90325660
0.83891451
0.87186402
0.84279615
0.88595980
0.81346965
0.85446256
0.83766639
0.89713019
0.86439896
0.91089267
0.91608644
0.86273110
0.87855148
0.84413475
0.84123987
0.85869372
0.82452983
0.87010628
0.88862306
0.87505293
0.91620821
0.91898566