0.11421080
0.14467539
0.16527432
0.15874404
0.20383044
0.23291939
0.38970792
0.40965194
0.45629334
0.28887948
0.37038079
0.35753265
0.41415614
0.33300400
0.38538277
0.45358866
0.16056553
0.26216280
0.25961554
0.24222259
0.32529780
0.30418992
0.40681657
0.45302737
0.34613231
0.32847008
0.28716496
0.28430969
0.33630013
0.55117053
0.57814306
0.50413668
0.50449234
0.57203394
0.67782861
0.59930015
0.56567538
0.53887755
0.48612523
0.50388151
0.44052529
0.56867021
0.48329055
0.43944281
0.40573663
0.34441876
0.39921594
0.36704734
0.35759914
0.22442983
0.33756810
0.29986179
0.28610644
0.52913058
0.56648755
0.54303384
0.44522732
0.31431329
0.48839360
0.55114996
0.44403917
0.42116657
0.50195235
0.45642936
0.44361892
0.51899385
0.52687627
0.47003594
0.50524342
0.59376299
0.65327382
0.66342819
0.71429145
0.72784311
0.72510445
0.65556914
0.44328278
0.54551435
0.47433567
0.45413122
0.54130310
0.64319533
0.65566528
0.58870751
0.54830629
0.57321644
0.53421772
0.50362414
0.54855704
0.49501163
0.52036041
0.61425811
0.44049880
0.51391894
0.50470579
0.36566001
0.30737090
0.35945472
0.50272751
0.48343205
0.59030104