0.03719526
0.19904356
0.33744326
0.38784012
0.29272202
0.32922128
0.16566522
0.19009823
0.21649770
0.17582643
0.23927689
0.52835011
0.49716222
0.56155199
0.65600830
0.67247635
0.47525585
0.33307195
0.38385120
0.38113213
0.38484299
0.39094222
0.44755447
0.30741295
0.30866939
0.29381925
0.35593772
0.42624530
0.40928352
0.59366137
0.61961412
0.66699582
0.64481372
0.67631608
0.48553836
0.42557758
0.38016948
0.44813946
0.41769385
0.49353561
0.69588143
0.69177198
0.59435713
0.60729045
0.61346132
0.70046622
0.49293572
0.45067254
0.58139402
0.66452044
0.56735921
0.44174176
0.55544746
0.60364389
0.56107390
0.42037842
0.45862839
0.45700496
0.55041403
0.52683741
0.52303034
0.36175787
0.39138752
0.43635896
0.44026402
0.48848870
0.40960190
0.39610848
0.47018731
0.53034341
0.63655919
0.68588084
0.62514037
0.68047506
0.65222907
0.60772181
0.54719824
0.60804224
0.52075404
0.57149583
0.63702559
0.60070240
0.60115719
0.60130531
0.62488770
0.57343149
0.56405199
0.50119513
0.55474639
0.47595859
0.24650696
0.31594726
0.48492965
0.28279513
0.49033672
0.26959831
0.48151737
0.55799437
0.55350870
0.50249654
0.43466431