0.14954217
0.50930005
0.56435132
0.66323090
0.78686762
0.78114069
0.82357144
0.78352445
0.81919670
0.85893798
0.77352667
0.78727609
0.74088931
0.77332723
0.78601038
0.80098176
0.74805796
0.80071187
0.72667474
0.85025817
0.74306780
0.73737204
0.81988025
0.71342540
0.77079773
0.77016670
0.86796349
0.87380880
0.80673194
0.77790624
0.75314271
0.73634070
0.73549533
0.59676713
0.84119880
0.77238572
0.81868041
0.80166441
0.79998326
0.65433556
0.82703626
0.84550643
0.77932489
0.85217124
0.85113055
0.89636207
0.86970520
0.85340142
0.79328847
0.84034956
0.82321119
0.89592642
0.83041823
0.84677851
0.84651983
0.86444956
0.78685194
0.83543497
0.79167342
0.73416215
0.60691637
0.74150848
0.85756373
0.89431357
0.85143358
0.75429052
0.78884995
0.75293356
0.80510312
0.80756235
0.90304482
0.87770575
0.82510352
0.84190851
0.85427558
0.87508315
0.82514131
0.81344223
0.82731408
0.87691039
0.85759646
0.76003462
0.87219620
0.83141172
0.84010208
0.70151544
0.80027956
0.84256464
0.83143091
0.87031096
0.89364988
0.82029915
0.84881353
0.79968649
0.84984535
0.63654637
0.74482274
0.84906423
0.87759471
0.81254953
0.86060715