0.05855872
0.76156670
0.79942518
0.88551486
0.88597685
0.87670976
0.88887405
0.86989534
0.88637108
0.86965430
0.86100733
0.85699439
0.88545310
0.80924010
0.79069901
0.88607675
0.83040816
0.90948290
0.87206709
0.86312628
0.86973989
0.83306009
0.84405684
0.84654784
0.88723236
0.85927039
0.82086450
0.90694100
0.85305423
0.86441553
0.88699985
0.80928659
0.76319253
0.83499831
0.82902956
0.88154566
0.88333786
0.88620347
0.85645974
0.87358546
0.83002520
0.87436914
0.89627993
0.88217360
0.85016179
0.71816254
0.83090723
0.79859769
0.82248324
0.86445695
0.87589610
0.86266780
0.84837592
0.82796717
0.88400656
0.84825426
0.86282045
0.77265066
0.80013770
0.74987602
0.82730561
0.75583243
0.81703830
0.88959098
0.90548944
0.88891906
0.85735106
0.88015777
0.90045357
0.86813337
0.87969226
0.84402823
0.89339310
0.90776956
0.88554549
0.85891891
0.84717596
0.86359251
0.90576482
0.78091866
0.60840273
0.63269067
0.77578115
0.84813833
0.88894761
0.91871375
0.89076233
0.86333138
0.91663134
0.91485929
0.89407843
0.89680064
0.93783957
0.90878397
0.91160482
0.89616537
0.90032709
0.88875282
0.91542840
0.91999418
0.87255388