0.08318138
0.23296937
0.07775953
0.14963186
0.27730525
0.17456423
0.27122086
0.23311110
0.33923393
0.22406217
0.17600153
0.23089090
0.25935653
0.30353582
0.15477651
0.20254338
0.30562901
0.36742347
0.27723113
0.18849345
0.33600327
0.16395971
0.11151083
0.11215968
0.05414705
0.22391041
0.05116909
0.35537970
0.27045569
0.26559192
0.37649140
0.43775216
0.32592121
0.24973537
0.23119311
0.18135114
0.12750264
0.21116634
0.22951297
0.35013416
0.38471729
0.23723549
0.37481359
0.44462880
0.39392743
0.19721833
0.26504308
0.15865962
0.22550210
0.11803868
0.23298061
0.21782450
0.23907682
0.24774246
0.11143582
0.24770702
0.19665720
0.24050950
0.26989126
0.16197416
0.06626492
0.14402314
0.12724714
0.16384022
0.31611884
0.26379779
0.09411743
0.26535624
0.25277290
0.24055679
0.22542797
0.32932419
0.20365934
0.09436081
0.20326807
0.11880235
0.32231617
0.21936293
0.27826682
0.27798709
0.37912726
0.39237815
0.33891487
0.26856917
0.26797852
0.22567488
0.17557374
0.16364773
0.22619621
0.25350931
0.20880298
0.21969037
0.22879037
0.16916722
0.11093917
0.19366442
0.33186808
0.44973323
0.28056234
0.13772030
0.14651126