0.08533442
0.12173407
0.07467815
0.10986893
0.15604283
0.04324467
0.08290631
0.15085702
0.12773448
0.04480242
0.05005482
0.07868484
0.14167300
0.07415979
0.10651848
0.05669228
0.06413982
0.07591191
0.14089790
0.13225196
0.10463127
0.09129310
0.08073186
0.05465107
0.05328792
0.07916158
0.08622822
0.04345116
0.06325089
0.08993313
0.09109239
0.12129533
0.06372924
0.04447894
0.08048009
0.16806628
0.12368359
0.03394474
0.06490586
0.01966292
0.07023846
0.11538395
0.07667464
0.02955057
0.06074050
0.05446678
0.08174722
0.07470859
0.18923330
0.06817610
0.04763493
0.04879182
0.10923892
0.10567658
0.14555928
0.16116641
0.12886082
0.02351484
0.10527533
0.11232328
0.07109999
0.07251589
0.07597548
0.01681161
0.11049397
0.09873297
0.12856561
0.04894344
0.09504098
0.05887430
0.06638278
0.04393191
0.07817480
0.10409502
0.11683301
0.11179464
0.10848898
0.14167821
0.03419609
0.19579796
0.12574258
0.06875988
0.10527876
0.10089388
0.07099090
0.07771385
0.12548132
0.07695126
0.06383758
0.07630263
0.07546286
0.15661712
0.14487803
0.07676656
0.02830966
0.02380869
0.08262657
0.11976471
0.13093650
0.14643504
0.06434065