0.14959984
0.94350815
0.94023931
0.90864652
0.91319519
0.95366013
0.92227799
0.89718467
0.92263627
0.93551916
0.92468941
0.92637140
0.93023896
0.95442259
0.93537295
0.94695145
0.92273295
0.93960780
0.93168825
0.93041331
0.93820417
0.93953598
0.94550729
0.95117742
0.93610495
0.92839819
0.92694151
0.94160044
0.93021959
0.93420500
0.95103079
0.93605334
0.95926774
0.96370369
0.96439344
0.93972361
0.95932966
0.94814813
0.94039637
0.95576012
0.93351245
0.94003677
0.94792074
0.94669795
0.96353930
0.96463448
0.95227873
0.96770692
0.94565803
0.92086530
0.95968378
0.96069449
0.93367606
0.94064957
0.93776399
0.90935957
0.92993873
0.91085142
0.92355514
0.88352305
0.89718485
0.91154921
0.89679551
0.94171745
0.92755419
0.93770361
0.93009150
0.93498015
0.93848538
0.93717766
0.94334906
0.91492003
0.92229128
0.94478822
0.91029328
0.94189018
0.92614180
0.89841539
0.91429418
0.90610635
0.90230125
0.91330826
0.93587762
0.93728018
0.94002831
0.94205695
0.92412913
0.93890184
0.93180352
0.92676061
0.93923241
0.95059717
0.94875723
0.92110449
0.94377279
0.94701678
0.89340365
0.88033587
0.91695648
0.92235845
0.90980339