0.06709162
0.16753913
0.31894237
0.46710038
0.48249269
0.54839784
0.66717094
0.55532968
0.66003370
0.62039477
0.64799535
0.68733984
0.74179357
0.68240005
0.65281624
0.57230073
0.63931727
0.69521171
0.65747732
0.64418411
0.57101351
0.60211384
0.58361185
0.68008769
0.63555467
0.67071068
0.68930280
0.68085879
0.75546545
0.69326514
0.69851041
0.65215784
0.65032351
0.55196494
0.59902251
0.67259628
0.66053855
0.66672981
0.66085696
0.72534913
0.66251165
0.69759727
0.62330824
0.56176138
0.62565982
0.75071645
0.76057160
0.75688100
0.62655932
0.75665116
0.75952029
0.72414017
0.74215347
0.71904993
0.70677567
0.75795805
0.73397797
0.64244372
0.64405650
0.72561216
0.64998573
0.60682076
0.62033057
0.59591460
0.62715328
0.57846528
0.66229129
0.64501745
0.63040155
0.55504936
0.61126256
0.58572936
0.56262141
0.62941909
0.65320289
0.64071345
0.70244592
0.64710939
0.75117087
0.71552771
0.80578065
0.75784636
0.71744329
0.65263152
0.68462127
0.67715269
0.68406594
0.68598884
0.68342161
0.67638743
0.66808563
0.69570410
0.70856214
0.67658049
0.68971580
0.68663657
0.80054748
0.68074942
0.77357149
0.70003939
0.65262502