0.13948847
0.08364469
0.13342392
0.13247195
0.16549657
0.08433168
0.09289408
0.03729307
0.09177814
0.10010317
0.06721991
0.16869503
0.09888788
0.03017007
0.09473702
0.14617772
0.15759583
0.07012773
0.11782843
0.14378594
0.03032594
0.05918072
0.11350005
0.09664328
0.10898133
0.04687983
0.10353701
0.06046498
0.05251057
0.14265358
0.05269077
0.05430671
0.09831784
0.09120529
0.02427949
0.06951499
0.05167835
0.08512078
0.09444240
0.09730118
0.15788175
0.11717208
0.13885863
0.07468846
0.03902441
0.06329371
0.05656185
0.12867580
0.14723444
0.16948938
0.13159142
0.08969738
0.05813844
0.15644914
0.06845374
0.20921667
0.08877014
0.06666912
0.07773200
0.09660864
0.12490728
0.09061176
0.17392635
0.08311272
0.04819302
0.16051847
0.06363378
0.12859538
0.10564191
0.10448595
0.16736877
0.08821940
0.08424557
0.02819659
0.17096989
0.13675685
0.06146650
0.11813441
0.07867586
0.08029138
0.09699638
0.10078729
0.05945398
0.15301768
0.09511655
0.07354663
0.10981656
0.05450426
0.13350378
0.20718199
0.15043162
0.07681145
0.11793670
0.15991630
0.13889207
0.14004263
0.11449903
0.10247432
0.08651955
0.10128918
0.11019713