0.11078583
0.92813927
0.92364913
0.91453719
0.90521741
0.92259848
0.86243874
0.91549814
0.91870189
0.91164887
0.89571363
0.91752434
0.89652854
0.92152971
0.91469646
0.89904040
0.91365546
0.89756179
0.90172571
0.91149199
0.91615164
0.89879817
0.89737284
0.91965407
0.91161585
0.92222959
0.92025673
0.91874695
0.90706205
0.92545241
0.92027593
0.91092062
0.89949793
0.89789218
0.91517586
0.91058809
0.91820061
0.92177576
0.91205573
0.89559907
0.92892075
0.90343618
0.92031878
0.90197188
0.91909045
0.91604692
0.90137219
0.89514238
0.92010832
0.91568345
0.92434287
0.89306611
0.91565251
0.89383799
0.89948815
0.90937805
0.91434377
0.91429740
0.90122324
0.91807938
0.90710151
0.92045677
0.91301757
0.87876731
0.90141976
0.91118485
0.89843619
0.91674364
0.90432197
0.91505706
0.89891618
0.91107768
0.91459441
0.91312242
0.87420988
0.91735566
0.92094302
0.83939219
0.87788224
0.89018631
0.90357697
0.92074102
0.91288698
0.90440768
0.87871468
0.91546035
0.88288248
0.87486285
0.91370618
0.89342314
0.88701439
0.88167244
0.91562402
0.90178072
0.88766146
0.92452478
0.90610152
0.88207161
0.89452410
0.89712387
0.89464968