0.14954217
0.12634382
0.16128622
0.06688026
0.11331647
0.02048079
0.09823500
0.06782493
0.16061778
0.09786841
0.07334182
0.02419973
0.12442858
0.05671330
0.09660240
0.12137463
0.10646763
0.10176210
0.15689488
0.14633523
0.09293822
0.09506254
0.06387641
0.10427757
0.11128438
0.09702188
0.09866496
0.17426653
0.04215820
0.08330519
0.10123339
0.05581536
0.11538937
0.11010404
0.07907690
0.18289965
0.06643571
0.08869904
0.18316410
0.23403567
0.08422604
0.17396919
0.11921770
0.10943700
0.04679777
0.10713443
0.11987533
0.08455259
0.05005675
0.08229408
0.06897642
0.06408158
0.05105958
0.07447185
0.08504333
0.05044009
0.08117223
0.07584608
0.05408074
0.06323398
0.07005861
0.11500342
0.12570649
0.07643391
0.12536170
0.09809306
0.12718901
0.06645924
0.10571184
0.07566624
0.13389650
0.07311694
0.05575340
0.10902324
0.07415380
0.21060720
0.00564635
0.12672286
0.02971644
0.04540631
0.18565148
0.11835388
0.08809012
0.08044754
0.04475848
0.09260218
0.04798206
0.07420205
0.07496157
0.04353907
0.14542265
0.08642415
0.13481987
0.07934505
0.09505478
0.05080225
0.07864098
0.02844788
0.05808692
0.00836796
0.06471436