0.15928271
0.03425476
0.15745254
0.05326395
0.02997945
0.10901273
0.08536224
0.13418508
0.08140486
0.06685663
0.07107925
0.07844219
0.14547962
0.09869836
0.06878330
0.11903592
0.10450377
0.05210568
0.09185231
0.07537548
0.06280463
0.06655785
0.04992865
0.03703160
0.08814880
0.03481749
0.08540463
0.09554105
0.04635334
0.07378446
0.12347174
0.02738537
0.08086296
0.13726482
0.07262561
0.07210291
0.13460398
0.09030195
0.05470562
0.09257559
0.09007632
0.13223697
0.07013581
0.16701370
0.06938629
0.04485250
0.07461189
0.12810035
0.08238155
0.04556676
0.07447433
0.04995527
0.08246721
0.06817436
0.04299373
0.08863285
0.07992974
0.14947744
0.09924490
0.07465310
0.05027046
0.09920641
0.13860267
0.08446040
0.03387605
0.08300563
0.08484517
0.10923051
0.05808101
0.08650721
0.10840426
0.06415729
0.14886980
0.09024525
0.10745525
0.02886861
0.11439742
0.04133436
0.06995200
0.15314640
0.04662948
0.08949436
0.09137055
0.08136307
0.13609977
0.10600809
0.09745993
0.08548488
0.08729791
0.09244262
0.09639383
0.05298541
0.05704816
0.11787176
0.12051527
0.05703861
0.13459596
0.14053683
0.19371678
0.04743414
0.15005635