0.18653215
0.10211590
0.14504984
0.09978039
0.14193512
0.12808214
0.10857086
0.10726419
0.12494554
0.11056181
0.09647525
0.03048386
0.14387524
0.03773851
0.16143988
0.12138861
0.09612527
0.13678110
0.08290102
0.11064479
0.03600393
0.15075739
0.05838094
0.10685512
0.05507186
0.19385366
0.14627013
0.05376653
0.10747088
0.09782168
0.10374801
0.14396077
0.09897937
0.07742450
0.11957958
0.06632622
0.06935906
0.17299844
0.07646114
0.05205934
0.14146729
0.09746391
0.06972294
0.15458623
0.14130493
0.05488199
0.09144112
0.01716928
0.07561655
0.09352515
0.11757564
0.08935864
0.11779206
0.11028052
0.12013058
0.05480559
0.11575051
0.12432415
0.15342350
0.19973999
0.13674910
0.07659917
0.08716632
0.10921005
0.16246489
0.16871315
0.02828711
0.09301721
0.08501677
0.07272852
0.12338648
0.08320560
0.07494225
0.09576509
0.12123084
0.06316359
0.05870359
0.14443089
0.08473501
0.11155964
0.08537573
0.09664971
0.04773507
0.13414000
0.07172291
0.08001205
0.07350946
0.14854449
0.07115689
0.13585939
0.12540133
0.02769687
0.08371615
0.05641937
0.09961837
0.09405825
0.08716913
0.09331450
0.09252112
0.08648244
0.08412763