0.12501109
0.38137978
0.39736691
0.69309318
0.58554608
0.64102340
0.76004738
0.66859800
0.77876168
0.79318422
0.83529115
0.83460462
0.84461951
0.84381866
0.81660217
0.82995713
0.76645452
0.77319711
0.78911996
0.76501840
0.74090302
0.81066453
0.75863671
0.73676336
0.79409796
0.84928423
0.85849327
0.82922012
0.77821076
0.82437116
0.87910151
0.82593572
0.87012815
0.87176740
0.86361098
0.84188867
0.85822004
0.83664596
0.85609215
0.85739785
0.79080552
0.84945983
0.87801492
0.84541619
0.85979432
0.88125521
0.90069342
0.80165637
0.80523592
0.72797877
0.80615401
0.81431246
0.82841766
0.86490500
0.85299963
0.74605072
0.68650270
0.80169642
0.57149339
0.75573057
0.71658552
0.71059889
0.81585312
0.87904662
0.84326112
0.85046732
0.80404955
0.88521224
0.75674820
0.70314062
0.83070105
0.88064277
0.86070514
0.77486902
0.89376509
0.89481527
0.80349278
0.74727285
0.70542455
0.85991305
0.87323791
0.82630152
0.85103965
0.72399896
0.69309753
0.68590873
0.87268281
0.87797570
0.86768669
0.87093198
0.87277734
0.87923884
0.88443547
0.87712896
0.88677669
0.87585539
0.83779204
0.88845897
0.83708131
0.77694374
0.85676873