0.08449510
0.93237478
0.93613082
0.94149506
0.93195605
0.94055498
0.93077505
0.93331695
0.94061309
0.93330961
0.92465138
0.93710065
0.92044508
0.93741828
0.92264849
0.91397166
0.91598058
0.93317252
0.90650034
0.92906761
0.92753434
0.92467684
0.95354795
0.93068939
0.94810897
0.93597496
0.94594359
0.91997260
0.93492836
0.93041641
0.92703301
0.94106287
0.90929580
0.93831563
0.90413004
0.94366288
0.92580312
0.94402152
0.91227347
0.95097971
0.92603302
0.92139429
0.91701621
0.91461253
0.93202019
0.91692591
0.93170655
0.91984940
0.93803626
0.92518693
0.94055253
0.91691118
0.93094707
0.94072562
0.94211000
0.92639959
0.93891340
0.94426435
0.90340877
0.93366534
0.90176201
0.91728240
0.91984701
0.90732878
0.92187577
0.88421166
0.94260603
0.91484392
0.90990865
0.93157870
0.91977972
0.92464864
0.91939270
0.92584801
0.93322945
0.91998512
0.93410420
0.92819673
0.92198813
0.90781951
0.93154734
0.92603284
0.92884028
0.93107051
0.92578322
0.91227388
0.86738265
0.93674326
0.92644554
0.95367622
0.94370103
0.93428075
0.94169569
0.93703073
0.92405695
0.92393565
0.93509126
0.93201441
0.91057467
0.91681641
0.91452807