0.04015391
0.84916204
0.87355787
0.86794764
0.90368241
0.88618493
0.85829169
0.88960004
0.90737414
0.90681404
0.89637834
0.91848773
0.92597443
0.88730448
0.92079931
0.89234102
0.87295270
0.87938493
0.89338756
0.91389090
0.91275483
0.89454961
0.88339204
0.88589257
0.92211241
0.89324981
0.89702934
0.91879267
0.89222777
0.89083374
0.91524142
0.90826452
0.89433485
0.91530824
0.86499250
0.90020728
0.90338594
0.86947381
0.90937185
0.91723686
0.91977918
0.89299387
0.88924187
0.83110923
0.89848661
0.90119749
0.90568435
0.88881373
0.90757591
0.90878379
0.83891326
0.91032374
0.91870224
0.88765764
0.91023695
0.88576776
0.91349763
0.84944570
0.93150514
0.90951836
0.88555717
0.91253442
0.91380709
0.92082644
0.91303480
0.88254988
0.89862084
0.90787393
0.89971727
0.90597540
0.90770012
0.90216374
0.89072508
0.90869170
0.91094404
0.90297854
0.90896207
0.91821551
0.91869795
0.91536140
0.91112566
0.89273053
0.91013908
0.91774279
0.87876779
0.91179103
0.91617584
0.89976275
0.88239259
0.91380721
0.91077888
0.85894507
0.91555476
0.89342612
0.90427208
0.92634177
0.91551381
0.89066070
0.87492287
0.93010592
0.91497922