0.10072691
0.18531443
0.04853521
0.13772428
0.06929711
0.14125046
0.17890528
0.14826185
0.24404848
0.03596750
0.19680530
0.09780202
0.06999500
0.14587393
0.13812090
0.12357876
0.17415546
0.12323587
0.08516403
0.13654070
0.16364491
0.15418632
0.08598792
0.16683619
0.11229741
0.13647929
0.21246773
0.11266525
0.07258461
0.08183204
0.04391023
0.09050700
0.06599314
0.17667165
0.21425956
0.15507901
0.08169895
0.08376550
0.16307278
0.09790806
0.10173131
0.10832544
0.08816144
0.18910165
0.15239303
0.17420574
0.21393546
0.12727171
0.06888315
0.03616270
0.13183171
0.06576197
0.03076663
0.07018827
0.07708924
0.13975148
0.18735045
0.16633791
0.24166892
0.20626168
0.10223395
0.19859970
0.09628144
0.17596117
0.18874155
0.09112849
0.10174403
0.11840626
0.13736287
0.11344798
0.12234559
0.09913541
0.14370629
0.04847731
0.12497734
0.09529141
0.22301504
0.14320011
0.12554547
0.16674545
0.32566369
0.12636729
0.12262695
0.18616971
0.26060981
0.17582716
0.16240111
0.15589979
0.08542841
0.09410505
0.12559603
0.15665576
0.10631377
0.12826046
0.11602742
0.26985511
0.11793150
0.14510900
0.18116343
0.21081150
0.15204810