0.05636942
0.07452889
0.12253580
0.08084270
0.12911814
0.07171886
0.08913766
0.18783015
0.11045477
0.05627104
0.11170531
0.11618688
0.15274432
0.12735337
0.16804980
0.07982122
0.08293597
0.08763263
0.13501452
0.11958104
0.05632842
0.08100493
0.11360505
0.23446482
0.08886435
0.18471587
0.08516922
0.14396390
0.06939722
0.14121754
0.10916506
0.01156151
0.07344912
0.12908798
0.02817538
0.12764858
0.16163597
0.09546062
0.10299612
0.13904186
0.04404427
0.02284396
0.02996867
0.14623371
0.11055572
0.05773197
0.07604031
0.07366462
0.02057596
0.03478298
0.04222561
0.03049020
0.06166952
0.09499212
0.09420160
0.05754732
0.04880692
0.05813903
0.10282946
0.12894627
0.17847486
0.11654666
0.16785313
0.15299684
0.08237863
0.10720824
0.06280424
0.14979893
0.09357575
0.11183317
0.06617078
0.16475849
0.14655785
0.06439573
0.05543037
0.09693796
0.09531284
0.12860923
0.05325176
0.14422238
0.12940350
0.15768874
0.10561232
0.14325552
0.03613744
0.07972921
0.09991136
0.07093052
0.09395388
0.02274938
0.11782261
0.05656286
0.13427351
0.07167760
0.04345578
0.16278751
0.07368818
0.04610579
0.14595394
0.02680952
0.10758415