0.09753011
0.09896410
0.15293872
0.07641944
0.16239387
0.31271964
0.13114500
0.12754345
0.15247178
0.08361307
0.04230317
0.17262995
0.23818220
0.14340892
0.26915646
0.23936680
0.26891756
0.16336919
0.20605713
0.09986962
0.15049933
0.19441393
0.15286094
0.16674800
0.03990184
0.38823792
0.20410205
0.25091064
0.28217393
0.22674729
0.22673932
0.25352931
0.07818291
0.14431089
0.27981153
0.08245295
0.19830263
0.07905343
0.29658833
0.23472327
0.16422927
0.26006615
0.22234251
0.36155087
0.25830060
0.15428565
0.11086693
0.18501814
0.12558226
0.12314353
0.16001871
0.17831205
0.25986016
0.33017406
0.16048330
0.23366880
0.14376377
0.31636235
0.26513627
0.21800764
0.08825482
0.17354202
0.19534579
0.22984083
0.13767423
0.25183126
0.14722414
0.30873713
0.13352564
0.28570610
0.26439092
0.22509910
0.30472711
0.33896074
0.38202626
0.36637175
0.34541407
0.33845997
0.14382449
0.15534514
0.19241619
0.14750698
0.14412242
0.10261135
0.18431194
0.11078019
0.21351141
0.33147839
0.18529278
0.19948478
0.21852784
0.19324575
0.24364975
0.19872965
0.13631114
0.28328019
0.28333083
0.34145916
0.26191914
0.23328863
0.06523333