0.09369902
0.07124439
0.12471159
0.05728650
0.05296057
0.10955207
0.07249799
0.05277396
0.02243273
0.09292654
0.08015763
0.06003983
0.07137331
0.11628430
0.11061385
0.06289611
0.10704397
0.07074489
0.15978938
0.09066908
0.11450648
0.09073286
0.14307079
0.11894862
0.07655305
0.09196238
0.05018059
0.06500439
0.06456013
0.09390634
0.06309273
0.05939227
0.11786840
0.07352921
0.03342916
0.08063096
0.13670570
0.09761108
0.20919366
0.09277710
0.13354953
0.08508862
0.07607378
0.16011581
0.03165489
0.05350780
0.10645522
0.08556026
0.11084977
0.10040166
0.05745092
0.10836489
0.11456081
0.11629987
0.06965757
0.03467979
0.08391038
0.10401520
0.15012231
0.15410203
0.15165916
0.13324326
0.08348340
0.08370933
0.06141523
0.16287285
0.16314071
0.11540183
0.14721937
0.08106878
0.04599516
0.11513365
0.09668276
0.08380955
0.07876271
0.15771732
0.10791401
0.11987080
0.08705001
0.09106324
0.12263036
0.06549813
0.06436326
0.07209580
0.07454215
0.20054223
0.16058338
0.07738206
0.11800086
0.04961110
0.06251790
0.04937952
0.09146880
0.10347109
0.06123202
0.12217109
0.05901811
0.07775721
0.06815945
0.12160281
0.04942682