0.07878611
0.23220360
0.04299231
0.06482402
0.11960929
0.19187953
0.15128355
0.24361008
0.06772696
0.07142175
0.07603040
0.13850911
0.16490069
0.15579313
0.29281539
0.25651288
0.28505751
0.15806656
0.21162415
0.25674665
0.28806555
0.25551143
0.22935989
0.12437303
0.16432312
0.17199653
0.22787470
0.24574652
0.27095729
0.35020217
0.28768364
0.30385628
0.21055140
0.32560048
0.39496690
0.33264697
0.32746005
0.43026471
0.43879613
0.30451906
0.40156719
0.45103514
0.33931464
0.38362241
0.20234202
0.18509564
0.28154159
0.34182972
0.23005705
0.32709208
0.26075804
0.12731132
0.20716789
0.28442955
0.33052310
0.36151883
0.30995998
0.25130960
0.26292169
0.22996782
0.07981946
0.10218185
0.24176918
0.19745012
0.07847237
0.11855150
0.12644453
0.15975109
0.24481209
0.26292801
0.15897469
0.34000206
0.20062117
0.25968799
0.30265206
0.26329213
0.15163247
0.12968892
0.25605497
0.16234484
0.08530845
0.08253476
0.07184601
0.11404908
0.17609045
0.13008328
0.16321440
0.20230034
0.04503229
0.24974726
0.18665946
0.12888822
0.10509868
0.15327945
0.12867504
0.30303738
0.34545732
0.38623649
0.28753537
0.41338170
0.28153551