0.07450834
0.38016024
0.26101467
0.27149224
0.26533839
0.21970363
0.29191360
0.34427392
0.30320215
0.32413152
0.30702832
0.38546777
0.42127377
0.41902664
0.42651689
0.49204257
0.47997987
0.41391274
0.34867886
0.48472163
0.60920155
0.57608056
0.65093851
0.50842303
0.48541191
0.66666013
0.54216760
0.68824774
0.62569499
0.57023120
0.55938458
0.55193651
0.52157152
0.54601723
0.61548048
0.64100432
0.58705175
0.54378217
0.62588084
0.58702856
0.47098184
0.50481492
0.42079547
0.43990391
0.45991269
0.41870633
0.42270249
0.66676009
0.62177110
0.60781187
0.37438953
0.33999789
0.50037211
0.42380962
0.57361376
0.61159223
0.57602137
0.48519337
0.53840137
0.38324997
0.41778091
0.25140175
0.29107660
0.28218529
0.24168485
0.25806382
0.16050425
0.22297002
0.27910146
0.20200139
0.35241961
0.32765663
0.41077930
0.29322714
0.30878410
0.29947719
0.31755793
0.36247918
0.37312627
0.27925709
0.28899655
0.29913288
0.28748372
0.24663478
0.31530660
0.21969658
0.32698172
0.37183601
0.37098256
0.12805419
0.28297833
0.42120537
0.42592999
0.35889313
0.24313819
0.41184890
0.37677339
0.50950778
0.39506459
0.29956257
0.37482113