0.13953310
0.93471664
0.93742061
0.96035200
0.94807321
0.96125817
0.94851214
0.94055915
0.94155419
0.93723345
0.92534429
0.92900538
0.87184477
0.91273659
0.92524290
0.93893677
0.92731810
0.91455042
0.89865446
0.92177778
0.92807025
0.93176949
0.93006867
0.94435275
0.94552076
0.94019854
0.89932734
0.94522345
0.95680052
0.90542746
0.92371339
0.93750072
0.93697160
0.94796568
0.94247037
0.92089432
0.93816262
0.94732726
0.94309443
0.93877089
0.95510322
0.95289361
0.93614638
0.95075661
0.95189226
0.94400477
0.90119153
0.94893759
0.95146322
0.94711357
0.96078283
0.92914969
0.89136392
0.92816156
0.91187948
0.93444902
0.91161454
0.93543839
0.92235738
0.91875684
0.92722863
0.93822253
0.94612485
0.92650938
0.88134295
0.94856644
0.93765020
0.95386237
0.93033236
0.91312647
0.94558436
0.93843895
0.90020078
0.90224487
0.88745600
0.89382309
0.90714020
0.87356347
0.92474008
0.89897460
0.95634979
0.95773387
0.90657336
0.92462707
0.94213641
0.91589004
0.94236159
0.93590653
0.93849027
0.93346822
0.95569152
0.93007040
0.90566689
0.92766517
0.94623190
0.93261671
0.94324064
0.93676275
0.94832450
0.91342932
0.89023679