0.09471528
0.16563047
0.12674339
0.04613694
0.14844011
0.04073116
0.09268927
0.06581874
0.14275050
0.09053156
0.04290910
0.10536396
0.09769061
0.06297651
0.05628986
0.13023514
0.03177155
0.11391480
0.13931546
0.02879119
0.12370204
0.14564806
0.10421012
0.17377953
0.07897184
0.12413713
0.21958390
0.11408411
0.07677861
0.10896379
0.06599157
0.09558269
0.07839344
0.15826152
0.14411218
0.12413086
0.11897338
0.02284016
0.11837866
0.05466038
0.13570054
0.12008938
0.20459777
0.12095254
0.07244469
0.18615219
0.06780549
0.07450832
0.04750277
0.08884007
0.20224334
0.07365451
0.15500654
0.07201762
0.12549815
0.08256211
0.09520112
0.13880238
0.11814106
0.10858849
0.04203897
0.09527779
0.11660112
0.12794043
0.05053366
0.08567050
0.05154813
0.04028516
0.11176146
0.08145776
0.14185785
0.10736432
0.03566893
0.13123710
0.09552397
0.19486488
0.06575426
0.12942696
0.09881755
0.12040111
0.08758426
0.11401670
0.07232163
0.21676004
0.09382214
0.09543813
0.09282920
0.14402379
0.08686052
0.12057862
0.13733052
0.06404198
0.20563959
0.06092465
0.10246672
0.02226973
0.07962789
0.14158317
0.05870936
0.13897547
0.12177934