0.12927887
0.23301907
0.15787293
0.12691088
0.21047448
0.30291218
0.23736620
0.41197494
0.26511550
0.44706669
0.30507171
0.15660763
0.12776414
0.27620393
0.30339035
0.23632729
0.19416864
0.28430715
0.36532959
0.56516939
0.52950382
0.46667641
0.46894127
0.40665358
0.37898648
0.22182144
0.35628152
0.26142439
0.31540698
0.46448031
0.30320045
0.33969226
0.34757358
0.37202013
0.47059596
0.51565909
0.35886845
0.27237323
0.23356126
0.28257689
0.35236207
0.05619625
0.21959001
0.23374400
0.29243276
0.26569474
0.20972568
0.22168726
0.12261681
0.26687774
0.16138144
0.23025514
0.38819873
0.21903890
0.40713325
0.36572921
0.36588529
0.32105157
0.42346787
0.56160796
0.58414245
0.50879002
0.22861488
0.20861191
0.30571193
0.26696193
0.20325227
0.26342279
0.28175807
0.25212011
0.46892980
0.51167589
0.50381589
0.45977506
0.42552692
0.32717350
0.56791705
0.57209212
0.67105210
0.60037518
0.59990823
0.46348312
0.41839200
0.38221133
0.30276328
0.42381084
0.34313995
0.31160775
0.33113402
0.32106087
0.44678506
0.46958104
0.28505853
0.39913714
0.38357040
0.33094287
0.25589421
0.26248133
0.26184896
0.44477323
0.41301826