0.08686347
0.93106687
0.94680160
0.94258589
0.94729376
0.93897438
0.93582368
0.95767730
0.95029074
0.97236115
0.96464068
0.96377027
0.96587205
0.95042580
0.96374893
0.96056426
0.96051598
0.95093274
0.94715917
0.95342493
0.94999564
0.93783116
0.94644356
0.94414580
0.92032170
0.92801332
0.95523697
0.93669093
0.94281524
0.92323786
0.94741988
0.94913465
0.88380396
0.95099807
0.94720107
0.92697489
0.92745423
0.93698853
0.92395681
0.93096930
0.94156337
0.93844104
0.92510885
0.93807340
0.94153655
0.95026362
0.94179648
0.94591540
0.93796420
0.94793856
0.93120140
0.94389987
0.95021880
0.91608292
0.92779595
0.95328695
0.92877012
0.93762964
0.94502914
0.93521094
0.91922349
0.93238103
0.93887383
0.94124770
0.93761933
0.92319155
0.95716482
0.94439697
0.94795710
0.94148654
0.94563788
0.94314581
0.94553846
0.94240761
0.93503779
0.96191591
0.93125480
0.92126679
0.91238868
0.93920660
0.92170876
0.94225466
0.89736629
0.95242250
0.93936133
0.94434565
0.95164162
0.92908335
0.91300285
0.95181572
0.95979381
0.94059128
0.93611610
0.92730188
0.92508125
0.91371989
0.92712283
0.94369662
0.93767029
0.93855804
0.93989515