0.11950095
0.13816467
0.18524021
0.13162439
0.11139566
0.21449196
0.26480487
0.41529456
0.40733838
0.39420182
0.38878402
0.21753100
0.08582889
0.27318856
0.31454715
0.21640491
0.35862952
0.19491409
0.05279788
0.13457218
0.36883652
0.39601552
0.30413350
0.41675633
0.38438618
0.26742613
0.25618419
0.24097987
0.26246578
0.39206317
0.24876690
0.21580309
0.26996577
0.38623142
0.39900911
0.20294715
0.07890430
0.08926300
0.12899615
0.25491315
0.47019073
0.32368580
0.18476716
0.26966220
0.35492557
0.47554126
0.37163055
0.37428552
0.32438716
0.30750751
0.33236971
0.41865009
0.21598157
0.17881490
0.39176467
0.39858392
0.27005470
0.21636795
0.20349428
0.03860003
0.22094521
0.26587451
0.39866650
0.29575077
0.27581006
0.20216058
0.14720698
0.26258230
0.32289600
0.30014294
0.25092909
0.06292604
0.10721874
0.31801963
0.27144143
0.10824146
0.23850437
0.28948778
0.20554814
0.21615095
0.26491061
0.20602383
0.35634515
0.28228864
0.35586426
0.35205948
0.30020940
0.34156352
0.26280412
0.09666879
0.17188522
0.11040756
0.36453202
0.38562641
0.22066723
0.14808623
0.10448688
0.36520958
0.32037964
0.10838491
0.32078597