0.09753011
0.02541703
0.04443165
0.08153428
0.07312904
0.03436650
0.09489352
0.06202678
0.09595407
0.09057060
0.16142148
0.14912005
0.08516765
0.07130234
0.12728590
0.13871759
0.04793801
0.08469663
0.02752523
0.12726051
0.09240600
0.05673746
0.17388110
0.05446250
0.06911105
0.05037264
0.07450047
0.08785257
0.07097766
0.06672090
0.02315406
0.08977492
0.16107267
0.08011119
0.07009432
0.10108280
0.12563542
0.14427608
0.04632898
0.12420589
0.12903917
0.15840496
0.13087469
0.13579150
0.09460458
0.10155991
0.04741083
0.07289162
0.08276634
0.08993795
0.13261573
0.03937289
0.08243915
0.04408800
0.06199505
0.03859051
0.10804242
0.04398448
0.11401298
0.02600468
0.03262776
0.08046157
0.03450919
0.11531224
0.06711671
0.04998915
0.13315444
0.12346198
0.09163629
0.21515363
0.06361933
0.16264364
0.06599962
0.06013630
0.13783689
0.11781713
0.10918558
0.16812780
0.10776544
0.06989988
0.05158162
0.04675852
0.07001738
0.13795698
0.03338275
0.04658198
0.14227252
0.08479082
0.07975309
0.05711200
0.12932009
0.08822894
0.18008655
0.14938661
0.09182590
0.08975584
0.15164836
0.14300938
0.07074407
0.07226630
0.03946200