0.04952200
0.24848060
0.08398381
0.17885166
0.22473776
0.06364325
0.08970178
0.18097246
0.14059846
0.09972474
0.18728690
0.08347581
0.20643798
0.12972350
0.23868091
0.09875877
0.07711437
0.07418180
0.10056135
0.23134656
0.12884240
0.23476191
0.14028792
0.17875557
0.14645052
0.06004739
0.19138819
0.15535787
0.27066988
0.12372480
0.14535125
0.24998622
0.16123623
0.12931441
0.16099145
0.17704363
0.13106249
0.14492993
0.09057889
0.19776917
0.12131760
0.06529793
0.14411661
0.04797708
0.23543063
0.14909007
0.06979432
0.16756889
0.25204551
0.17679133
0.20610909
0.14829451
0.17558567
0.08635068
0.06482770
0.17177472
0.14720181
0.21758053
0.14803673
0.09594847
0.07042585
0.19233879
0.10120685
0.19160551
0.19681288
0.14654860
0.12559935
0.07574424
0.05165121
0.11120547
0.16124226
0.12068696
0.08960598
0.25871316
0.19502795
0.15219393
0.05747255
0.09183468
0.05803991
0.11180387
0.19735223
0.10552270
0.20787776
0.13100268
0.08702027
0.14144935
0.05511661
0.18037543
0.07598115
0.09986952
0.11423495
0.12347651
0.33500850
0.18446079
0.17893538
0.20210205
0.07219029
0.19579603
0.10152700
0.26058266
0.22720636