0.06709162
0.17278957
0.17249869
0.11387601
0.23955891
0.22293505
0.32401863
0.37082082
0.35010022
0.21015263
0.28057128
0.40564471
0.31948352
0.32904717
0.32613835
0.15499461
0.25012052
0.29956207
0.15866275
0.12513347
0.13022490
0.31728610
0.25844496
0.35533071
0.29038140
0.26521280
0.31396571
0.36978871
0.57774872
0.55415207
0.50234413
0.50842601
0.45841178
0.52263206
0.58769989
0.53040844
0.44027832
0.43126068
0.52351576
0.56743687
0.56480962
0.55869567
0.50473487
0.62223977
0.66121870
0.58442271
0.50095528
0.48622891
0.46013793
0.50075513
0.42970532
0.32779634
0.45813367
0.34707835
0.30801141
0.38473329
0.35290253
0.39578927
0.52014649
0.54895616
0.69907129
0.69913256
0.77342260
0.63825625
0.60195112
0.68809783
0.57511097
0.49104813
0.32189521
0.25081396
0.27730346
0.29894906
0.21741077
0.30854616
0.24230550
0.34788987
0.35236117
0.29399207
0.24587558
0.30717558
0.24790840
0.28880456
0.37474710
0.52420229
0.54017955
0.67522138
0.55556756
0.49841577
0.32508335
0.28105080
0.40445098
0.45327377
0.50959992
0.45553559
0.30764711
0.28375506
0.29716930
0.27977040
0.18148413
0.32157245
0.26165059