0.08449510
0.09727652
0.08629721
0.09609349
0.11740706
0.04680027
0.08013626
0.05522710
0.08958358
0.07616841
0.07910526
0.01230770
0.07945058
0.13513216
0.07287122
0.07833207
0.08535847
0.05670163
0.15218863
0.11256708
0.05567127
0.11259960
0.09292048
0.09844521
0.04136460
0.04145995
0.08352413
0.07478950
0.11304945
0.14145926
0.14204980
0.03949140
0.10002308
0.06461845
0.09451672
0.11944880
0.10310470
0.18477671
0.07411914
0.09957919
0.11461315
0.06347791
0.04587881
0.06299917
0.12792425
0.03975086
0.09965239
0.16301003
0.11172911
0.08426683
0.10445420
0.06416282
0.17249224
0.04982331
0.03507824
0.13689363
0.05807749
0.01720006
0.12119951
0.06044511
0.03152950
0.06261066
0.04223042
0.09866025
0.19657852
0.10175826
0.06636409
0.11452674
0.06499057
0.11774608
0.08101594
0.05631924
0.10940395
0.14270966
0.08674035
0.05446396
0.08529804
0.07614402
0.09171376
0.10523752
0.13528404
0.14594720
0.13927469
0.09981799
0.03245401
0.11106113
0.11223111
0.10880752
0.05132551
0.05587681
0.06229297
0.10983283
0.13970520
0.09697925
0.06974684
0.06904983
0.09113431
0.09226426
0.07666459
0.04980313
0.05199342