0.13413607
0.91216677
0.86985099
0.87968689
0.91731530
0.90135729
0.89724332
0.91704988
0.91564131
0.89494592
0.86072981
0.89314061
0.87409681
0.83541918
0.79950875
0.84841204
0.80304879
0.86820990
0.82078493
0.76307875
0.82534981
0.84423119
0.88525391
0.81118906
0.83896989
0.83693922
0.85504740
0.89296567
0.88736719
0.89505136
0.89088553
0.91225660
0.87513071
0.91786921
0.90394479
0.81626612
0.90356183
0.92283380
0.86970353
0.86464518
0.89032882
0.86854202
0.82381445
0.86062932
0.90108222
0.89904249
0.90825212
0.89424455
0.91250211
0.89251578
0.90335846
0.88531661
0.87102109
0.89485228
0.84149390
0.81796926
0.83615530
0.89341515
0.89510107
0.83663201
0.88217843
0.88454825
0.86716276
0.87043434
0.81429398
0.81882697
0.85789108
0.81302422
0.89203477
0.89484525
0.86154771
0.88915616
0.88086110
0.86136568
0.86357385
0.85550475
0.88139695
0.80571210
0.80365419
0.78151071
0.80959749
0.83756661
0.85527116
0.88659072
0.84843463
0.82651770
0.85120249
0.83519500
0.87655938
0.84201169
0.75310826
0.84378684
0.88041407
0.55625153
0.70562673
0.83423454
0.85835093
0.78749901
0.90363389
0.88678437
0.87385881