0.06709162
0.07064412
0.12291192
0.07152245
0.06777238
0.07277729
0.15328121
0.11854384
0.15802538
0.21770312
0.07729334
0.08319917
0.17746373
0.08988892
0.04059024
0.13184431
0.07008358
0.12444633
0.11055306
0.03954775
0.06666282
0.07320236
0.06430868
0.13319090
0.08558114
0.12153366
0.14904889
0.13929980
0.14225033
0.07668452
0.05884774
0.06881300
0.19668485
0.04626402
0.06679117
0.12434711
0.11328185
0.05841807
0.09934075
0.08626442
0.16792747
0.05008092
0.07766134
0.12566859
0.11034600
0.11567130
0.18152229
0.05313186
0.05784629
0.05691847
0.13619089
0.08057663
0.06255235
0.14609888
0.05586678
0.13255659
0.22409944
0.13509291
0.03054979
0.06474595
0.10454497
0.08762521
0.12925729
0.03504194
0.06035846
0.14848159
0.04646652
0.14053133
0.08253613
0.04091847
0.12383118
0.06261435
0.13856283
0.07400595
0.08468962
0.08372524
0.05546272
0.10567223
0.12449019
0.05587004
0.14981583
0.10762862
0.07483703
0.10784939
0.12960309
0.10037038
0.15179609
0.08886079
0.18542172
0.01038039
0.07174667
0.06655170
0.08957574
0.08865543
0.04049184
0.11113422
0.10269722
0.11064806
0.11994004
0.07244046
0.18615042