0.16837636
0.12472755
0.09187653
0.11222669
0.15211485
0.13770345
0.17964722
0.06416421
0.25292599
0.07919992
0.17741120
0.15305364
0.11629231
0.10187528
0.18381242
0.15892655
0.20547147
0.20635121
0.20402934
0.30792663
0.25921410
0.27982363
0.18560551
0.06892642
0.10022707
0.19168150
0.21561301
0.17285866
0.14763299
0.29383504
0.35570318
0.39320746
0.26271769
0.30493557
0.24899569
0.13325801
0.06260347
0.09416826
0.11963913
0.16230142
0.19614844
0.10859247
0.25807467
0.21235834
0.23348343
0.17209926
0.07128551
0.14284025
0.23811777
0.30450183
0.34892413
0.09713789
0.19202867
0.23011707
0.17075484
0.29663369
0.34796390
0.28565255
0.19317655
0.22318651
0.16567005
0.19266815
0.25319675
0.30357689
0.14739326
0.12038656
0.09700263
0.21548674
0.18858439
0.31029353
0.24025184
0.21238655
0.14897351
0.15401858
0.22314017
0.13314830
0.35885078
0.29488298
0.22992371
0.18098152
0.08927233
0.33921191
0.24653015
0.22109365
0.31312129
0.26046962
0.19210815
0.35426193
0.30095398
0.33915734
0.18501903
0.14395426
0.18164162
0.12639004
0.26310903
0.35388103
0.29313016
0.21776789
0.18920238
0.23606499
0.29959002