0.07874878
0.92349792
0.83368701
0.91167974
0.90805024
0.92235529
0.87537134
0.91807991
0.91443419
0.89624631
0.89818627
0.89873827
0.91282481
0.93957865
0.89875877
0.91482496
0.87669337
0.90317047
0.93088144
0.90959966
0.93190837
0.91515374
0.90739059
0.91669494
0.90009284
0.92594838
0.89553595
0.92429876
0.92945778
0.92428553
0.94240808
0.84762454
0.90612245
0.92530394
0.93858218
0.93193251
0.89387214
0.92954534
0.91412848
0.92887169
0.91887343
0.90612841
0.94167006
0.92909437
0.91533083
0.93668127
0.94157249
0.91167778
0.93365914
0.93466246
0.92665720
0.93126708
0.93174523
0.90730286
0.91492879
0.92417687
0.87939829
0.85317934
0.92126310
0.91020477
0.88521433
0.87183481
0.95284456
0.91433686
0.89191890
0.91402608
0.91456521
0.91938490
0.89447290
0.90854472
0.92167938
0.93442726
0.90863645
0.90721822
0.92442513
0.93591172
0.95253152
0.89924949
0.94505769
0.93622977
0.94090629
0.91352433
0.96259588
0.95686144
0.93749231
0.92240924
0.91305512
0.92711657
0.95292777
0.95473403
0.94696295
0.93888974
0.89546591
0.92836261
0.91853327
0.91579521
0.92170340
0.87554377
0.91929090
0.90398699
0.90175688