0.05169185
0.30618817
0.42569968
0.52284259
0.44188839
0.41669738
0.31546205
0.21194987
0.15124087
0.36071059
0.59216142
0.53084886
0.47444138
0.62430692
0.60919833
0.54410642
0.59020078
0.61215615
0.30697405
0.70395988
0.55437869
0.71318376
0.69849420
0.70339334
0.66277236
0.79351354
0.68493825
0.77684760
0.66346145
0.70145106
0.59743941
0.56520921
0.68124026
0.62971383
0.62966990
0.72460073
0.78305078
0.69645143
0.70428598
0.80086142
0.78148496
0.75495476
0.77417791
0.67389029
0.75207448
0.63664222
0.78369898
0.75192475
0.62826920
0.66977370
0.62035227
0.69476587
0.57232809
0.67910856
0.62920386
0.60475308
0.71912092
0.58428282
0.53301591
0.61972558
0.64275151
0.55854720
0.65427434
0.52187699
0.58260995
0.42675507
0.45813084
0.36342168
0.33025756
0.57764667
0.44314504
0.76031393
0.61835623
0.72606683
0.72222310
0.60968131
0.70300984
0.75214422
0.64471298
0.60323352
0.66988254
0.62813747
0.75334281
0.78719825
0.71408492
0.66563070
0.76198435
0.65029979
0.51257455
0.57853788
0.67766458
0.69944263
0.34605965
0.71974647
0.61115271
0.66048396
0.83400148
0.83079499
0.81879693
0.82985628
0.81596929