0.08153112
0.07906835
0.22179237
0.16247779
0.12197345
0.24493533
0.25507715
0.27190506
0.32398838
0.20171688
0.16992822
0.12300959
0.31756872
0.34915650
0.21847263
0.29000339
0.19955149
0.24322823
0.15460686
0.14594407
0.12317375
0.15824687
0.14438090
0.20438182
0.20443563
0.20346479
0.29297206
0.15758362
0.14544728
0.34637874
0.35399574
0.43057841
0.40961605
0.45264900
0.35407925
0.33502024
0.25215626
0.35468322
0.29188481
0.21623005
0.29386523
0.29549760
0.28275323
0.22991712
0.20860238
0.09066711
0.12636319
0.08918603
0.12460277
0.23415872
0.19026156
0.19207737
0.29464182
0.27183837
0.43127576
0.30391365
0.24229869
0.31671438
0.12412902
0.09401734
0.10768351
0.14003782
0.21601710
0.09208365
0.21794586
0.14091125
0.14836591
0.33601457
0.19294575
0.25322053
0.17353691
0.18908781
0.19519737
0.16094346
0.21146259
0.18951805
0.24972287
0.18871036
0.12350810
0.13050060
0.20551240
0.22557244
0.19759898
0.05511631
0.13485421
0.08038460
0.14477983
0.19709708
0.06866740
0.23244423
0.23806611
0.24621023
0.30378518
0.25602549
0.25139046
0.21585646
0.30453536
0.35029429
0.31077194
0.23782712
0.17910919