0.06884555
0.75334460
0.83843315
0.87428784
0.81799072
0.86666727
0.85533118
0.83597010
0.87083215
0.87451690
0.82639778
0.87116522
0.82236826
0.86410433
0.81564695
0.79515004
0.85097635
0.82517099
0.87056494
0.82582170
0.84246987
0.85939115
0.83530015
0.89678049
0.83203334
0.87878001
0.82399154
0.84252357
0.85858732
0.81049132
0.83967263
0.81127846
0.79970133
0.83512574
0.85327905
0.81263578
0.87118441
0.84943944
0.83971107
0.86385870
0.84714234
0.83531642
0.85645819
0.81623530
0.86965072
0.86132538
0.83886498
0.90219492
0.85709918
0.82863724
0.78436309
0.83275270
0.88213694
0.84572595
0.87376386
0.83094645
0.80305046
0.72004914
0.70063072
0.85445195
0.73835373
0.81123769
0.72420210
0.82332098
0.85462809
0.85178757
0.82129884
0.86071515
0.81353849
0.79841036
0.82022035
0.73555511
0.84130186
0.67576164
0.72135252
0.83727211
0.62657952
0.77719581
0.82773697
0.82005447
0.81579816
0.85864097
0.66805929
0.58193958
0.66597795
0.71215987
0.75070739
0.76808578
0.79338485
0.79024106
0.73662329
0.81754529
0.83981442
0.86256808
0.85199457
0.84995866
0.83107132
0.85057390
0.44194999
0.50088531
0.84019488