0.04433002
0.05868779
0.03744414
0.03329913
0.08429155
0.04159926
0.00724500
0.04446539
0.13107888
0.06606934
0.05031698
0.06681582
0.11640362
0.09307847
0.07801282
0.14406522
0.04547545
0.06641149
0.11195176
0.17994426
0.06503765
0.03910752
0.14352553
0.08451267
0.08929123
0.15252984
0.05527600
0.15701838
0.12064068
0.09064747
0.18358974
0.08092415
0.10997259
0.15712842
0.13959737
0.05911073
0.08673083
0.08883269
0.06894698
0.01085477
0.07049856
0.10975918
0.08578393
0.12761810
0.09726644
0.06177597
0.08163874
0.08300866
0.10834362
0.12867777
0.04898298
0.14791706
0.07074700
0.08576541
0.11846772
0.13422953
0.09240413
0.09375504
0.14410697
0.12267621
0.05657094
0.12853761
0.08588441
0.20067589
0.06936183
0.10465249
0.09516372
0.09534410
0.07212597
0.09680713
0.13052994
0.03531523
0.01718617
0.08350213
0.14890911
0.04522383
0.03135388
0.07209895
0.09891285
0.15122306
0.05367009
0.04794307
0.08237831
0.06892471
0.12687814
0.10608424
0.01971823
0.05904524
0.11327984
0.17745085
0.17306878
0.12005546
0.07742699
0.10684419
0.06116330
0.11633492
0.04414505
0.11441316
0.08041093
0.12728792
0.14443944