0.17855704
0.13932620
0.13008580
0.06263841
0.14505897
0.14374977
0.09228696
0.11564954
0.06380580
0.05003311
0.07147009
0.15338875
0.14499569
0.06502403
0.07374365
0.07025319
0.02691127
0.02811459
0.08961130
0.09420299
0.17622459
0.13522615
0.05761012
0.13621837
0.22350425
0.10393745
0.09825292
0.05512156
0.11083537
0.11580970
0.24430385
0.12155759
0.02475827
0.11685020
0.10840031
0.07321432
0.09974299
0.08315121
0.11177105
0.11607808
0.06937453
0.11261941
0.09397465
0.03374843
0.11213540
0.04945016
0.05068643
0.05627187
0.07473791
0.16799816
0.10598436
0.03081801
0.02068523
0.12051467
0.03169568
0.06887962
0.03563464
0.10433903
0.17800449
0.05075311
0.03227341
0.12459792
0.13260943
0.17345352
0.04313911
0.06827147
0.15123536
0.15244779
0.06591899
0.05838013
0.08337300
0.10966611
0.13949102
0.02517538
0.05922538
0.07535157
0.13367726
0.09101432
0.10208478
0.08579537
0.12077954
0.09032662
0.13973752
0.05256832
0.10734552
0.06819801
0.05045027
0.06026519
0.07105692
0.04389354
0.10696098
0.10302462
0.07029430
0.06679349
0.06021513
0.12625046
0.08183615
0.06304651
0.10988934
0.03199827
0.04463971