0.09471528
0.12959313
0.18229163
0.05792253
0.12412849
0.06583235
0.10259842
0.08833932
0.05834328
0.05550469
0.07014623
0.11485730
0.14521034
0.03370453
0.03008187
0.08677268
0.02293652
0.11487774
0.12720610
0.05376170
0.07579356
0.08808110
0.09061149
0.18282892
0.07321432
0.08047324
0.12887104
0.12396444
0.06881859
0.06882171
0.05136033
0.11930785
0.10013285
0.09871503
0.08648195
0.09582123
0.06803010
0.08126420
0.15080442
0.15462045
0.08088612
0.05933557
0.09529140
0.23408380
0.09874814
0.05363498
0.17167164
0.07042202
0.13585371
0.05760062
0.09883118
0.07136135
0.13157894
0.07455231
0.14659584
0.07214782
0.07279908
0.05142912
0.04818445
0.07275987
0.07282127
0.07832231
0.07051304
0.15675567
0.04826222
0.08164310
0.10862171
0.11159814
0.02958581
0.02314385
0.04895505
0.14392583
0.12925078
0.05747978
0.07301226
0.04341060
0.08680745
0.07904086
0.14127393
0.04004021
0.10706820
0.06138564
0.07445969
0.13555893
0.08690848
0.03948896
0.11557364
0.06517071
0.12280393
0.07472097
0.07715543
0.10955406
0.03982628
0.07891962
0.13767596
0.10165965
0.03054810
0.09090801
0.05018293
0.06037717
0.16972147