0.16700435
0.04869216
0.06777520
0.05852633
0.10286286
0.08628248
0.07648383
0.11646451
0.06329352
0.11795940
0.10473449
0.10974854
0.11417660
0.14021660
0.14008272
0.13060614
0.08929001
0.11855280
0.04378096
0.07627355
0.08026841
0.04780367
0.08561282
0.05693353
0.05052846
0.09390816
0.15188596
0.17931508
0.14143461
0.11713447
0.05661152
0.09568234
0.06512632
0.09641819
0.04807048
0.05196612
0.10213696
0.11740664
0.03835079
0.10912057
0.06416170
0.12009296
0.05916200
0.09376203
0.03972546
0.11560591
0.03477778
0.04132817
0.07934216
0.13629149
0.07244501
0.08472796
0.10153491
0.08528259
0.05594166
0.10046399
0.06530367
0.09767713
0.08555722
0.11472654
0.09892344
0.09572898
0.03308257
0.12034315
0.07701485
0.06310776
0.08726608
0.06863357
0.16876312
0.05954884
0.08875027
0.02756391
0.06683144
0.06838435
0.05621989
0.06082979
0.07390671
0.13778381
0.08996449
0.05190473
0.03074155
0.08727539
0.06259406
0.08466588
0.05699057
0.09551630
0.03594343
0.13454221
0.06168212
0.09010280
0.11315692
0.07416772
0.07430956
0.07422603
0.04790358
0.09275900
0.09134256
0.03706335
0.14718360
0.07354450
0.05828724