0.07309195
0.04098027
0.07916293
0.06651312
0.14501308
0.04787105
0.08164810
0.08141603
0.07674525
0.03963158
0.09437595
0.10027732
0.13573512
0.16066429
0.07951288
0.03050412
0.13162464
0.08417522
0.17440774
0.12791346
0.11644604
0.04503603
0.00981896
0.04633152
0.06364689
0.13736342
0.01859582
0.04147521
0.03733034
0.03816894
0.11158598
0.05451734
0.07157385
0.05796294
0.15704454
0.12384711
0.08454946
0.12867959
0.08917100
0.11235741
0.05784746
0.04140501
0.08575600
0.07638627
0.14766070
0.10156602
0.05589873
0.03986567
0.07299817
0.16839553
0.06251193
0.10875326
0.05045773
0.05976795
0.15165512
0.13250381
0.08636757
0.01848405
0.05896427
0.09402353
0.09561501
0.12473954
0.10535242
0.05856230
0.09972682
0.09514036
0.14241561
0.11749891
0.03739399
0.08514062
0.11657980
0.08672871
0.16793285
0.03623603
0.07199934
0.10698833
0.03644149
0.08347075
0.06516705
0.07728184
0.15209571
0.13112509
0.09064668
0.08019971
0.04381787
0.05758828
0.02917065
0.13626140
0.05419279
0.03742343
0.12104914
0.05349594
0.20677643
0.09670486
0.06974655
0.05068767
0.14703964
0.09572408
0.11402552
0.04409232
0.09426162