0.11598152
0.92175317
0.93177664
0.93628997
0.93137097
0.93394506
0.93498331
0.94407183
0.94123942
0.93732780
0.93605769
0.92655015
0.91575360
0.94665009
0.94514501
0.92542106
0.93341005
0.92166597
0.93686128
0.93732417
0.94349152
0.93185866
0.94763339
0.92314893
0.93032020
0.90796763
0.93845820
0.92684191
0.94540787
0.93123960
0.93631464
0.93473864
0.92455572
0.91883695
0.94039363
0.93960512
0.91187561
0.92920244
0.94164598
0.92498070
0.92115104
0.92733729
0.93168861
0.93373078
0.93389893
0.92546600
0.92760170
0.93770266
0.92112213
0.91610110
0.93444979
0.93576699
0.92874205
0.92401809
0.91701436
0.92098027
0.92562652
0.91854966
0.91694838
0.90808952
0.91380066
0.92459315
0.91077334
0.91212851
0.90579492
0.88783324
0.94349891
0.90188289
0.92220026
0.93440157
0.93995965
0.93219674
0.93936121
0.94229180
0.93215173
0.93067771
0.92603159
0.93754649
0.94058770
0.92301077
0.94190490
0.93616426
0.93676221
0.92730254
0.94399977
0.92310643
0.93334699
0.92623270
0.95432663
0.91344643
0.93650675
0.93107992
0.94197983
0.94115698
0.94123286
0.93249512
0.94615793
0.93680489
0.94300914
0.92105573
0.93435341