0.05071247
0.26085195
0.09181332
0.19062383
0.16137500
0.02888477
0.02532614
0.05510408
0.16241571
0.07048130
0.08000748
0.06300186
0.07933114
0.14456244
0.10452920
0.10804345
0.21118136
0.16477567
0.13341007
0.11104092
0.10348382
0.11579327
0.22440521
0.42062679
0.23896164
0.07417835
0.15093328
0.17638773
0.29905131
0.14963354
0.32019719
0.37333179
0.36553583
0.38610005
0.38951769
0.19821447
0.18277815
0.34015653
0.45755118
0.49158683
0.40928036
0.39723656
0.28089464
0.13447446
0.11117864
0.16354296
0.23342247
0.21039623
0.16410989
0.20640473
0.25278702
0.20077950
0.31936657
0.13754822
0.26527664
0.30542302
0.28246057
0.27029020
0.40319347
0.29026514
0.15303215
0.12690069
0.15499145
0.14479859
0.30326709
0.28768453
0.28831869
0.26405120
0.27297717
0.26390427
0.29980651
0.28754389
0.30889723
0.28180957
0.10465104
0.19487260
0.13357082
0.28888845
0.20031717
0.25627610
0.11582375
0.19517450
0.11252823
0.15501863
0.20325863
0.24610211
0.33983743
0.18134607
0.12954397
0.16883582
0.11104512
0.24338843
0.24410315
0.20149891
0.22144496
0.18811595
0.18448755
0.17725284
0.26959327
0.32695496
0.41384917