0.08586100
0.42216414
0.05734030
0.25442821
0.19619732
0.33197704
0.34109193
0.27152577
0.33726770
0.41079414
0.21568710
0.44322684
0.54847956
0.61089712
0.38057178
0.46945202
0.50978887
0.56889898
0.52377528
0.47388408
0.59513795
0.12541190
0.37498492
0.61922407
0.54474044
0.59360403
0.63612354
0.53369802
0.39711663
0.44182074
0.51098478
0.70502400
0.52234429
0.66751999
0.67483622
0.65949738
0.57424074
0.65038854
0.62928188
0.62827432
0.65240526
0.63089484
0.60841346
0.56468546
0.39659536
0.54100603
0.20392032
0.29918686
0.55773288
0.46972421
0.48044774
0.50682610
0.44210178
0.53050745
0.70522535
0.62991947
0.60995889
0.64608896
0.70924622
0.52674359
0.59288007
0.70339411
0.74344164
0.78584975
0.60788733
0.64808935
0.62937456
0.49238139
0.62499219
0.59074348
0.59580332
0.62294626
0.71827292
0.70583558
0.61208850
0.47766131
0.49322996
0.57350844
0.49359012
0.46328545
0.39312825
0.46132031
0.35518375
0.18057409
0.15560690
0.38579249
0.44023442
0.32104856
0.70811391
0.68122000
0.64294535
0.55466032
0.51327795
0.52267498
0.61955142
0.49594590
0.51689494
0.51459479
0.65956450
0.67076874
0.66225302