0.07450834
0.09279039
0.15098205
0.08894856
0.16924854
0.16935998
0.13565508
0.04844951
0.04136461
0.14410862
0.08195669
0.07811578
0.07825592
0.08038171
0.08658373
0.09950048
0.11161024
0.05782447
0.12978409
0.10015688
0.09212709
0.06769711
0.17596996
0.09465837
0.09515793
0.13013983
0.06646905
0.03970859
0.07666221
0.16206653
0.11549119
0.06833775
0.14510365
0.04619438
0.07936360
0.12500353
0.09673609
0.08314940
0.07404742
0.10649412
0.03337619
0.07378241
0.04493226
0.05949852
0.10906894
0.09881993
0.08162100
0.06830724
0.09377591
0.12652542
0.10664049
0.11200526
0.05633192
0.06841104
0.03516539
0.14236073
0.09517803
0.15779456
0.04823642
0.17801204
0.05992205
0.13047804
0.10575141
0.06462422
0.11978064
0.14788817
0.18315762
0.03764854
0.13826719
0.11382958
0.10184286
0.04962985
0.08715469
0.03846896
0.07787340
0.10614605
0.12400194
0.05672722
0.09847549
0.09318921
0.08241826
0.04778765
0.03464301
0.07899244
0.07649045
0.06076536
0.09542822
0.09467261
0.11643057
0.09100947
0.06434008
0.06129808
0.08218398
0.17705947
0.09872863
0.10071792
0.03766776
0.12080924
0.08013603
0.07964599
0.10407510