0.07309195
0.03934219
0.09349500
0.13620129
0.06264250
0.00669010
0.10557569
0.08279072
0.15310304
0.10739155
0.09201646
0.16299704
0.09065506
0.07493491
0.20309353
0.11659776
0.08968650
0.15924259
0.06335872
0.10811815
0.14580530
0.09924886
0.09494908
0.02849546
0.12984890
0.14563902
0.03376619
0.13896762
0.14315011
0.21915585
0.07162042
0.16062817
0.07146191
0.07590981
0.08832704
0.04672007
0.06286473
0.18341012
0.08008119
0.13321503
0.06724424
0.05327678
0.14658721
0.12027056
0.11313364
0.02601299
0.10300474
0.05486599
0.06332733
0.12490037
0.06553712
0.08475623
0.12606956
0.23115033
0.08979958
0.09341877
0.06427144
0.11752377
0.05099510
0.05275122
0.07072081
0.12374173
0.07897248
0.12380104
0.09646593
0.08654872
0.07340098
0.11618211
0.05224357
0.05425419
0.02522752
0.20273343
0.14654909
0.09997386
0.02630155
0.10523305
0.17506272
0.06839855
0.11619775
0.09316614
0.07775644
0.11647014
0.08615886
0.12229237
0.09024999
0.06759880
0.12331309
0.04888598
0.07860248
0.04814345
0.07953335
0.10464466
0.07896346
0.06593139
0.06963077
0.04450938
0.08996421
0.11314934
0.06701712
0.10180178
0.12132318