0.06924482
0.27691260
0.32160896
0.24218793
0.54285723
0.54201746
0.54400069
0.52219093
0.51321864
0.70082903
0.66055381
0.54755253
0.47595540
0.45412654
0.53004974
0.72166067
0.70597786
0.75752997
0.66111952
0.52214944
0.49344635
0.13467777
0.30471689
0.41759887
0.38890538
0.41791517
0.65156257
0.55919206
0.52483392
0.64750516
0.73306918
0.58140385
0.64989489
0.61014432
0.73147684
0.75268912
0.75745702
0.59067750
0.58435589
0.60066444
0.64575082
0.70473570
0.65636897
0.70370406
0.57930523
0.60399324
0.50607347
0.61982751
0.64450622
0.63285476
0.57356387
0.73654312
0.68089920
0.80380028
0.76963669
0.68410528
0.69760305
0.77177674
0.72507632
0.63580555
0.55657887
0.52681661
0.33795884
0.39596680
0.35941842
0.40885839
0.51759815
0.64506745
0.66709715
0.60611367
0.29249790
0.45383132
0.38584003
0.61527508
0.63697261
0.51682603
0.56587040
0.68112785
0.49987096
0.48029599
0.59074390
0.58927798
0.62612391
0.80708903
0.82491857
0.70780867
0.68521810
0.77701843
0.68427694
0.77230299
0.63402903
0.78294486
0.79616678
0.81127924
0.70017171
0.75665236
0.69630414
0.71361262
0.66360468
0.57971334
0.42784211