0.09925324
0.15240011
0.04516871
0.05585020
0.12555362
0.13097633
0.10456865
0.05858861
0.03671417
0.12835568
0.19071013
0.09706125
0.11086895
0.08720943
0.11700492
0.12561880
0.09639627
0.06867085
0.08878174
0.14762969
0.18146800
0.10424218
0.08220451
0.08471554
0.03998526
0.16626452
0.05119830
0.07848670
0.09838632
0.10327578
0.11254756
0.12955831
0.06709939
0.09009951
0.10163935
0.11640279
0.05029218
0.06627378
0.15712097
0.12262695
0.17252615
0.11743847
0.08425242
0.09038949
0.04500886
0.05962913
0.06054214
0.12510328
0.10234616
0.08017462
0.14650238
0.14638858
0.10086223
0.09799416
0.04787144
0.03746639
0.10657633
0.11857536
0.07612602
0.16786318
0.04855504
0.15912403
0.08202282
0.17033321
0.05488899
0.14049917
0.11577036
0.07837202
0.10250719
0.09295570
0.13144304
0.08534441
0.12449663
0.02207948
0.10933589
0.10980721
0.09927011
0.04957699
0.04503790
0.15410013
0.11331234
0.09115332
0.08104333
0.06639661
0.02021552
0.08901081
0.09470038
0.07041062
0.05756048
0.07261947
0.09917410
0.05377374
0.07264445
0.05681098
0.15541045
0.10656030
0.08525357
0.21358237
0.07193719
0.08565175
0.09817644