0.10303149
0.10626511
0.04952424
0.02830291
0.01138902
0.04867334
0.17911913
0.13052697
0.07881474
0.08236898
0.07926138
0.14461836
0.13254271
0.08442249
0.08323354
0.09941126
0.03368409
0.07868969
0.14013401
0.06117787
0.09940563
0.05714582
0.09777120
0.04187792
0.11186526
0.13518065
0.16129228
0.09210352
0.10220044
0.08423226
0.09443729
0.09542144
0.08072360
0.05468818
0.07857761
0.09007062
0.06519511
0.05909329
0.15705146
0.02197741
0.09723847
0.07209642
0.10923695
0.08482823
0.05951725
0.09242787
0.12741782
0.09067176
0.05819364
0.05763880
0.13256794
0.15372612
0.13835339
0.08241663
0.15216330
0.04744275
0.04381149
0.09738326
0.13404672
0.07002128
0.06054863
0.08730043
0.14327897
0.10924269
0.16789289
0.14797132
0.06231270
0.09397230
0.14032643
0.08024620
0.08455572
0.15013047
0.04474534
0.09801128
0.09094859
0.07761720
0.12897967
0.09295350
0.16009142
0.03799465
0.11141634
0.06793048
0.08875225
0.06928213
0.06573883
0.05376589
0.06552505
0.04886222
0.05287579
0.09685786
0.09172187
0.08136990
0.05233710
0.10724998
0.06752741
0.08413741
0.15071489
0.09127603
0.04566799
0.08560866
0.09944040