0.06721490
0.04602055
0.04365092
0.11612695
0.07049896
0.05174321
0.11642462
0.13725644
0.07901085
0.05053705
0.11265161
0.11014529
0.03639222
0.08163724
0.07883240
0.17144313
0.05232609
0.07697946
0.08758420
0.07157625
0.07263868
0.11145002
0.14378749
0.10195693
0.11761836
0.08872321
0.02589688
0.11591081
0.10027723
0.03946802
0.09859750
0.09509955
0.06477200
0.09814089
0.07132033
0.10697521
0.08661812
0.10888228
0.14193174
0.12127797
0.14150791
0.09012236
0.08562997
0.16816597
0.06328514
0.08650924
0.09616642
0.07584780
0.06883976
0.12262852
0.06166373
0.04370937
0.01564872
0.06062925
0.11448711
0.12640947
0.10367492
0.06968334
0.14325212
0.08881634
0.07630083
0.06975983
0.03867425
0.14459547
0.05176488
0.08433785
0.09941690
0.07259724
0.12888975
0.11608046
0.15261616
0.01116909
0.12161545
0.12281936
0.15353675
0.03808409
0.17915094
0.07627787
0.11305232
0.15620418
0.06104457
0.09864146
0.06391525
0.04524088
0.13171184
0.06869962
0.09005243
0.14764218
0.07794785
0.08818226
0.03016640
0.09434437
0.08950792
0.15014800
0.07046600
0.12603983
0.02654913
0.11587263
0.05411774
0.13623331
0.09854668