0.14341784
0.03481524
0.12325995
0.13420565
0.07863066
0.02667291
0.08276512
0.03042364
0.16367887
0.07571411
0.09239282
0.15329562
0.17918339
0.10318876
0.06669876
0.09527867
0.13012467
0.13390297
0.10256243
0.10030261
0.14344530
0.02064321
0.07133589
0.10837225
0.03014617
0.09886524
0.10116258
0.06735840
0.11583158
0.11483853
0.15956724
0.12139422
0.06488360
0.01842042
0.08570092
0.10796635
0.06072868
0.23872912
0.11259384
0.06587806
0.11335561
0.10845396
0.10354673
0.02546923
0.13827595
0.09056683
0.05826664
0.10107934
0.06977865
0.09461753
0.07915293
0.08046308
0.08326886
0.08417387
0.08413608
0.12403710
0.13168964
0.21830517
0.07587188
0.11720074
0.09076809
0.15527570
0.10108896
0.13425428
0.18067577
0.03834492
0.10715934
0.12111443
0.09572142
0.02350754
0.12827905
0.11846096
0.07897914
0.04438430
0.24315125
0.09727341
0.04981117
0.07959079
0.07659975
0.14915091
0.03886897
0.06781492
0.10640314
0.09115712
0.07301139
0.05603691
0.16324091
0.09164526
0.06607452
0.05598299
0.17471400
0.03105393
0.08166096
0.06576328
0.10386837
0.09431306
0.16451338
0.04791360
0.03572508
0.03904993
0.09530949