0.08153112
0.05359534
0.14011484
0.05929348
0.10193419
0.09870506
0.08813515
0.14680775
0.05099977
0.11060517
0.09927873
0.07345296
0.02888710
0.10777450
0.09207544
0.08109283
0.06826046
0.09526613
0.06368084
0.16487788
0.15754956
0.13337427
0.07761697
0.07763129
0.02440233
0.14436856
0.04289129
0.16121764
0.08604407
0.13177696
0.04444534
0.08760493
0.12379565
0.15757839
0.04198571
0.08272228
0.13151443
0.05899666
0.08938561
0.05173496
0.17369102
0.07961369
0.13839599
0.04587018
0.10495090
0.10273848
0.06846116
0.04309683
0.12689207
0.12121160
0.08227998
0.08077825
0.05334643
0.08371417
0.08864093
0.02648333
0.09410939
0.09648652
0.08496873
0.11449773
0.17144430
0.05943548
0.09594688
0.05180945
0.07628372
0.09795023
0.13519132
0.07516570
0.12419922
0.08130214
0.04782702
0.07727146
0.06257555
0.13286358
0.07628508
0.08958136
0.03762430
0.07789907
0.10478562
0.05338056
0.13631295
0.10586254
0.06748641
0.06176285
0.07723928
0.04540932
0.13072699
0.11171030
0.09248890
0.13315825
0.08482791
0.07367537
0.15970366
0.06272203
0.10321224
0.09435651
0.06888615
0.09883066
0.07854596
0.05844643
0.06915639