0.10973397
0.09536591
0.06713238
0.10786261
0.09061961
0.09814388
0.06524097
0.11790418
0.06074201
0.06352262
0.04614025
0.09179732
0.06594932
0.12755610
0.09454182
0.03468633
0.04021683
0.11871177
0.05934105
0.04537430
0.07953062
0.10695364
0.07203320
0.17268185
0.09321330
0.18443565
0.07689117
0.06423640
0.14855529
0.08201361
0.11695272
0.05680994
0.07770433
0.12788090
0.12860769
0.11254362
0.07477053
0.04222578
0.05322044
0.11311394
0.06258770
0.10091179
0.09483294
0.00712186
0.09783810
0.08681855
0.11700958
0.06887455
0.15136079
0.13228720
0.12676421
0.09817787
0.09365436
0.04361631
0.10589838
0.07731446
0.08239886
0.08460726
0.09119144
0.11900554
0.07525850
0.09936142
0.06369732
0.07529569
0.12032427
0.07458242
0.08918387
0.05143845
0.03680401
0.07796641
0.05933212
0.05444074
0.03050244
0.08711483
0.06580649
0.11357968
0.15054876
0.04798234
0.05603478
0.10588187
0.16180447
0.11972250
0.07367440
0.01661401
0.03814723
0.12064546
0.12055204
0.07169337
0.12719196
0.06452768
0.15177594
0.09448696
0.04665535
0.11700220
0.08094729
0.13821779
0.05443494
0.05659911
0.10992151
0.08097660
0.14803122