0.08533442
0.91504258
0.90720403
0.85572022
0.86977804
0.90691864
0.92094094
0.92104226
0.88092345
0.87428576
0.90357572
0.93097824
0.92908269
0.91949195
0.90031469
0.93391180
0.92854911
0.71391511
0.92560816
0.92644501
0.89367902
0.90247828
0.93068296
0.91387439
0.90589988
0.93268323
0.92406619
0.89376640
0.91322988
0.87043488
0.90262610
0.90753716
0.89917815
0.87886500
0.89601058
0.86432910
0.92247164
0.92682731
0.92592347
0.93841332
0.95457071
0.91423297
0.88780975
0.92582321
0.92741561
0.92235243
0.92072058
0.85742068
0.90721267
0.88184798
0.91376090
0.91772819
0.90288454
0.90605766
0.91358274
0.92521769
0.89944559
0.94271135
0.87551904
0.91778511
0.91534024
0.92083937
0.91091508
0.92642534
0.92399842
0.90756905
0.93658996
0.89537883
0.88766861
0.88894254
0.91677070
0.84044927
0.80207425
0.88578415
0.79586822
0.84714317
0.85649133
0.93116587
0.85871309
0.89238143
0.88611162
0.88143921
0.86493689
0.87274379
0.90042514
0.82451624
0.91592288
0.86254287
0.89773178
0.91041273
0.89830786
0.85282165
0.90027535
0.85919702
0.89847696
0.86485445
0.86163884
0.82563072
0.92849153
0.91049117
0.93595386