0.09369902
0.14700595
0.03522170
0.09601018
0.08076531
0.15451045
0.09452956
0.06141101
0.12259926
0.13072485
0.07790393
0.07466448
0.13316622
0.11762694
0.09733336
0.06803481
0.14655420
0.08118337
0.04526796
0.05496360
0.06759003
0.16697092
0.05336487
0.07553895
0.04849781
0.15273610
0.10491759
0.05051362
0.07875732
0.10880780
0.06761954
0.09049433
0.08202426
0.08005501
0.05056351
0.07700983
0.12576455
0.04864052
0.18564332
0.08355552
0.02944339
0.09745695
0.07086638
0.09825022
0.14575276
0.08098309
0.04590753
0.10783636
0.12292770
0.18555340
0.09670339
0.06812078
0.13298844
0.01267814
0.05997520
0.12585156
0.09772500
0.13915493
0.04738853
0.10105241
0.10813008
0.14160311
0.11385722
0.02910740
0.06325939
0.15098087
0.11705292
0.07386781
0.01723361
0.06589094
0.04588208
0.12420560
0.16022117
0.11701936
0.10166039
0.04167559
0.05664275
0.20864663
0.07637130
0.10071436
0.06499968
0.07219270
0.10192962
0.08175387
0.03950132
0.07812197
0.16575411
0.03689727
0.06731770
0.07596211
0.03403220
0.07529821
0.14444122
0.10564493
0.05426526
0.14301819
0.11374058
0.08193888
0.06305241
0.09156329
0.12952943