0.07498821
0.06377324
0.13999695
0.10505550
0.07381288
0.10261499
0.02835383
0.07113178
0.07712702
0.10868111
0.03568964
0.08945647
0.06139932
0.15935534
0.05417495
0.06897757
0.11215870
0.08858942
0.07536756
0.08261830
0.10607538
0.13806035
0.16058712
0.06134542
0.15926977
0.09869729
0.09933476
0.04518493
0.19654378
0.13120259
0.10719575
0.10032099
0.05319159
0.15630709
0.04212195
0.07560047
0.08464366
0.09363423
0.06002855
0.08823612
0.10098800
0.06224741
0.08039340
0.08222713
0.06947678
0.09272664
0.21291012
0.08585776
0.09336838
0.05916249
0.06909528
0.08973970
0.09635184
0.05302104
0.06850050
0.08820689
0.11526589
0.06562769
0.08442217
0.08631597
0.11555701
0.13618402
0.08577959
0.12746844
0.07176710
0.06264844
0.11566010
0.04074271
0.07776004
0.06722976
0.16222164
0.06764305
0.07234047
0.07494645
0.15056917
0.08331445
0.09689604
0.09397931
0.07481880
0.12032441
0.07799961
0.03817848
0.08587761
0.10257169
0.13316599
0.03841399
0.07575332
0.09629022
0.12844855
0.10820729
0.05921035
0.11955310
0.16627997
0.07292621
0.11120690
0.06387735
0.12749738
0.08486210
0.12515053
0.05743909
0.12528016