0.10148849
0.15413208
0.19232653
0.14937273
0.09879246
0.04792915
0.14037248
0.12815371
0.18163465
0.11846216
0.06659062
0.05601275
0.09975637
0.08457103
0.10527423
0.00645122
0.04562664
0.03901844
0.13570809
0.12978899
0.19727555
0.03085066
0.08564330
0.09449480
0.05030985
0.03612874
0.07471678
0.04549722
0.11990141
0.09498932
0.13259171
0.12837304
0.11555186
0.06554659
0.04442483
0.17186905
0.15336785
0.11809256
0.05412184
0.08964195
0.12582827
0.14764470
0.04585614
0.08404422
0.07817879
0.17170179
0.01401347
0.13705708
0.09226311
0.07756917
0.06128429
0.17373106
0.10057666
0.09766982
0.11525507
0.03220488
0.12848586
0.10972207
0.04482998
0.07870855
0.08959580
0.04620766
0.16331916
0.12334643
0.10942204
0.06238098
0.01737204
0.07947282
0.11332110
0.17160904
0.09143806
0.12035049
0.12537906
0.03730239
0.17937608
0.04843468
0.06399693
0.12627156
0.04967350
0.07115757
0.11476524
0.07155215
0.17102492
0.04997145
0.10798687
0.13215515
0.12488042
0.04030052
0.12978703
0.10177778
0.10037893
0.07203159
0.10315971
0.07282308
0.10244789
0.07237203
0.05182365
0.07657942
0.10121457
0.16155033
0.07817728