0.03732009
0.84748113
0.79346251
0.80972350
0.79527354
0.77733123
0.81979263
0.83390749
0.79852486
0.68015397
0.85269350
0.81874949
0.83671457
0.83045560
0.87177485
0.84179771
0.76615191
0.77937460
0.86059260
0.86444300
0.83287764
0.87893534
0.80695778
0.82426745
0.82722253
0.81530321
0.82375288
0.82749587
0.81901467
0.77723658
0.69321817
0.82046372
0.78221017
0.79461294
0.82787246
0.84846950
0.84915507
0.84718215
0.82961011
0.79939824
0.79748380
0.80661339
0.75899148
0.84193933
0.81899482
0.86179197
0.81604052
0.83076066
0.85092837
0.74850512
0.80941844
0.81248170
0.78187668
0.80415761
0.85698026
0.81832933
0.80154151
0.81261879
0.82306188
0.84907311
0.86421257
0.76209795
0.77078676
0.60975295
0.71795267
0.83040053
0.86279452
0.70839387
0.84486765
0.87313563
0.78910327
0.77002954
0.79802132
0.69076729
0.82430220
0.74297518
0.83715165
0.79569906
0.72879910
0.74567115
0.84916693
0.86950320
0.81684858
0.82484215
0.71674883
0.64934438
0.84390235
0.65535891
0.67611814
0.86287588
0.82940310
0.82545418
0.60101187
0.69653487
0.67332196
0.66803902
0.66763842
0.75515091
0.79145330
0.86302370
0.85183901