0.13948847
0.47354871
0.40610692
0.58278680
0.58776003
0.69740671
0.66469651
0.67851657
0.76599050
0.69631159
0.61798912
0.71317297
0.56078643
0.51813543
0.44041324
0.62615252
0.68832648
0.83418787
0.78356832
0.63317400
0.57173705
0.55377191
0.37844089
0.48023877
0.72138578
0.71759421
0.79167402
0.78894544
0.71073669
0.69960839
0.78343928
0.76822227
0.71095049
0.63570631
0.60564750
0.63773185
0.44733509
0.26947671
0.18859245
0.44660231
0.72295630
0.76953608
0.76078218
0.71500134
0.62825924
0.50187838
0.36357713
0.52260405
0.50024736
0.64214647
0.71729583
0.67872965
0.66753066
0.62332010
0.69840217
0.68834567
0.78758186
0.68327326
0.75838643
0.61090773
0.72232658
0.74926877
0.71889716
0.78523827
0.60252726
0.68625993
0.75562757
0.48476315
0.67961037
0.65950739
0.75097924
0.67225856
0.60576302
0.74262601
0.74166006
0.76327425
0.86435109
0.79097289
0.87688708
0.82274818
0.81277490
0.83332711
0.77308935
0.85851729
0.77633631
0.84986025
0.83047783
0.84158170
0.80359548
0.74421036
0.77429956
0.77570891
0.80274391
0.60942274
0.68607092
0.65391630
0.50570029
0.49667552
0.53568888
0.54410052
0.66167915