0.13413607
0.19560003
0.21257269
0.10045081
0.04771705
0.19301239
0.15444726
0.15240489
0.19403332
0.24659714
0.35227609
0.36626774
0.31561813
0.23935926
0.22951597
0.36215466
0.39781901
0.26430845
0.28200278
0.38898265
0.35176048
0.31083438
0.28176528
0.13048328
0.16854504
0.12564594
0.17697240
0.26533946
0.30948058
0.18047625
0.25304461
0.26499072
0.14047466
0.18011399
0.42216164
0.32241118
0.26464275
0.44430447
0.47843045
0.44681615
0.35153598
0.34134814
0.21219146
0.09307198
0.14951204
0.10775104
0.28906760
0.32197943
0.40373519
0.35550690
0.27522615
0.29630902
0.55520940
0.46256560
0.47244313
0.45180985
0.35644150
0.28150949
0.29956841
0.33315820
0.32545701
0.21641153
0.26348415
0.27354285
0.46831283
0.30503416
0.38332316
0.26907113
0.19144405
0.22518054
0.19128717
0.39856166
0.48217762
0.48633832
0.53053635
0.40154377
0.25854892
0.33519530
0.46815073
0.34081632
0.32449841
0.47175404
0.43241841
0.47821820
0.33518699
0.27587295
0.19145891
0.24487707
0.10451085
0.15046771
0.21270703
0.21331258
0.26306286
0.22032672
0.33641368
0.38232994
0.51049024
0.44231799
0.40974504
0.47352862
0.34942767