0.06884555
0.14358577
0.14297625
0.13461019
0.06192758
0.05398437
0.05883612
0.06346966
0.08251347
0.12430844
0.05166127
0.16508406
0.04184733
0.16502535
0.05456240
0.12620109
0.11361129
0.06082580
0.10794405
0.09077524
0.12619999
0.11024836
0.05987830
0.10936179
0.10340551
0.14255890
0.10683078
0.10169376
0.18520637
0.07184106
0.07719501
0.12389100
0.12492830
0.10416847
0.18711445
0.16067284
0.08510835
0.06777509
0.05903067
0.11502533
0.12833059
0.09448839
0.10105727
0.05306171
0.04425728
0.11941597
0.09461380
0.07652140
0.16253252
0.05472304
0.13072902
0.07079965
0.04489223
0.04264702
0.09573653
0.10770434
0.09340756
0.16357209
0.17813116
0.13181473
0.04919296
0.05585092
0.09031124
0.20141111
0.03192618
0.06953885
0.02496726
0.13479120
0.17098904
0.14751191
0.01629901
0.11696253
0.17594212
0.16372488
0.10455349
0.08971284
0.02340832
0.08537170
0.10658538
0.12670992
0.09982613
0.08582003
0.13537446
0.11747272
0.13819444
0.15657119
0.06006068
0.10664769
0.08061720
0.09701653
0.12107890
0.11628955
0.15807886
0.12026480
0.14560418
0.12037033
0.06089001
0.17765959
0.07205565
0.07323413
0.09474005