0.11377785
0.06025994
0.06480408
0.10507889
0.12095754
0.05408739
0.09419166
0.08368465
0.21119469
0.08095687
0.16870433
0.11454090
0.11599959
0.13093975
0.15744227
0.07052822
0.13064669
0.06590059
0.12276407
0.10237783
0.09629624
0.01484900
0.10095450
0.08577003
0.06462891
0.08615525
0.14246921
0.02690672
0.07351942
0.13998450
0.07829565
0.02547983
0.11155480
0.05596348
0.08251357
0.07442069
0.12040496
0.06356493
0.06466211
0.10455289
0.11929607
0.04567665
0.15255503
0.16225085
0.06210101
0.12139332
0.02860828
0.05901493
0.12386842
0.12502022
0.06358074
0.10858019
0.10643977
0.18363169
0.12340913
0.04516930
0.07047091
0.15505375
0.07838750
0.08167624
0.04374126
0.07992362
0.12270915
0.04589331
0.09031782
0.09035677
0.05045113
0.09909490
0.11688657
0.04514084
0.05779444
0.11293928
0.05289995
0.06536714
0.05431686
0.08738447
0.09179736
0.15280665
0.12729865
0.04725742
0.06614545
0.09908497
0.06831422
0.09329560
0.12147076
0.14240974
0.06868646
0.10660024
0.02375204
0.11504555
0.07645811
0.10923480
0.11170589
0.06065234
0.10378617
0.05188634
0.11806624
0.05247927
0.05349239
0.14939527
0.10666952