0.09925324
0.82288033
0.87730223
0.85735756
0.87712204
0.87255377
0.79777360
0.87835503
0.88881814
0.85471022
0.88379145
0.86933649
0.90472257
0.88449216
0.90684271
0.90742129
0.89335012
0.86862123
0.82994032
0.84173846
0.82096750
0.83791673
0.80802244
0.86053431
0.83880401
0.87168509
0.86955243
0.90155768
0.87629861
0.78099555
0.80160105
0.87059134
0.86943305
0.87718779
0.88050085
0.90482819
0.88809276
0.88902372
0.83580106
0.85550034
0.87307715
0.87964797
0.81453484
0.87744504
0.91659278
0.88947016
0.89446634
0.90423602
0.89851671
0.88292831
0.89296013
0.92078674
0.89103788
0.87882733
0.87207258
0.87531197
0.84995216
0.88912797
0.84662271
0.80947512
0.84288567
0.78635705
0.49191844
0.79256022
0.90089142
0.81515276
0.81778991
0.90996224
0.89399439
0.90922922
0.89413381
0.86763626
0.85390234
0.89238274
0.87983948
0.87418181
0.87930769
0.91102087
0.87484360
0.90345210
0.84922922
0.89758468
0.89627165
0.84666985
0.86098701
0.83575594
0.88872164
0.87670189
0.77414030
0.71979898
0.45848712
0.81133467
0.80266953
0.87805116
0.82252693
0.84658670
0.74043840
0.68743467
0.69621122
0.84041643
0.80168808