0.09072412
0.07302348
0.03289549
0.05518422
0.06685856
0.04905636
0.04799870
0.12872127
0.07646218
0.14787172
0.06909937
0.12059290
0.16123670
0.08166842
0.09417340
0.04859038
0.09811733
0.07702094
0.13914563
0.05112700
0.11769979
0.07598887
0.11461882
0.04549115
0.16549084
0.08654660
0.10472944
0.13188057
0.14223410
0.06256649
0.02882890
0.15207224
0.09636602
0.02427809
0.06223958
0.03969403
0.09232271
0.08057678
0.07378843
0.13039598
0.19853565
0.06418929
0.15571718
0.14342898
0.11906662
0.14668541
0.04517524
0.03255644
0.10191237
0.12974900
0.04630088
0.10407056
0.09935576
0.09400055
0.07867802
0.05410110
0.10945769
0.09549223
0.09654818
0.07609801
0.14152107
0.09687316
0.12769218
0.06623834
0.06366344
0.06210196
0.10738625
0.06608950
0.15018499
0.11906844
0.13826621
0.07356144
0.07662416
0.08497949
0.17336611
0.05355147
0.07928917
0.12040649
0.05761410
0.14498407
0.13789012
0.15519483
0.15129319
0.11238743
0.14210862
0.12309639
0.08936585
0.08354636
0.10468355
0.12815759
0.06985323
0.09373847
0.09046493
0.06779820
0.16844498
0.04149622
0.07446764
0.08189273
0.02121244
0.04845706
0.06585465