0.08236460
0.44328877
0.79510713
0.86384672
0.90480828
0.90276861
0.85934991
0.91470820
0.87678581
0.87467748
0.86063433
0.87517148
0.84540689
0.86700654
0.81645662
0.87720853
0.89300513
0.87870818
0.89315176
0.87277448
0.80567122
0.87438852
0.83312261
0.89442027
0.86579573
0.83854812
0.83754766
0.85468256
0.81586641
0.86787522
0.86595380
0.88757712
0.89057112
0.79210967
0.86625838
0.77291739
0.86040169
0.85114723
0.85468942
0.84796661
0.89790618
0.88584280
0.84933233
0.87715060
0.90748191
0.86528897
0.88655192
0.77383822
0.86226135
0.90485764
0.80049753
0.85635102
0.87754923
0.87012744
0.84793198
0.78345674
0.86220419
0.81814557
0.86007315
0.86766320
0.85306966
0.84868085
0.86240423
0.86343491
0.82693201
0.87284034
0.90293497
0.85535294
0.83948129
0.86029416
0.82722527
0.83825165
0.80867392
0.90048164
0.83390081
0.78568298
0.84606230
0.80524755
0.82850808
0.89676565
0.78443265
0.89457679
0.85092986
0.77132463
0.81876254
0.89361382
0.81932282
0.83859032
0.83866316
0.87470132
0.86259437
0.82060754
0.86210066
0.90331596
0.86791539
0.84489977
0.87302107
0.90594000
0.89133990
0.86013758
0.92047012