0.09753011
0.07570176
0.09948318
0.04508080
0.18686853
0.12169518
0.09699026
0.12129425
0.06067680
0.11154610
0.08927918
0.08037315
0.06362735
0.04339911
0.06336582
0.14445458
0.04542858
0.06887711
0.07252894
0.08100461
0.09975594
0.05003442
0.06030308
0.11662700
0.10458278
0.15454513
0.12781624
0.05578878
0.03844481
0.08287837
0.05068059
0.12162906
0.08810648
0.07641585
0.10072365
0.06029635
0.05990186
0.10610797
0.09782080
0.05351855
0.07551216
0.12442210
0.06053009
0.07189061
0.10104018
0.08391602
0.04850145
0.08849077
0.09368876
0.13345271
0.18011221
0.11807557
0.07059696
0.12400208
0.07038794
0.14129037
0.09349040
0.09630266
0.09358975
0.10533252
0.08292179
0.06543576
0.10568254
0.15587194
0.07604583
0.05717482
0.11471174
0.04464899
0.12413090
0.04790968
0.09099807
0.09833854
0.11625511
0.06969246
0.11738453
0.06712774
0.05569610
0.04318878
0.05259119
0.13922380
0.12411217
0.10683920
0.09313253
0.07352673
0.06308292
0.12479012
0.18061782
0.07217091
0.11571831
0.05855840
0.06613603
0.10843608
0.11419670
0.09327374
0.10623282
0.15707818
0.12915866
0.06499705
0.06596780
0.05558771
0.09099232