0.11506237
0.08913121
0.09755939
0.01680271
0.09700030
0.07154413
0.09924643
0.07564030
0.04530565
0.05779243
0.07192441
0.16601360
0.10472772
0.11206467
0.10348929
0.05232255
0.04140482
0.08363318
0.04976071
0.08901796
0.11283203
0.05607338
0.16327879
0.02359541
0.10164919
0.06218258
0.08495595
0.01857476
0.03463946
0.09847333
0.13066739
0.07681630
0.17699805
0.12036103
0.15716058
0.07879046
0.09485757
0.06538010
0.07762977
0.03524463
0.17114869
0.07145310
0.08668698
0.06301732
0.11681485
0.12595126
0.03806845
0.09487708
0.07441836
0.13622706
0.12364135
0.07280640
0.11686257
0.09905854
0.11860520
0.07470954
0.06160188
0.11385455
0.09661713
0.10140306
0.16613394
0.11913338
0.04981558
0.14711481
0.09985315
0.05226386
0.09969785
0.13744748
0.07993749
0.03860009
0.07168727
0.04366651
0.07200711
0.07825115
0.13364595
0.06561852
0.12191976
0.08208810
0.03194886
0.11368966
0.09815486
0.15814149
0.09226920
0.05737560
0.06996958
0.06112297
0.13360167
0.01766911
0.16545781
0.11035623
0.07544498
0.08583181
0.08013146
0.17561218
0.09171480
0.15116881
0.18391269
0.10309538
0.14726807
0.05501761
0.07076252