0.07657552
0.11570302
0.08340530
0.11964349
0.16351359
0.06205540
0.07689026
0.06172321
0.03720532
0.13933624
0.08448455
0.07219663
0.07340095
0.04125110
0.16068964
0.11739846
0.10428428
0.16516899
0.20426151
0.11717944
0.09329319
0.10383391
0.10442090
0.13755843
0.11867081
0.04672271
0.09082875
0.08328266
0.12039699
0.15226986
0.07358244
0.10620319
0.11724810
0.17327410
0.11027622
0.12184999
0.12797898
0.03021897
0.10359065
0.11393335
0.10709755
0.07123575
0.09847084
0.08555910
0.15436080
0.13042316
0.15914224
0.07898928
0.09237306
0.04398693
0.10966045
0.06819382
0.09959476
0.11205368
0.10993893
0.09256230
0.13173530
0.11263289
0.13378227
0.17602400
0.16494456
0.07232154
0.09269679
0.04579898
0.07223368
0.12334507
0.09171060
0.06415443
0.02674708
0.04146396
0.12530355
0.08879679
0.16050783
0.10701670
0.07740328
0.18823591
0.04898968
0.08116803
0.10110301
0.08529560
0.04041256
0.03791463
0.10263181
0.09465113
0.14932054
0.08656768
0.15649664
0.15832628
0.12262422
0.03338965
0.05452392
0.11367800
0.07982019
0.09544422
0.08623160
0.09955048
0.17364109
0.04888654
0.10277977
0.05767279
0.09418274