0.07498821
0.02933076
0.09243844
0.12866008
0.06493387
0.09477285
0.06597808
0.08750508
0.18153258
0.07292977
0.13573818
0.09783302
0.07650784
0.07011478
0.09487741
0.05486030
0.05717282
0.06175531
0.03472236
0.11818965
0.10343023
0.06687325
0.10729627
0.11921011
0.05968182
0.04122605
0.09305981
0.14445505
0.06945451
0.08804738
0.06048387
0.09514841
0.11690221
0.08730493
0.09272718
0.15926293
0.12086136
0.18425024
0.13877088
0.05243828
0.12227683
0.03868458
0.16226608
0.12837340
0.10687760
0.04754361
0.12155430
0.14223275
0.05342308
0.14287968
0.05920547
0.12559018
0.04056522
0.11618850
0.15025365
0.03887198
0.11039608
0.13477995
0.08946082
0.03884130
0.09518599
0.03462962
0.12426601
0.02197883
0.14939232
0.09118619
0.11038215
0.15649395
0.11747779
0.16173697
0.10975800
0.09683622
0.10274436
0.16357192
0.07484506
0.09258625
0.02937829
0.12910378
0.12433066
0.08500643
0.03592901
0.05503797
0.07059696
0.05000845
0.11292960
0.10477687
0.06320650
0.11890919
0.07493465
0.18791451
0.09583838
0.11929876
0.02664066
0.03732944
0.07941809
0.07050452
0.12508218
0.03100074
0.08663535
0.06265534
0.08989464