0.04957702
0.06583449
0.10103454
0.05306421
0.12245832
0.11644960
0.12132779
0.05701996
0.03062201
0.07227503
0.06318674
0.10748886
0.05052296
0.05256024
0.10514603
0.09374029
0.14201947
0.08337844
0.11667189
0.02362685
0.02133493
0.10117225
0.07874868
0.03744461
0.03430713
0.19947228
0.13120630
0.11590490
0.12625144
0.09150353
0.10202688
0.10662114
0.17159632
0.04626715
0.11265720
0.05936839
0.06285218
0.07013676
0.09189071
0.09536249
0.06074350
0.12855040
0.04661566
0.10970964
0.06846291
0.13743801
0.08882958
0.09913122
0.09328802
0.06393743
0.11647034
0.08718059
0.08097668
0.09989966
0.07965617
0.11566413
0.05537815
0.16292338
0.06823655
0.07974948
0.13745937
0.04504976
0.05223575
0.12671058
0.08509071
0.05478611
0.06183324
0.11208218
0.06302095
0.06244732
0.06061452
0.07160025
0.06273286
0.05020932
0.11798876
0.16678251
0.15307252
0.13334903
0.07269002
0.01517150
0.04695787
0.14013967
0.04595763
0.13314958
0.02642938
0.11371864
0.06864264
0.12492785
0.13996525
0.07648998
0.10927744
0.07883611
0.05846274
0.07951632
0.09048714
0.13504381
0.06543049
0.12167700
0.16377662
0.11387390
0.06753694