0.05321941
0.81458825
0.84391648
0.83941686
0.82461596
0.83735245
0.82384032
0.82473868
0.80627626
0.83069712
0.79383796
0.80402720
0.78979003
0.88059908
0.82785112
0.81224269
0.80861425
0.75753665
0.81231570
0.86035728
0.72695327
0.74580771
0.82591367
0.79893219
0.84059983
0.80868769
0.84657639
0.81486434
0.80946970
0.81781274
0.82395363
0.82297415
0.76162010
0.82326704
0.80227667
0.82581854
0.79808944
0.82189798
0.81525749
0.79614478
0.84422988
0.85456598
0.87289083
0.73814535
0.79112077
0.77207071
0.84242445
0.76118255
0.73082715
0.59205055
0.77360970
0.80371988
0.72484380
0.80349708
0.67724955
0.78376991
0.75244784
0.76105422
0.74323249
0.76359588
0.81572855
0.82623428
0.81660032
0.81986177
0.78912729
0.85195321
0.79067099
0.87518144
0.86109567
0.81062430
0.86196685
0.80387342
0.78405654
0.80126786
0.76490778
0.82307619
0.82426471
0.84326094
0.78381020
0.75561792
0.81298655
0.83270526
0.82777685
0.79508746
0.78495008
0.80836070
0.83255690
0.86502922
0.83567780
0.80728835
0.85514176
0.87056214
0.78241563
0.80444139
0.83469892
0.79412794
0.85410148
0.66289824
0.83979040
0.84218955
0.83186603