0.06924482
0.04400899
0.06999646
0.12076064
0.06198480
0.14133582
0.12623857
0.16996573
0.06817871
0.05082278
0.04415554
0.08602817
0.13448089
0.15144423
0.07077932
0.11156037
0.07093440
0.10066897
0.12756918
0.10120197
0.08591018
0.10347638
0.05258298
0.22804470
0.08680848
0.05066342
0.08993480
0.09445484
0.12111077
0.15642710
0.08452518
0.13510519
0.02916011
0.12092782
0.07432392
0.03121404
0.03970547
0.15009385
0.12328836
0.15476686
0.04709147
0.11096511
0.06657902
0.05648865
0.10350585
0.08264611
0.05739703
0.08583011
0.07221251
0.06706189
0.07312074
0.09135965
0.06842310
0.14337008
0.12409014
0.07814560
0.14765017
0.02434954
0.13809155
0.10614908
0.10896261
0.10324597
0.02919924
0.11542531
0.08987661
0.14757982
0.08151303
0.14845423
0.11589477
0.13072942
0.11900657
0.07930411
0.05403367
0.10050924
0.06747210
0.13566865
0.11967339
0.11432444
0.08506101
0.06944313
0.08654302
0.11719409
0.04861730
0.07204495
0.17505012
0.11393975
0.10302704
0.12551415
0.12101716
0.12408113
0.06166023
0.04234473
0.03166574
0.14519128
0.06389183
0.07575070
0.06935949
0.09070227
0.05674139
0.15620701
0.07604225