0.11078583
0.17047253
0.01129177
0.08756257
0.05747142
0.06814992
0.20330478
0.15943040
0.17320001
0.09312639
0.10807013
0.13545825
0.08805802
0.08623913
0.10805046
0.07557257
0.07766102
0.09311275
0.10678551
0.13252035
0.05400816
0.08227613
0.14404203
0.19334526
0.23246308
0.09685465
0.19501309
0.12284077
0.12232371
0.08186279
0.25594422
0.17298435
0.12276182
0.05437808
0.13548528
0.04201650
0.13261947
0.11464609
0.11287798
0.15693885
0.06806169
0.09823200
0.12700948
0.07878535
0.10550979
0.10663164
0.15692930
0.08360340
0.07625514
0.07050871
0.19447979
0.14094757
0.16525801
0.09840573
0.18265186
0.10286279
0.09091263
0.07723939
0.03761710
0.21430597
0.18741289
0.13715912
0.15356261
0.14373036
0.11103857
0.10645285
0.13759689
0.18520349
0.06365221
0.09851477
0.06975514
0.03201580
0.09034054
0.06347933
0.07031971
0.18139881
0.15279834
0.04116330
0.13317162
0.09363093
0.10673672
0.14558648
0.03921472
0.17522636
0.18406475
0.11026043
0.10721329
0.17587753
0.09524186
0.08171371
0.13664071
0.15533946
0.14031947
0.13654828
0.15135185
0.12740409
0.11056554
0.12169579
0.09066091
0.09261014
0.14133759