0.11438119
0.09549686
0.08093869
0.14875582
0.05775048
0.03747387
0.07077007
0.04181667
0.14544535
0.11018224
0.16001675
0.07735103
0.09417885
0.17261165
0.07909460
0.08136450
0.13838573
0.09886596
0.08299738
0.11990882
0.11857611
0.11555093
0.07874423
0.15265518
0.12304385
0.10315449
0.13177139
0.07693966
0.08904981
0.11842977
0.03644998
0.04559470
0.13797581
0.04847478
0.06811108
0.12422774
0.02920289
0.09257450
0.05087020
0.09901385
0.03938811
0.07006691
0.05418374
0.08511874
0.05296783
0.06427386
0.07067184
0.04872525
0.09747106
0.09358286
0.10849513
0.05692444
0.10200033
0.05297563
0.06670800
0.13576698
0.10376243
0.05847695
0.08628340
0.13572930
0.12616129
0.04331468
0.05050936
0.10887068
0.14469336
0.09168284
0.11511347
0.12237958
0.02795323
0.12479713
0.09731280
0.06110683
0.03148479
0.06937209
0.16102752
0.02002508
0.04997525
0.07376064
0.06581609
0.10987434
0.18113676
0.15079235
0.08269911
0.16027234
0.07677998
0.08366316
0.06216848
0.03757237
0.14729539
0.13683847
0.13483655
0.06036959
0.10519581
0.17643265
0.12537335
0.08669243
0.08401311
0.04500109
0.13033885
0.12435296
0.06837206