0.05169185
0.10749041
0.09213332
0.16841036
0.09018943
0.14547077
0.06149331
0.08156050
0.09337558
0.08812968
0.09843717
0.07134757
0.05566777
0.07995682
0.07925743
0.07049502
0.09759619
0.14512423
0.09814006
0.11555097
0.10947286
0.03103669
0.03985681
0.08418085
0.03490724
0.11638008
0.08367449
0.17299137
0.04820343
0.06568044
0.14042380
0.14340651
0.08650493
0.06336439
0.13129604
0.09200707
0.05338156
0.09150440
0.18671753
0.08067239
0.01860234
0.10743449
0.16192618
0.06374837
0.06211770
0.07907288
0.06171880
0.06267748
0.11646444
0.14124715
0.09299308
0.12226388
0.06061312
0.09452898
0.05051308
0.06203576
0.10629988
0.05272778
0.10474409
0.11306494
0.08461256
0.08295939
0.05229646
0.10696673
0.07024058
0.06279764
0.09652642
0.05071631
0.08317889
0.09681136
0.14606203
0.09560857
0.16129023
0.06614640
0.08548305
0.12391045
0.02971606
0.10140938
0.20840299
0.08872760
0.04087092
0.07567991
0.03735652
0.06906089
0.04901885
0.12261871
0.18353954
0.05679989
0.03377372
0.15785588
0.08719704
0.06907995
0.07488206
0.08576661
0.04558923
0.10597610
0.11408135
0.07429926
0.05812105
0.04976563
0.17311548