0.15928271
0.09387504
0.06539002
0.05063276
0.14728899
0.19409332
0.04916960
0.10070988
0.11638504
0.02773469
0.08870938
0.07480640
0.10487090
0.05851984
0.09010982
0.10189530
0.13226746
0.05395896
0.14172398
0.06640142
0.13758382
0.05904493
0.14037296
0.13172321
0.10452845
0.05000941
0.09152299
0.04724354
0.13411126
0.17367853
0.05528267
0.05015029
0.13137655
0.05972131
0.09389162
0.11190578
0.05458707
0.08987894
0.05541705
0.15354405
0.12368278
0.08013566
0.03446279
0.04418612
0.03964699
0.12639739
0.05709675
0.09744952
0.14058150
0.07620507
0.13461050
0.18048070
0.07171577
0.13544966
0.07098950
0.14072046
0.11529171
0.07258944
0.05805430
0.08360744
0.05350147
0.07073774
0.09755631
0.05305967
0.07553209
0.08402003
0.11081461
0.04249800
0.13586192
0.08778010
0.06799059
0.09089170
0.12049783
0.03897906
0.13817720
0.09780139
0.11689945
0.06603109
0.06102316
0.18506998
0.04356576
0.10934511
0.09349689
0.04621742
0.08248628
0.08926234
0.12479192
0.12025949
0.08387742
0.11368889
0.07390489
0.06126903
0.14969388
0.10263541
0.12838364
0.06593285
0.09836383
0.14256077
0.07854804
0.10708737
0.04552885