0.09471528
0.08543744
0.08330633
0.07442632
0.08289017
0.03206401
0.09909528
0.09777179
0.16299057
0.04985923
0.10655905
0.09665637
0.09121864
0.10450712
0.09862249
0.07915736
0.09479845
0.04196252
0.06328636
0.08324713
0.09203818
0.11796826
0.08371874
0.06719184
0.13518836
0.06331661
0.02677314
0.07824968
0.05556110
0.12273984
0.13506557
0.06323569
0.07854996
0.10186087
0.09904617
0.05881681
0.06342526
0.12362985
0.07717455
0.05045967
0.10093846
0.05332630
0.05234437
0.15131322
0.09511250
0.08162567
0.08084489
0.10737293
0.12774907
0.06844677
0.04564878
0.11641703
0.13801308
0.08007500
0.08692245
0.05781342
0.04779547
0.05615796
0.07428395
0.06295580
0.09597796
0.04319662
0.06370453
0.08856839
0.12309575
0.10452829
0.06013991
0.05697885
0.03587030
0.08098032
0.08130316
0.07015167
0.10346712
0.08933702
0.21374039
0.08113835
0.06551670
0.09128930
0.12050305
0.03823713
0.12253976
0.02784412
0.08854219
0.15699133
0.16407546
0.10807556
0.12722573
0.04296179
0.09840396
0.10527451
0.06145387
0.10246140
0.05490780
0.11855102
0.07706695
0.16634655
0.09039490
0.04406673
0.06888961
0.18474904
0.09715106