0.07852264
0.07323254
0.06726705
0.05516390
0.11002441
0.12527341
0.12924182
0.07892695
0.09095103
0.09891926
0.03847595
0.10715672
0.07106727
0.06679466
0.06758957
0.07669190
0.08254381
0.02964338
0.08768548
0.14128067
0.07701758
0.22980972
0.12614705
0.09413456
0.04826450
0.11642440
0.07680642
0.18117449
0.06993433
0.13347720
0.16185977
0.12872024
0.04093041
0.17947972
0.06088555
0.07284933
0.08337488
0.11364892
0.04819824
0.12203053
0.04089381
0.04573175
0.16215584
0.08331322
0.10316529
0.05724167
0.05978564
0.11715259
0.06245551
0.12493267
0.12351663
0.04868373
0.03581436
0.04798691
0.05359394
0.07225975
0.13983811
0.09061594
0.15283453
0.16021806
0.09007089
0.15843920
0.02748095
0.08085580
0.12876876
0.04905610
0.11530320
0.01667549
0.11445174
0.08373992
0.05438935
0.07874468
0.07767564
0.08696596
0.07327610
0.10952186
0.12784867
0.09936728
0.17317171
0.10104524
0.03969198
0.11712814
0.08365268
0.13265945
0.09613640
0.05390113
0.15034960
0.17211452
0.16013500
0.15481733
0.04934513
0.14842978
0.23655853
0.11341330
0.03143118
0.10047185
0.08699638
0.02921775
0.17177141
0.13148111
0.07918037