0.08318138
0.13758607
0.04854029
0.15070532
0.10385565
0.11081371
0.04199208
0.09979222
0.03541940
0.08124038
0.05962335
0.05727632
0.14478378
0.04517023
0.03666076
0.10056400
0.08399217
0.08696300
0.08401328
0.06262899
0.07558580
0.12046529
0.09579017
0.09521868
0.10731526
0.08907525
0.05930305
0.12369382
0.08902585
0.09102226
0.09632254
0.08443134
0.12606134
0.06535948
0.02768057
0.11207391
0.04689351
0.10806476
0.09052079
0.08060929
0.10343205
0.09510899
0.08687342
0.04944868
0.10536446
0.07174511
0.12775518
0.17118879
0.10257704
0.09067570
0.13335668
0.06712433
0.08333118
0.08236808
0.07520046
0.06546050
0.07529144
0.04264270
0.12673356
0.00980943
0.08008970
0.15423639
0.07479403
0.03837154
0.08135495
0.10628489
0.04323280
0.15782849
0.11617428
0.13939454
0.09135399
0.16583912
0.10984905
0.05700103
0.10489757
0.06508220
0.05434163
0.06094440
0.04885465
0.09087694
0.10711925
0.15034717
0.09430645
0.09078366
0.09830965
0.10047167
0.10661507
0.05115306
0.06673346
0.12207821
0.05119496
0.05337639
0.03364130
0.06563572
0.11754203
0.13302866
0.12145116
0.12023000
0.05919525
0.06918863
0.08088721