0.11506237
0.10996222
0.06697785
0.11789268
0.10995619
0.09388911
0.08565456
0.15854660
0.09538581
0.09497362
0.07409925
0.13082340
0.08450040
0.07137303
0.06524158
0.03899642
0.02885756
0.06229930
0.09269001
0.10736254
0.15992023
0.06884456
0.11313744
0.04093790
0.09667740
0.08265636
0.12480912
0.04736968
0.19549006
0.08249918
0.13662854
0.05615782
0.12246681
0.06754535
0.05466102
0.11847088
0.11785780
0.07264052
0.06738796
0.10700748
0.10642657
0.12574942
0.06550119
0.09375845
0.20030145
0.03570245
0.04515937
0.04302051
0.13701093
0.03016347
0.11863378
0.04540671
0.13131230
0.09876116
0.04873118
0.07213896
0.12376305
0.07688084
0.15529676
0.09698862
0.09574012
0.09942861
0.10486260
0.13272026
0.10098243
0.10126335
0.08190496
0.04399712
0.05286498
0.06939197
0.11167898
0.10634544
0.11637834
0.03539361
0.11354932
0.09618530
0.09986179
0.08587675
0.15550865
0.04624911
0.06433084
0.06935781
0.03706448
0.04198937
0.15315692
0.09539825
0.13930365
0.07527878
0.05818716
0.03495105
0.11758189
0.09247003
0.12420563
0.08071371
0.08732006
0.08954876
0.03917674
0.11463600
0.09999325
0.16258293
0.15278405