0.26633909
0.24048375
0.13975388
0.10215292
0.25340253
0.29080075
0.19320133
0.12142505
0.20214573
0.30145431
0.47682902
0.25805742
0.36382526
0.41766593
0.35762274
0.47053432
0.38729221
0.39676785
0.32510522
0.27646300
0.21937899
0.31129429
0.22746973
0.22851717
0.25056741
0.36191040
0.29151431
0.28525439
0.35435039
0.38158458
0.19099507
0.17024089
0.23338348
0.23437794
0.26316977
0.12613057
0.21149649
0.19141565
0.26769724
0.30665103
0.33124077
0.37763503
0.40827861
0.43552244
0.33603150
0.24054666
0.40031269
0.44419643
0.44226658
0.40352845
0.38743302
0.35327980
0.28354090
0.22205871
0.32325476
0.33898476
0.40695000
0.39913282
0.34829772
0.30962366
0.29419911
0.22464237
0.24303629
0.25097600
0.30073094
0.23704925
0.26558968
0.33181867
0.46155152
0.33245370
0.30485791
0.31249702
0.30074382
0.35602349
0.44129458
0.49742302
0.53649282
0.37243721
0.16860116
0.23891574
0.13568352
0.19676802
0.20660964
0.16937140
0.18059316
0.33385265
0.30589467
0.14200465
0.33211705
0.16297267
0.31287453
0.28784108
0.10217693
0.09552730
0.07090874
0.13276844
0.15745126
0.20329075
0.18467531
0.18987064
0.16770323