0.05855872
0.05367500
0.11245506
0.10656457
0.08137283
0.10961462
0.07134213
0.10576997
0.08831379
0.13959017
0.10410435
0.01589960
0.13355196
0.08495493
0.10084654
0.10197881
0.17127226
0.07910338
0.09523180
0.14967971
0.06538344
0.05957536
0.04361771
0.12734918
0.09348711
0.10103349
0.03590739
0.14761013
0.05402458
0.08104444
0.09742075
0.03380008
0.10751836
0.11994494
0.14055640
0.18632416
0.06781748
0.09432776
0.09306527
0.14951064
0.18445612
0.08559381
0.02545385
0.05947414
0.07610174
0.15733738
0.05805587
0.10499430
0.11196274
0.15273696
0.07094882
0.12977232
0.18523896
0.06024060
0.08539484
0.13564800
0.09453407
0.09633036
0.08515141
0.14699227
0.11964373
0.04604820
0.07620131
0.07833871
0.02155569
0.06306026
0.07440628
0.10387005
0.06335007
0.11902592
0.14214294
0.19122081
0.08486036
0.12472245
0.07105587
0.06317707
0.11645168
0.01733028
0.11030099
0.06078833
0.15293166
0.05531073
0.07131863
0.04607486
0.06088116
0.14122286
0.08244538
0.09354762
0.06821144
0.09002080
0.05864949
0.07308830
0.07652806
0.13149573
0.08231991
0.12276786
0.12019625
0.05878956
0.08489640
0.05786502
0.13166453