0.08581891
0.26721901
0.28460553
0.62733787
0.76426613
0.75696617
0.71026397
0.67899400
0.70045316
0.67958105
0.74080694
0.77980733
0.75534320
0.60812145
0.61668253
0.76881999
0.80732679
0.72700274
0.72327447
0.59208822
0.75169760
0.75001657
0.67946506
0.60163903
0.67105830
0.63332182
0.47074699
0.63220859
0.60443777
0.62186819
0.58829510
0.57393110
0.60829198
0.52322108
0.62034780
0.75168282
0.76720679
0.55491662
0.64720654
0.58305824
0.66150826
0.69613856
0.76425493
0.80566823
0.76287860
0.70505500
0.75994819
0.54416877
0.62942076
0.68854392
0.71042705
0.74583328
0.77135468
0.78954321
0.69740713
0.87372124
0.77181220
0.73204452
0.61732250
0.66317040
0.52982837
0.37303057
0.23275633
0.42886308
0.59516531
0.81164747
0.79660338
0.71079600
0.77847397
0.64324796
0.74869055
0.76277536
0.65968359
0.74766654
0.64712805
0.65126634
0.77959585
0.88412303
0.75775170
0.88169241
0.75581419
0.83748084
0.79131126
0.83900040
0.83575660
0.74165350
0.65320593
0.63706332
0.63123196
0.65665919
0.72510201
0.71814746
0.73613828
0.68087196
0.87326080
0.78396684
0.82773066
0.78987527
0.69220835
0.62123132
0.50163192