0.04913504
0.95376992
0.92974353
0.94999069
0.93161362
0.96338516
0.94703764
0.96296066
0.95646828
0.92541695
0.94731200
0.93162858
0.92352384
0.95560533
0.94092858
0.96956778
0.95007682
0.93329859
0.92120773
0.90457654
0.93310708
0.95143920
0.92501730
0.89960921
0.94736069
0.94010705
0.92030799
0.91494310
0.93420172
0.92608535
0.95192152
0.94256324
0.92865837
0.92716444
0.92762220
0.94099021
0.94559562
0.94703603
0.95724487
0.95003909
0.95087236
0.94532830
0.94862336
0.92832422
0.89996451
0.94966751
0.91918319
0.93648988
0.94743621
0.93221301
0.94760889
0.92452657
0.93999320
0.93064725
0.94717759
0.95186543
0.95290685
0.93002707
0.91778672
0.93356395
0.91547590
0.93597734
0.90541750
0.93814301
0.94837487
0.89701432
0.92843407
0.93560827
0.91041994
0.91784877
0.88941246
0.90264475
0.88276398
0.92367166
0.88799393
0.88713104
0.92281103
0.92104721
0.86849463
0.93418479
0.94261771
0.92060137
0.94683158
0.93269533
0.92555916
0.91566968
0.94005930
0.92811972
0.94167268
0.93146104
0.92986053
0.91966653
0.91947329
0.91956449
0.94122350
0.94862366
0.92059928
0.93410319
0.93878156
0.95990652
0.93426651