0.07450834
0.07681382
0.07637022
0.02907521
0.06411999
0.04941847
0.12781167
0.08135054
0.10319688
0.06684221
0.05630605
0.10892102
0.11803406
0.03693942
0.11178715
0.08411674
0.13549383
0.14298993
0.10172116
0.04506174
0.10627028
0.07653428
0.09707012
0.17900516
0.10173307
0.07187975
0.09321122
0.05402457
0.10383701
0.12261456
0.07061567
0.07471551
0.07999226
0.05304164
0.05924419
0.08876854
0.12741245
0.12372173
0.17407350
0.10580274
0.12393457
0.07386268
0.04770520
0.14994021
0.05857500
0.10528950
0.10974144
0.07036149
0.07477107
0.05800680
0.14645411
0.10190701
0.10009714
0.10335251
0.10253067
0.17395484
0.10747947
0.07443640
0.15535448
0.06211875
0.07506379
0.19849268
0.08390146
0.02373727
0.06116976
0.04240295
0.09523435
0.05385847
0.04215561
0.05093144
0.10400378
0.02692167
0.06211736
0.08755796
0.05520217
0.05351151
0.11950845
0.12225826
0.06727615
0.12698524
0.09057761
0.04709556
0.21473429
0.13964824
0.14861473
0.11076032
0.05477844
0.03998333
0.10749513
0.09626989
0.06004668
0.10745732
0.11312628
0.06363253
0.07301260
0.08413240
0.16639832
0.09909314
0.04716758
0.05988873
0.06456729