0.05321941
0.12588841
0.16178177
0.06900282
0.16023868
0.19574752
0.21195342
0.24520150
0.20103243
0.11768228
0.12688382
0.05030279
0.21847630
0.09941129
0.20680344
0.12133126
0.18927649
0.08118220
0.14379561
0.16887216
0.08178169
0.08684696
0.15677187
0.14650606
0.14090122
0.09810816
0.13354261
0.10686503
0.10746509
0.06081231
0.16001444
0.07365601
0.16048756
0.13525148
0.05480034
0.02765649
0.29576930
0.05902013
0.10680015
0.18210091
0.16894993
0.17854290
0.16647804
0.14752273
0.16328989
0.19980003
0.15510571
0.11436529
0.15634286
0.18949157
0.28747731
0.09572035
0.07745967
0.01971754
0.19413295
0.29163173
0.30949235
0.31715316
0.17818724
0.13786748
0.13463637
0.10577974
0.08648755
0.08633099
0.19548684
0.21071658
0.10329880
0.07706418
0.18993551
0.11338487
0.19866475
0.13719340
0.11371428
0.15347695
0.14497370
0.18790220
0.23698758
0.15903142
0.06441435
0.10938859
0.09200945
0.03052894
0.20049730
0.19474028
0.05447287
0.07092569
0.18851759
0.16238804
0.12973976
0.05648594
0.16652945
0.18720198
0.11353030
0.24325219
0.12424414
0.17017704
0.17854032
0.10117323
0.05675136
0.11344478
0.16920730