0.14325123
0.05781651
0.07911279
0.11274882
0.14628734
0.10662732
0.04226117
0.11797101
0.15717153
0.16225456
0.14095549
0.08900692
0.12157116
0.11944275
0.06030766
0.09117794
0.11144479
0.19696277
0.13222194
0.07401779
0.03958426
0.06591377
0.10958245
0.03132300
0.13009094
0.06579343
0.05850538
0.08335852
0.07843716
0.21645898
0.10368564
0.16004574
0.05136611
0.09477076
0.13348122
0.04349246
0.16082326
0.02840923
0.12155958
0.08382681
0.13436432
0.08858439
0.16656896
0.06683834
0.07071985
0.08524916
0.05053547
0.08204295
0.12567735
0.02667426
0.04782033
0.25423250
0.09109586
0.07277110
0.11759481
0.08934599
0.12173684
0.09388310
0.07236613
0.13735712
0.10453231
0.09318212
0.12217817
0.10611694
0.08942042
0.11862846
0.12669578
0.08457998
0.11824547
0.07961074
0.08017292
0.12012538
0.05191324
0.05151580
0.08076385
0.12663025
0.13783389
0.07728475
0.05770547
0.06645826
0.05955038
0.07619575
0.17651245
0.13785078
0.11015103
0.06834677
0.11042710
0.06258228
0.07340734
0.08184248
0.05900334
0.07067345
0.06238134
0.04970188
0.01766105
0.08584275
0.07371760
0.06583616
0.08461152
0.06835124
0.09131272