0.13413320
0.22619323
0.19440475
0.26408029
0.35865131
0.27198747
0.19116472
0.35061386
0.18243803
0.15283248
0.36458904
0.34738803
0.41710109
0.42165229
0.34119439
0.25409693
0.22809090
0.32415524
0.24176435
0.30498904
0.23351642
0.06752067
0.11411347
0.27904588
0.13308828
0.40825576
0.19611527
0.20594990
0.11381414
0.21422243
0.20569718
0.17289910
0.23816679
0.30706206
0.38504052
0.03408297
0.11229806
0.29934245
0.29433578
0.28838813
0.27049434
0.11822819
0.25374043
0.26557463
0.30450293
0.26082036
0.40967980
0.31773025
0.24128185
0.23430352
0.27270928
0.35373133
0.38566995
0.13005434
0.18779439
0.27787021
0.29041499
0.10956492
0.26271260
0.19598345
0.11895647
0.18853241
0.21424770
0.22927986
0.33392951
0.36092708
0.18435049
0.33767754
0.42898601
0.53505784
0.48467600
0.44070789
0.23769590
0.30590880
0.33778587
0.45163548
0.44955748
0.44037488
0.33061686
0.34991992
0.30916411
0.30662480
0.32984573
0.26688981
0.06186660
0.23894916
0.33579895
0.25620490
0.20126885
0.23070687
0.35368186
0.38326505
0.34268123
0.13155934
0.25135663
0.30141473
0.32277614
0.42931923
0.36119375
0.28842425
0.29675731