0.09925324
0.08549149
0.09135225
0.07385471
0.18441001
0.06396210
0.11293034
0.10171270
0.09642205
0.04848087
0.05105589
0.04324233
0.08839370
0.06273838
0.07697832
0.10110743
0.10641371
0.09840509
0.12777454
0.05380834
0.14446653
0.09983677
0.16691999
0.08237466
0.10341181
0.12500806
0.15131173
0.07649121
0.09298944
0.18777949
0.04474255
0.12572207
0.08496474
0.11376082
0.09146660
0.13166326
0.13067743
0.13742568
0.10676054
0.09076836
0.09303989
0.05420437
0.08751433
0.09127126
0.07190765
0.10517586
0.03907104
0.06379769
0.08343577
0.17516643
0.07560135
0.10099272
0.10839487
0.03367607
0.11550464
0.16666666
0.07943788
0.06128857
0.08034668
0.11177851
0.13017166
0.05445270
0.06662609
0.05801787
0.12014596
0.15327442
0.08132692
0.10839490
0.09833312
0.09474478
0.05102124
0.12610683
0.07751394
0.08338597
0.09056292
0.07653911
0.05331122
0.14443944
0.14301530
0.14558117
0.12354497
0.17469658
0.15410101
0.04248182
0.09614401
0.13663378
0.15542045
0.19515373
0.13804966
0.05002119
0.07568125
0.10380293
0.05040332
0.10811483
0.04730512
0.14400487
0.11235803
0.07334176
0.03393156
0.10768082
0.15537718