0.09369902
0.05888687
0.05749360
0.19486713
0.07261104
0.12852313
0.11504544
0.23959072
0.08953628
0.12573721
0.18637918
0.10875345
0.10437305
0.16376513
0.10711775
0.07444451
0.12047523
0.18446259
0.22714102
0.05351822
0.11761407
0.17303458
0.12457757
0.22585556
0.05393348
0.14037247
0.08594916
0.08249979
0.05257235
0.15442824
0.08139911
0.13629803
0.07728355
0.21846253
0.04704625
0.15833358
0.15150419
0.10265658
0.18705656
0.01604469
0.03785038
0.21717015
0.07493553
0.11083478
0.13719697
0.15738435
0.29550800
0.09148285
0.20337161
0.12311779
0.12730451
0.08346139
0.23522317
0.10565796
0.14611211
0.08629321
0.08535272
0.14031579
0.15261883
0.07609268
0.11135539
0.18384723
0.14977133
0.08225176
0.25741595
0.02927029
0.10812287
0.09670433
0.06229924
0.23875093
0.05415311
0.19155304
0.14343138
0.16992779
0.08077740
0.04763079
0.04835711
0.11649576
0.13392998
0.12085488
0.26444000
0.07440760
0.05845719
0.04378491
0.13539527
0.12207820
0.15234365
0.18967800
0.12408525
0.08519881
0.22041205
0.17399739
0.06556518
0.08917108
0.06386214
0.03607747
0.15617095
0.12653282
0.06969073
0.26429904
0.06716304