0.05043321
0.08141664
0.09621626
0.07005538
0.13412219
0.11219504
0.08410628
0.05361499
0.13226196
0.05043564
0.08204987
0.09895372
0.09019917
0.09008439
0.05904787
0.05337907
0.12668093
0.10917635
0.06577596
0.08541765
0.09318776
0.11457470
0.05307824
0.12906335
0.11828086
0.10122875
0.08103946
0.08109700
0.11376078
0.10632431
0.09767897
0.18847674
0.02251014
0.08774978
0.15459782
0.03431487
0.09168270
0.07492170
0.09588355
0.07696661
0.08896678
0.09187596
0.10341088
0.09229793
0.15506771
0.05556829
0.13146573
0.07554378
0.03997942
0.09472968
0.07305609
0.11799342
0.08584204
0.11982485
0.09938862
0.06986625
0.05256537
0.04768682
0.09208746
0.04278903
0.10123119
0.11695613
0.08451224
0.05680349
0.01728418
0.02644057
0.17243031
0.04408763
0.09764826
0.12212790
0.08192602
0.06870067
0.05520575
0.05473884
0.04900701
0.09753329
0.08194032
0.11969017
0.06461935
0.06424513
0.05322894
0.09080502
0.15003347
0.09471821
0.13538733
0.06229213
0.10346456
0.02185659
0.06583688
0.07441021
0.06409076
0.09174570
0.10614746
0.01991871
0.09222902
0.07012731
0.06623969
0.04118513
0.06753589
0.05303859
0.06057592