0.09471528
0.24660392
0.28164098
0.64509284
0.66492051
0.59826177
0.58336407
0.47542793
0.41861317
0.63277537
0.64810079
0.60474062
0.65708840
0.47943878
0.62391043
0.71625674
0.69118029
0.63051051
0.66696411
0.63747293
0.48191842
0.62340617
0.74830920
0.75274730
0.80333060
0.71930033
0.75036460
0.76290953
0.69531024
0.58338541
0.67157155
0.56481290
0.72593409
0.62928283
0.50936300
0.40223327
0.29494771
0.40341243
0.62998021
0.81064606
0.82361549
0.77343822
0.66746879
0.80127150
0.77407408
0.73971498
0.58742899
0.75259703
0.77755433
0.78834730
0.75869364
0.75364119
0.83948064
0.63567048
0.64659119
0.65114683
0.59060681
0.67318517
0.76826942
0.67667669
0.69887602
0.67508155
0.61395133
0.65827286
0.74589658
0.58508253
0.70704931
0.53906345
0.64652395
0.61434406
0.54751188
0.29237151
0.44286934
0.53413850
0.71679711
0.72957993
0.76322395
0.80813479
0.65109193
0.70724851
0.77686089
0.80302501
0.75619757
0.73581642
0.75043708
0.77035475
0.77380693
0.78091699
0.66810739
0.63220847
0.54546535
0.58117247
0.51837927
0.63599885
0.61911821
0.67819858
0.53612387
0.71773821
0.63809979
0.32015955
0.29966250