0.17097370
0.05534814
0.10766899
0.03444834
0.09942315
0.16698496
0.11400104
0.16973102
0.05233100
0.14417300
0.10784999
0.07353584
0.07698399
0.06690487
0.07467236
0.10322485
0.12742738
0.11332709
0.17161535
0.07264005
0.12341949
0.11851800
0.03165121
0.11117247
0.12924840
0.09044937
0.05712775
0.07862978
0.08665210
0.08806960
0.19422799
0.06491420
0.04753269
0.11035793
0.15765686
0.10183256
0.09565561
0.09987129
0.04240711
0.08426826
0.10940597
0.14386015
0.05505516
0.12316404
0.15911692
0.05804571
0.06285632
0.09671561
0.09209097
0.09858526
0.10861168
0.12882389
0.09683848
0.08064106
0.09401873
0.03269070
0.05572063
0.17018881
0.06013574
0.12288499
0.11618643
0.10853906
0.05448855
0.09480216
0.12194670
0.10448626
0.13146821
0.08496685
0.17156811
0.07182502
0.15181881
0.06816991
0.12128830
0.14716995
0.09724305
0.05754308
0.03519801
0.14560008
0.10173546
0.04453465
0.03017006
0.02830569
0.09325974
0.12231572
0.04736719
0.11029496
0.08968514
0.07844364
0.06887560
0.09002840
0.12848797
0.07073139
0.03082947
0.05501752
0.09522390
0.03673819
0.14127950
0.09526252
0.06541172
0.04354610
0.03476591