0.08318138
0.91374916
0.94928271
0.95726067
0.95545870
0.94584322
0.94661462
0.92933303
0.94604468
0.93881804
0.94178659
0.92397791
0.94584495
0.93131274
0.96014053
0.96063888
0.95931125
0.96184081
0.96109819
0.96559668
0.94897324
0.97226763
0.96173471
0.95074838
0.94811910
0.94049233
0.94280547
0.94177318
0.96325594
0.95529467
0.94590509
0.95204389
0.93991548
0.97010607
0.95020926
0.94252884
0.95275420
0.94754946
0.94078398
0.93968147
0.96670115
0.94983858
0.95663023
0.96595925
0.94965261
0.95411116
0.94465643
0.96361661
0.94024920
0.95794916
0.96501291
0.96605229
0.95578688
0.96155417
0.95427132
0.91365743
0.90886962
0.94226342
0.92344964
0.94287658
0.92597884
0.94751734
0.93536919
0.94040537
0.93518716
0.90982383
0.90849388
0.90197527
0.90151864
0.93533349
0.92342699
0.94170725
0.91757196
0.93814397
0.91325468
0.95134354
0.93038476
0.94431013
0.95462531
0.94797730
0.93266457
0.93248880
0.94620645
0.90340447
0.93386000
0.94341004
0.92804641
0.95023394
0.93733674
0.94969553
0.92188472
0.94813484
0.93841285
0.95135254
0.93407530
0.95224398
0.93766123
0.92728239
0.93854886
0.93150759
0.95630038