0.17855704
0.11033133
0.04825228
0.06335159
0.09929164
0.07768703
0.09870699
0.05638243
0.17618431
0.13571548
0.08778968
0.08852798
0.02737339
0.17482647
0.11975776
0.05781984
0.02944068
0.09563249
0.15236217
0.08740146
0.18191206
0.11525412
0.06883190
0.13170646
0.05729978
0.06571466
0.07499304
0.16226244
0.10627281
0.08689885
0.06467426
0.08970782
0.06855557
0.05663525
0.06338503
0.01805004
0.06920947
0.08677152
0.12979016
0.05379506
0.03186982
0.10310166
0.05513836
0.13275474
0.12640662
0.14736022
0.06732976
0.04494783
0.04162272
0.09251019
0.03528458
0.11442661
0.17197487
0.12669864
0.07312240
0.09102858
0.09452729
0.14032605
0.08595626
0.03107485
0.10977643
0.16441463
0.06308557
0.09879723
0.10440638
0.16151634
0.06169910
0.10381205
0.23983617
0.02449820
0.08979192
0.12586875
0.08901995
0.11745538
0.14550780
0.09646621
0.10616454
0.09994417
0.12389816
0.08843227
0.06511074
0.06546946
0.13535909
0.13263121
0.09663296
0.05383307
0.05155862
0.14156719
0.11559177
0.11416228
0.03338653
0.11250307
0.04927783
0.13680863
0.03474960
0.10421389
0.10139585
0.10614989
0.03161420
0.12320963
0.13107449