0.03732009
0.94256651
0.91480422
0.94072896
0.95789301
0.94506407
0.95125997
0.92982054
0.93621010
0.94729990
0.95203257
0.93678963
0.94301736
0.93795776
0.94554687
0.94097322
0.95518595
0.91883695
0.95162964
0.94493669
0.91197443
0.94430345
0.93381822
0.92102867
0.91484988
0.93379486
0.93827254
0.93043655
0.94509882
0.92645782
0.92935258
0.94660652
0.93671501
0.91808581
0.92878067
0.92421222
0.94468331
0.93343163
0.94434470
0.92483664
0.93228132
0.96226877
0.94231308
0.96076810
0.95588571
0.93541390
0.95752603
0.90998411
0.93606997
0.91530263
0.93871504
0.91653270
0.95500755
0.92861646
0.93595344
0.95286971
0.92857933
0.94885772
0.91534829
0.92050391
0.94085836
0.92123747
0.92829150
0.93936217
0.91516358
0.90839326
0.93828744
0.87560618
0.94333398
0.93428743
0.92513460
0.90131134
0.91965652
0.88327605
0.92917067
0.93897927
0.94358724
0.94285250
0.94577020
0.94130576
0.94496489
0.95199811
0.93307078
0.93966568
0.94487655
0.94101930
0.88775635
0.92606509
0.93282813
0.92656517
0.91801810
0.94041198
0.90870738
0.91403478
0.92910874
0.90376848
0.92273170
0.95194387
0.95103300
0.95631480
0.95626479