0.13413607
0.94822538
0.92483979
0.92924142
0.93580729
0.95097262
0.94489866
0.94549525
0.94017756
0.93630064
0.93797719
0.95772636
0.96118033
0.95673966
0.93248910
0.94338638
0.94316614
0.92626655
0.95833337
0.95357293
0.93603492
0.95106244
0.94754201
0.93874496
0.96169418
0.95377767
0.94834471
0.95410889
0.93641776
0.92983961
0.92700118
0.93625343
0.92236543
0.92354256
0.94444680
0.93083835
0.89603472
0.93496054
0.93534803
0.94280607
0.92270970
0.92372870
0.92256933
0.92383647
0.90824592
0.93931699
0.93082285
0.93317759
0.91285622
0.93287432
0.91925347
0.93719339
0.93712759
0.93024582
0.93850172
0.94567019
0.93223155
0.95565820
0.94023383
0.94126993
0.94368553
0.89720941
0.94048452
0.95875388
0.94060516
0.96247369
0.94287878
0.89194697
0.95654523
0.95783240
0.92751932
0.91804796
0.93128657
0.91237932
0.90385699
0.92747450
0.89974004
0.91123682
0.93284446
0.93674302
0.93418294
0.92062426
0.90120530
0.92799020
0.90889108
0.90733588
0.91663951
0.92318618
0.93878537
0.94080710
0.93904650
0.94136029
0.92537928
0.91794676
0.95025259
0.95765418
0.95751762
0.95654547
0.94936973
0.96324235
0.95835173