0.11421080
0.13278733
0.46187523
0.51143152
0.42333424
0.43884286
0.51770616
0.41808876
0.49280989
0.53276706
0.58820635
0.56172645
0.62809378
0.63808995
0.59782976
0.59370744
0.53543764
0.52770156
0.64722562
0.57744890
0.51149303
0.45058909
0.35450515
0.39727005
0.35182106
0.19440156
0.27006283
0.33009526
0.40090588
0.48890075
0.43658096
0.62931591
0.63247597
0.45336664
0.49817380
0.42979869
0.45211783
0.37680063
0.41523173
0.40484819
0.41307732
0.41787156
0.39560491
0.42658931
0.56956846
0.56929404
0.50923467
0.55163896
0.55310690
0.54952890
0.48125312
0.41963127
0.58255839
0.65205705
0.58989090
0.63483620
0.64299929
0.48151094
0.45994732
0.49120322
0.58104092
0.49043655
0.66563421
0.64030182
0.67040449
0.62885684
0.58719778
0.66136336
0.61930400
0.65610957
0.52700567
0.56427062
0.50099128
0.56969237
0.56242460
0.46545047
0.45083144
0.35563114
0.27833772
0.33884430
0.24463461
0.21658112
0.33467388
0.29390171
0.33986649
0.29438701
0.49246743
0.50803781
0.44680667
0.58175009
0.46827143
0.53766191
0.43962461
0.44875583
0.56866729
0.66286170
0.72234893
0.47830620
0.50745618
0.53378612
0.45983031