0.15609142
0.18016800
0.07676300
0.20189114
0.27310246
0.19835497
0.21051461
0.22887030
0.24420162
0.15958779
0.19417377
0.30737531
0.31029949
0.29760343
0.08339997
0.15011963
0.22267935
0.37855053
0.35099408
0.36065564
0.41028363
0.47874454
0.44185176
0.51705003
0.38483384
0.39793146
0.42656875
0.40849301
0.51919478
0.56670254
0.53987622
0.44141951
0.31038138
0.22131033
0.24472715
0.31560779
0.15944546
0.24220251
0.31029478
0.30835965
0.36638421
0.22683220
0.12603424
0.07391731
0.12422430
0.07202886
0.15001738
0.09965134
0.07466228
0.19395557
0.18984418
0.13729721
0.14895056
0.16714121
0.26567823
0.24956994
0.11106052
0.30563107
0.35897905
0.43134749
0.28515050
0.22172235
0.29601154
0.23160957
0.24036293
0.31399947
0.29351920
0.22248556
0.22316775
0.20606615
0.07335708
0.11261780
0.25148544
0.26880771
0.22474396
0.10355945
0.23821096
0.23514725
0.32636598
0.22618757
0.22048867
0.27321243
0.21259466
0.41539162
0.14275306
0.22840098
0.20881787
0.11869893
0.30420166
0.31925395
0.30074668
0.30223039
0.31726718
0.22139841
0.43240264
0.41389632
0.44667608
0.38711196
0.20830746
0.19131252
0.18529624