0.15018468
0.07561424
0.12316030
0.11105909
0.04448836
0.05028401
0.17038654
0.07094997
0.12917419
0.20007691
0.09288701
0.12341716
0.03989176
0.09506767
0.03736259
0.08048442
0.16615322
0.19912612
0.02671767
0.14166145
0.11842223
0.03844349
0.13145493
0.06807739
0.04517756
0.05844660
0.03294785
0.10749009
0.09591763
0.07518637
0.20247941
0.10303304
0.08434314
0.09796946
0.06321827
0.05340084
0.03656235
0.19616313
0.13429439
0.05766175
0.08208742
0.07774459
0.07619120
0.10066478
0.12401012
0.11793701
0.02061639
0.07662778
0.09743715
0.14062768
0.16398497
0.03603398
0.07655617
0.04907943
0.19400102
0.09042358
0.06726632
0.01826511
0.17382234
0.09360241
0.15069683
0.09020927
0.07979053
0.13797225
0.05072488
0.08005166
0.05398244
0.06239247
0.03668591
0.10589481
0.11346975
0.09642737
0.09107453
0.10933889
0.07225385
0.10400174
0.07808340
0.07256029
0.07787250
0.04740494
0.09264234
0.06734629
0.08116095
0.07898163
0.09860000
0.10709032
0.08639936
0.13121918
0.06085033
0.13912407
0.04625901
0.07402527
0.11277158
0.09587507
0.14306828
0.10640387
0.11250420
0.03960458
0.04038075
0.10723913
0.06869105