0.18653215
0.10324573
0.06545363
0.08405860
0.04971932
0.12166378
0.06538227
0.04928134
0.10999789
0.09694927
0.06010032
0.02558125
0.06856236
0.14445834
0.07384841
0.09898920
0.25921094
0.08461258
0.05287969
0.05705650
0.06405325
0.08532563
0.04045458
0.12339279
0.06522232
0.14170238
0.14321446
0.08252428
0.20117274
0.04585350
0.10280435
0.04412698
0.09785806
0.04573243
0.08148705
0.12884262
0.08677700
0.10487716
0.08151532
0.04801135
0.01111133
0.13372333
0.03389814
0.06027133
0.08757854
0.05904774
0.10048784
0.03587607
0.15171947
0.08737060
0.06242057
0.13030411
0.13649824
0.08245826
0.08862104
0.09525906
0.06415728
0.12867439
0.15322268
0.05372085
0.08223440
0.12644269
0.09078146
0.08331310
0.10988030
0.04351034
0.09051650
0.04661411
0.08593730
0.16070028
0.05836681
0.14613883
0.09645178
0.01254699
0.10448492
0.14745143
0.04233421
0.08494958
0.10917439
0.10787179
0.04889409
0.05422710
0.13874394
0.06395838
0.04582731
0.07543635
0.13694209
0.06051307
0.10740472
0.07348506
0.06355602
0.07600193
0.08160148
0.05192895
0.06832410
0.25565431
0.12313735
0.15107444
0.05586533
0.08383857
0.11844454