0.07874878
0.73187345
0.73264223
0.76035583
0.86222833
0.89212126
0.85603833
0.88170028
0.85179186
0.84192306
0.80709976
0.86834776
0.87289512
0.86543864
0.85380507
0.88701129
0.86348021
0.81969374
0.89715242
0.83262414
0.84607077
0.85040098
0.88447165
0.84399486
0.80374253
0.85594088
0.78417969
0.81751931
0.84505862
0.74287146
0.81521684
0.72979623
0.80018950
0.80540872
0.79098856
0.82913321
0.80335379
0.88111067
0.89363992
0.83438683
0.85976273
0.87062126
0.84155238
0.85732728
0.79012197
0.84448850
0.79753447
0.89647311
0.84895295
0.84667128
0.88728178
0.85694677
0.86394197
0.90975785
0.87353373
0.80297422
0.86365485
0.78430426
0.71329927
0.76872361
0.71525598
0.86643362
0.83788359
0.85270441
0.80302918
0.92287391
0.88716662
0.80964309
0.89516592
0.83783853
0.80193377
0.87244844
0.91581339
0.82218599
0.77238852
0.85188287
0.89486074
0.89833230
0.88282096
0.80395150
0.91071165
0.85440588
0.90864366
0.91842461
0.80071795
0.84441042
0.87742043
0.88250887
0.79507560
0.86817980
0.84033966
0.83044863
0.86351472
0.85759240
0.89385217
0.85228831
0.85432225
0.82205129
0.85593486
0.90481043
0.89143610