0.06709162
0.92009413
0.90986389
0.92888612
0.94595182
0.94703776
0.93178535
0.94334471
0.94568253
0.93635660
0.92764491
0.94426996
0.94411898
0.94332296
0.94408178
0.93664223
0.91941375
0.92855746
0.90547651
0.93417525
0.93889868
0.94050616
0.92404222
0.92413419
0.92848366
0.92912710
0.94676393
0.90568054
0.92638117
0.93753022
0.94458359
0.92418915
0.92979479
0.93515211
0.92504412
0.92767751
0.92261881
0.91830391
0.92597669
0.89858621
0.93148786
0.93478835
0.93515015
0.93801218
0.91926867
0.93798125
0.93823248
0.94432902
0.93243331
0.93101007
0.91053224
0.91743940
0.93142891
0.93769449
0.93691909
0.92717844
0.93555433
0.91460711
0.92783529
0.92928666
0.95769221
0.93403864
0.94276977
0.92722720
0.93005091
0.91165680
0.92415267
0.91821027
0.91045624
0.94667029
0.92954069
0.92463607
0.92428190
0.90434867
0.91835958
0.92403626
0.90556109
0.92594928
0.92186594
0.89355677
0.94160461
0.92417222
0.93253893
0.93484557
0.93786192
0.92317712
0.91074377
0.91646445
0.92291814
0.93878192
0.90737516
0.92723089
0.93006116
0.91833669
0.93358958
0.95071739
0.93906182
0.92243761
0.94176966
0.94667029
0.92374158