0.05169185
0.15839666
0.21853316
0.14900966
0.10009083
0.13597119
0.17139341
0.06087207
0.11484166
0.18969412
0.08538142
0.27869308
0.14138794
0.15749322
0.07345958
0.15135485
0.15690134
0.18262652
0.09984649
0.11292906
0.13187069
0.13620421
0.11450589
0.10604704
0.21369728
0.14557514
0.09103519
0.11011637
0.13121966
0.11033668
0.06354401
0.17605385
0.15000664
0.14159365
0.05143244
0.06343295
0.16881418
0.02997735
0.03640349
0.12044058
0.06396432
0.24396229
0.03925248
0.08796964
0.10720833
0.06708141
0.11301552
0.15403770
0.27383861
0.24032070
0.13751192
0.08962618
0.10280492
0.23346090
0.18091135
0.09486121
0.06254423
0.13443349
0.16989727
0.12650274
0.13410573
0.15731639
0.12946001
0.05243957
0.18211690
0.11619341
0.09700499
0.08496018
0.24729660
0.14208739
0.12811384
0.06192180
0.17765756
0.09772114
0.08797953
0.08766189
0.13511094
0.16305369
0.14577462
0.13709044
0.08058517
0.20526150
0.25308117
0.21998788
0.12539235
0.10527431
0.20324144
0.20075716
0.16736697
0.11161711
0.18202855
0.13748246
0.19614682
0.06861804
0.14894848
0.11918926
0.02316516
0.09513037
0.09567171
0.06099701
0.14719681