0.09471528
0.66184878
0.71523374
0.68156493
0.57454878
0.72641915
0.63638330
0.73531294
0.70457488
0.65268797
0.77578390
0.82079351
0.84104651
0.78533232
0.77419877
0.74361730
0.77330625
0.81803042
0.68492919
0.79322314
0.74128538
0.79728645
0.82513601
0.79279089
0.80320418
0.79739606
0.81610847
0.81824130
0.72736931
0.76577950
0.77900749
0.72702616
0.77082217
0.78465223
0.81698495
0.78655761
0.76309693
0.79651237
0.78283292
0.80450487
0.78524721
0.66934603
0.81182122
0.82055998
0.79816794
0.83075303
0.86494523
0.80902690
0.85136706
0.84858561
0.82890111
0.88199729
0.83547920
0.76009607
0.79699636
0.83360124
0.86030042
0.84791028
0.75491190
0.70020235
0.80157959
0.82714546
0.72550011
0.65232038
0.83075744
0.83693689
0.88424760
0.87734812
0.82841051
0.82439536
0.79986274
0.86397964
0.84929621
0.86153412
0.89528292
0.79922223
0.74693239
0.79049420
0.82755971
0.79989755
0.68209910
0.74538922
0.71001005
0.79957092
0.85660064
0.52100313
0.83408874
0.84911615
0.83192253
0.77582395
0.69705099
0.70118529
0.72551912
0.80858147
0.77408862
0.77720451
0.69644332
0.83194005
0.82160604
0.87866545
0.71181411