0.14536166
0.43801203
0.44158390
0.58409411
0.64797723
0.59338117
0.51731163
0.62669283
0.72753245
0.62491953
0.64262271
0.67002869
0.66993964
0.72018969
0.68706864
0.68642271
0.69331461
0.68870783
0.71538520
0.58576596
0.37739167
0.52162272
0.73710585
0.79807925
0.81052369
0.80873889
0.82014000
0.75867140
0.63677049
0.63204718
0.59859252
0.72936380
0.74027681
0.59474814
0.59828997
0.72285235
0.70457196
0.70327681
0.85329634
0.86862999
0.82550722
0.87724733
0.90019119
0.80988902
0.80806631
0.81228673
0.69987112
0.73796809
0.84327018
0.78481019
0.75385386
0.83180946
0.74173617
0.67415762
0.72776055
0.62286389
0.56796849
0.74223554
0.51512742
0.65469766
0.58327383
0.53976750
0.55324244
0.52204973
0.69295281
0.65443194
0.62694341
0.78418535
0.78486001
0.70527941
0.70252889
0.66326201
0.61251581
0.80957723
0.77843916
0.81301153
0.79087031
0.74465102
0.81239951
0.81664920
0.73925745
0.78222382
0.77604783
0.82639730
0.79635406
0.81107467
0.79628927
0.74641985
0.71869743
0.74878919
0.58348918
0.75866133
0.81139684
0.77034110
0.49943811
0.46758947
0.46238971
0.48675403
0.63231444
0.81337571
0.67792422