0.04433002
0.06444306
0.16019401
0.17974834
0.05021519
0.17180611
0.10574958
0.18456198
0.15917936
0.06853520
0.03303838
0.09191664
0.04857663
0.10997909
0.27081653
0.21533038
0.20402284
0.17504217
0.16756962
0.43672246
0.27011782
0.17875558
0.29132241
0.17633140
0.22745390
0.12763362
0.24202949
0.14216889
0.14678946
0.17021464
0.13902308
0.16233826
0.09588698
0.11578417
0.17279981
0.19307955
0.26049057
0.30518016
0.25788578
0.27067003
0.12481239
0.18443401
0.10407851
0.14819282
0.09965795
0.16149086
0.17752443
0.10923800
0.12397755
0.07092030
0.16536418
0.14054838
0.29049671
0.10948424
0.10088583
0.16284901
0.22150163
0.21114761
0.23688589
0.18847784
0.16017605
0.27948105
0.31702048
0.02806636
0.12544625
0.11838072
0.23098035
0.18951680
0.10029599
0.02392859
0.17946947
0.13272400
0.21823950
0.10046458
0.11938848
0.17151310
0.25044152
0.35425919
0.24126455
0.24042973
0.30292267
0.19711754
0.21522604
0.18157591
0.16179679
0.19269451
0.14343040
0.22345547
0.23252144
0.19969377
0.19573019
0.23355995
0.29219919
0.19320263
0.22899124
0.15502651
0.24364913
0.36777484
0.40744606
0.42164487
0.36992860