0.11438119
0.20661697
0.30479786
0.29134569
0.34503540
0.44147724
0.55123419
0.52616292
0.64166903
0.54166144
0.49968895
0.55718607
0.63680995
0.76244843
0.62074012
0.66114879
0.65447640
0.56362611
0.51384604
0.52494252
0.54261887
0.64593446
0.54517031
0.53167140
0.59167528
0.54856235
0.71110225
0.55958444
0.59261829
0.75679117
0.77796113
0.74795067
0.69250244
0.68716598
0.71216440
0.56913769
0.64281863
0.57445377
0.71155679
0.54456431
0.69515312
0.58449095
0.49881431
0.37997210
0.65170527
0.71357173
0.70114499
0.80461037
0.76432204
0.68692756
0.72926021
0.73511338
0.76492620
0.75470161
0.73170990
0.71579200
0.71748626
0.72072119
0.66610003
0.81382155
0.82318574
0.80725271
0.77969438
0.69823396
0.81806111
0.75634885
0.65726936
0.80584013
0.70184684
0.74951005
0.75979161
0.79645425
0.57578981
0.57215673
0.48699367
0.33223438
0.64111650
0.77225566
0.82235932
0.77009064
0.86251181
0.81682289
0.87877840
0.59441888
0.79356658
0.72763795
0.70829439
0.78511184
0.70571500
0.71554047
0.78786469
0.70934457
0.79281020
0.74206680
0.73487616
0.80502981
0.86844164
0.85115427
0.83022034
0.84270197
0.84930474