0.07878611
0.19520544
0.18632837
0.28780627
0.31809846
0.24544285
0.24130698
0.35652599
0.27041367
0.20261011
0.13635290
0.24912010
0.36063713
0.26592967
0.37714538
0.37576917
0.34748733
0.25187913
0.29144222
0.32777011
0.25307181
0.18189511
0.14089197
0.15721507
0.12074450
0.38359764
0.33026767
0.37227428
0.43787497
0.47517949
0.52897394
0.49762565
0.38886845
0.44564784
0.50054967
0.56410116
0.50837880
0.58793646
0.63479364
0.59418148
0.61594319
0.54213887
0.55732501
0.59094924
0.54452300
0.53508520
0.58930093
0.66238326
0.60473698
0.58987975
0.56116843
0.52992964
0.40508136
0.53218490
0.61775863
0.70169210
0.72466367
0.65957940
0.57593763
0.65795249
0.63270277
0.64180946
0.50915986
0.52596653
0.54589766
0.49956018
0.58358496
0.50366861
0.61155087
0.52102476
0.46031913
0.49306625
0.67072439
0.55998522
0.47859088
0.54485834
0.37334689
0.47968873
0.58009768
0.49418792
0.64044875
0.65121078
0.49187633
0.55421662
0.46151462
0.56292415
0.54587305
0.47641259
0.53766161
0.60701567
0.62118375
0.61885780
0.54479182
0.56290698
0.63026941
0.67110312
0.65067369
0.66027015
0.67771912
0.63153076
0.69052529