0.15928271
0.16578239
0.13056892
0.12973759
0.08648215
0.13424228
0.04681440
0.13017435
0.07748792
0.08124492
0.09848544
0.04321069
0.01419541
0.12809761
0.08357596
0.15202002
0.15002348
0.15367199
0.06555522
0.10787880
0.10178464
0.10600748
0.04795238
0.09190965
0.11864436
0.10918672
0.09035479
0.07051201
0.08063842
0.11628353
0.08939747
0.10755774
0.07292481
0.09874482
0.16189213
0.12410737
0.03361452
0.08500294
0.05827902
0.06974139
0.09218826
0.17288260
0.07758811
0.05318255
0.05732379
0.10544978
0.06478747
0.12065328
0.13064331
0.10438501
0.05898428
0.10847876
0.16143122
0.05067427
0.09681287
0.09770476
0.11550409
0.05679507
0.07574988
0.11320429
0.15155531
0.08995552
0.16979915
0.00749462
0.15753822
0.09898403
0.07354657
0.06221315
0.02930518
0.09414247
0.07192549
0.09706677
0.12311510
0.06260458
0.09599866
0.09063928
0.13778123
0.04756036
0.07981963
0.07114322
0.11175720
0.19919302
0.16583696
0.05660088
0.13267757
0.02184651
0.13889293
0.08436625
0.08344619
0.05309711
0.12530892
0.10741130
0.04405874
0.06755193
0.07673904
0.13846014
0.04939859
0.14335822
0.07233605
0.09760475
0.15557641