0.14536166
0.94271386
0.93196714
0.94320852
0.92940021
0.94834280
0.94957262
0.94752711
0.93026626
0.93776077
0.95042473
0.95131963
0.89743161
0.93599898
0.94162673
0.91134202
0.93692398
0.92851371
0.95569140
0.95592582
0.95551962
0.94672799
0.94109190
0.94466418
0.93485606
0.94865364
0.92378664
0.95295167
0.95027465
0.93188596
0.94731981
0.94493103
0.94854063
0.95869035
0.95361519
0.94747472
0.93322623
0.93529969
0.93007708
0.95043886
0.94561011
0.93068582
0.92699248
0.93730682
0.92226326
0.94578344
0.92853796
0.95007324
0.90000695
0.94064873
0.92732155
0.93682373
0.93445891
0.93452162
0.93423200
0.86966044
0.94049448
0.93616724
0.93582833
0.93290812
0.95027876
0.91517442
0.94048548
0.94427305
0.93744516
0.90099472
0.92798471
0.94661790
0.95219159
0.94951940
0.93506706
0.94268030
0.94576430
0.94766754
0.94436699
0.95501268
0.95493799
0.93446559
0.94860160
0.92588103
0.92505187
0.92514455
0.92327982
0.91666442
0.92095000
0.91650766
0.91774613
0.89675224
0.94067049
0.93214363
0.93008751
0.93285567
0.92128503
0.91885453
0.92494011
0.94165498
0.93394572
0.94194007
0.91752517
0.94531745
0.94253755