0.08533442
0.93020904
0.93405426
0.92534029
0.91304094
0.89312387
0.93126512
0.92301482
0.92980903
0.91316313
0.91088927
0.93033403
0.93210703
0.90526956
0.91776747
0.93561709
0.92221528
0.90428215
0.92724317
0.92931563
0.91374046
0.91795462
0.94251132
0.92516083
0.92573762
0.91522872
0.91621453
0.91105914
0.91395879
0.87707347
0.91948479
0.91988432
0.92385209
0.91686749
0.90474057
0.92117500
0.92008924
0.88815093
0.93311071
0.92820799
0.93323827
0.92111665
0.92192411
0.91674089
0.90939444
0.91105759
0.91485679
0.93032867
0.92281532
0.90880603
0.91691476
0.91581464
0.92206937
0.92983735
0.92577052
0.92189217
0.92446768
0.94387472
0.91152346
0.90660048
0.92193717
0.93367106
0.92279512
0.92638969
0.93860441
0.93767792
0.93335640
0.91964728
0.92072380
0.91485596
0.92119604
0.93596321
0.89491212
0.92296714
0.90484625
0.91827101
0.93655658
0.92201209
0.91567934
0.93744385
0.91720504
0.90398669
0.91011882
0.93436617
0.91788977
0.91127366
0.91948748
0.89837164
0.92174548
0.91892821
0.90443152
0.91707641
0.92597580
0.91672593
0.92018628
0.89459181
0.89569402
0.91628706
0.90461969
0.90844834
0.92289335