0.11078583
0.12452527
0.21783133
0.46846721
0.37372383
0.19808108
0.15475933
0.18131992
0.11470929
0.23358466
0.24545920
0.40934265
0.46892869
0.51346016
0.44999540
0.51486772
0.53090847
0.48570132
0.51436239
0.60390437
0.51559711
0.39597166
0.50854933
0.50249654
0.58033705
0.54943991
0.42406014
0.29141450
0.33818603
0.20852131
0.31854251
0.40444642
0.52493054
0.31842050
0.24836536
0.17443936
0.14564864
0.10531104
0.25916204
0.34920409
0.42713603
0.45493424
0.44440585
0.59460497
0.62589574
0.64232659
0.62760341
0.59744507
0.57467347
0.62323099
0.64497721
0.64897728
0.63329709
0.62355590
0.60358238
0.38900414
0.30608898
0.54614937
0.45893469
0.58234280
0.57706529
0.57705498
0.51283014
0.61117065
0.54536569
0.54479498
0.41686562
0.39903516
0.53635275
0.57630706
0.52931631
0.24934489
0.25257233
0.20181188
0.31814519
0.38808277
0.27673209
0.10752726
0.08929825
0.15082873
0.13183510
0.25806743
0.19160829
0.21840478
0.25655049
0.35181913
0.25355303
0.27984270
0.32692814
0.22354764
0.36367637
0.55482286
0.67150843
0.75439256
0.71671861
0.70637029
0.62741840
0.60146147
0.64970499
0.50126052
0.53371829