0.14674504
0.84333915
0.80821556
0.88048524
0.80208254
0.84557670
0.81933856
0.84803563
0.86507905
0.74964225
0.76532966
0.83972979
0.80550522
0.85990816
0.84290528
0.85683334
0.85581583
0.87221962
0.79851794
0.79922342
0.78619158
0.83903879
0.74339378
0.76607305
0.70356375
0.86459291
0.82457548
0.85784912
0.87378287
0.86237961
0.83649361
0.86415642
0.86277997
0.90402627
0.86849993
0.80594534
0.83176827
0.79211336
0.87138909
0.88377196
0.86656904
0.78690773
0.79843628
0.82008326
0.83919162
0.88068986
0.80033690
0.81289423
0.76931882
0.79020399
0.85873169
0.70086569
0.70710289
0.86801744
0.77555364
0.85793793
0.83035159
0.90553176
0.86190146
0.87883031
0.88620639
0.85644525
0.86893952
0.87471360
0.79075205
0.88783383
0.90675765
0.87997925
0.90058106
0.84567595
0.84388942
0.83279920
0.88653582
0.87587339
0.87916273
0.83985651
0.86832201
0.87296462
0.79635423
0.85357779
0.87868088
0.89781874
0.85710001
0.88979638
0.92023981
0.87508428
0.86773145
0.88571852
0.83261716
0.88486040
0.71308059
0.77702767
0.84162146
0.81813312
0.82425940
0.88137037
0.83255571
0.85154170
0.79978472
0.84986299
0.73922265