0.01929289
0.12868485
0.09134092
0.09219392
0.08236551
0.11117539
0.12534738
0.07229242
0.11718748
0.12256476
0.11211634
0.07069696
0.05088010
0.05069811
0.03000484
0.10159761
0.07464760
0.11689809
0.01752937
0.11586856
0.08960452
0.05509765
0.10045712
0.10719534
0.11029982
0.03929378
0.04145477
0.09904249
0.06253689
0.11447160
0.03125544
0.12100869
0.05407549
0.17359515
0.14126372
0.08103661
0.10878141
0.10339754
0.08525526
0.06584225
0.14765806
0.07719144
0.20711046
0.15545200
0.07901307
0.11706781
0.12310702
0.10032199
0.09101189
0.08654076
0.11886256
0.08437753
0.09457102
0.05409991
0.04508567
0.10449018
0.07185681
0.12633353
0.12094277
0.10048791
0.09172656
0.09155899
0.05482759
0.08760867
0.06720007
0.09699917
0.10227393
0.11384881
0.17384586
0.09748271
0.07042281
0.16059352
0.10824598
0.07486343
0.05327402
0.04485371
0.08931563
0.05272850
0.04946690
0.11347828
0.10450482
0.01773220
0.09439494
0.14978641
0.11224852
0.01751569
0.08933336
0.16727959
0.13849047
0.15058717
0.02693356
0.11171102
0.14759059
0.11506118
0.11525879
0.17876859
0.18926002
0.07241793
0.07355549
0.18912901
0.11010139