0.06998644
0.03850609
0.17288019
0.18686773
0.05566619
0.11829592
0.11780119
0.10922758
0.10056792
0.07651228
0.08035672
0.11200166
0.06172745
0.20338605
0.13274485
0.15138677
0.08394080
0.13969766
0.07585182
0.16137123
0.07613406
0.11745743
0.06159455
0.01835360
0.06286215
0.11957710
0.09208408
0.06002336
0.06018611
0.15036565
0.07374763
0.09117790
0.09921493
0.06148047
0.09813998
0.10346944
0.03778823
0.01466331
0.04367658
0.15045120
0.03672458
0.07792513
0.04056276
0.15988292
0.07526405
0.10682845
0.18587723
0.13190170
0.04947071
0.11251283
0.12922560
0.09160623
0.06007697
0.14397576
0.03497808
0.16430971
0.02139091
0.10555506
0.10777978
0.12860772
0.09345968
0.10154755
0.09443637
0.02501100
0.09836193
0.05830067
0.07992630
0.13267666
0.02451366
0.08636056
0.10798503
0.09593511
0.07001434
0.06884588
0.03704430
0.04169120
0.12575535
0.13778579
0.08790517
0.08086306
0.07896712
0.09032597
0.08606322
0.13206920
0.09176573
0.07561603
0.10493739
0.10678121
0.14044711
0.08685974
0.09470017
0.07085891
0.05313390
0.11370863
0.17446418
0.09604376
0.09302436
0.13330823
0.14248447
0.11362240
0.12329583