0.04957702
0.06348599
0.08678406
0.04893488
0.13912115
0.13008195
0.24302386
0.11460159
0.05800087
0.08605227
0.04927149
0.13939494
0.09115864
0.05223913
0.11542743
0.07984003
0.05992576
0.07632671
0.07584053
0.09156439
0.13030213
0.11316891
0.03284445
0.15672216
0.10068139
0.10063945
0.10316397
0.10439698
0.14201216
0.06701580
0.06288631
0.07573609
0.09405600
0.07408544
0.11872153
0.13873719
0.06964903
0.14833994
0.08383117
0.11938028
0.14770120
0.08846647
0.15827273
0.03993338
0.16512576
0.13563025
0.14668037
0.10821352
0.10527018
0.13099895
0.03691109
0.11562476
0.08436050
0.09843904
0.17805330
0.06696871
0.08822737
0.07993694
0.10540440
0.12616251
0.08958687
0.05397076
0.06828980
0.09420845
0.06887621
0.06255197
0.14771190
0.06602012
0.08460157
0.07645572
0.08486202
0.17449173
0.07867220
0.10597382
0.08866379
0.11318462
0.11329941
0.11966977
0.02539836
0.07281183
0.08192988
0.06314492
0.09765122
0.09438530
0.06506023
0.10529955
0.03893752
0.11645089
0.01979725
0.17150840
0.06589638
0.07792801
0.13341446
0.07384363
0.05335579
0.17669003
0.09315379
0.05994551
0.21575832
0.09650674
0.13416515