0.16700435
0.09261778
0.19053009
0.09752310
0.10113797
0.11637493
0.10536367
0.09451673
0.12116703
0.06846741
0.11497984
0.09508672
0.07043030
0.09216201
0.09934074
0.04593117
0.08169477
0.08867949
0.05801525
0.16226768
0.09014704
0.11726446
0.07174557
0.06241755
0.10728874
0.05867161
0.12884827
0.05875331
0.06657524
0.10144711
0.16820154
0.09778704
0.12274564
0.08231860
0.08209757
0.11009369
0.12165665
0.07926355
0.03828347
0.12610531
0.04188674
0.08015715
0.12945408
0.14981668
0.02772638
0.08890802
0.10521770
0.05098863
0.05774980
0.14625193
0.16653687
0.02458103
0.04687277
0.10636909
0.04830148
0.07800180
0.12796222
0.09489980
0.08283439
0.05742497
0.03184548
0.07275996
0.02914573
0.05525496
0.02738485
0.05313028
0.11677083
0.07561683
0.13108787
0.04139037
0.08371367
0.06425804
0.12653783
0.10005095
0.08258605
0.11352526
0.17554674
0.07629298
0.05261284
0.02369924
0.02182847
0.13646685
0.14189069
0.07231954
0.06126865
0.07738709
0.08155880
0.04173526
0.12592845
0.11124249
0.10618519
0.06128302
0.16999914
0.07015213
0.09834157
0.07338694
0.12422429
0.11357086
0.05228588
0.11787655
0.12131856