0.08533442
0.15184306
0.18776695
0.18377773
0.19086261
0.23209059
0.21551269
0.03972338
0.09827983
0.08108124
0.06838061
0.08045418
0.05410347
0.06586686
0.09385113
0.20239408
0.09026759
0.15549833
0.12928635
0.11195544
0.16300516
0.16120595
0.18563196
0.13263752
0.15867747
0.08065426
0.05548368
0.18330753
0.13435055
0.12951988
0.08867263
0.12103984
0.09876464
0.04034116
0.19294423
0.10209861
0.12286159
0.16439211
0.13596526
0.07141228
0.11756093
0.10498266
0.05598654
0.14489833
0.16340935
0.13765869
0.02818205
0.14070813
0.06943969
0.13108316
0.08065502
0.14707294
0.17754818
0.06530501
0.08471858
0.19270897
0.12776737
0.08899862
0.13072319
0.06447301
0.04959111
0.18669283
0.19481798
0.22354448
0.08818085
0.15386257
0.10830410
0.01673101
0.13139096
0.09478617
0.12991676
0.21507515
0.10167982
0.13968360
0.09251349
0.12332590
0.11766610
0.16524404
0.09160957
0.08813068
0.10525313
0.17955317
0.20272991
0.11399256
0.09537876
0.05810263
0.13359325
0.19959097
0.15578364
0.12804292
0.09001013
0.16671094
0.11107870
0.16321017
0.14322866
0.11965562
0.18242252
0.17681584
0.05953776
0.15404542
0.12907435