0.09163785
0.85862762
0.81842440
0.81732911
0.83498359
0.84543151
0.82975382
0.79489535
0.77788538
0.84325522
0.85564476
0.81194407
0.86348200
0.87095827
0.83782315
0.82732201
0.84617555
0.80246043
0.84500641
0.85293168
0.82792300
0.76833320
0.74556917
0.81070364
0.83854270
0.84573257
0.86158288
0.83576751
0.80392128
0.82530957
0.76252830
0.74569589
0.60581565
0.77011371
0.77587968
0.78425491
0.79497427
0.64109826
0.70544004
0.76194108
0.75598669
0.49444774
0.81639314
0.76905841
0.79209161
0.75722194
0.85751343
0.85875028
0.76874727
0.81781393
0.83240861
0.81450677
0.77664948
0.78811425
0.68585855
0.61932856
0.77950132
0.84968507
0.81224602
0.82959932
0.80678266
0.86504644
0.81587678
0.83932519
0.78617376
0.87128234
0.79476088
0.82216990
0.83178020
0.78146362
0.78541994
0.82727706
0.78738958
0.86010695
0.82156914
0.75109804
0.73266518
0.85012025
0.77813506
0.75379527
0.53958285
0.65802360
0.69612426
0.76239121
0.82772517
0.79722136
0.77261955
0.75271112
0.76095343
0.73465276
0.83430052
0.76057434
0.69443369
0.83666581
0.76420289
0.74672669
0.75405294
0.86767495
0.71614808
0.86058968
0.81121808