0.13413320
0.05291256
0.06189382
0.10094569
0.11169735
0.12710914
0.05504051
0.10699978
0.06876513
0.09920312
0.11174662
0.07260608
0.12560672
0.06660675
0.03957773
0.11125428
0.07675441
0.08160917
0.11298186
0.03811785
0.07722723
0.14999887
0.09248251
0.05215690
0.11110722
0.02751983
0.09957647
0.05506865
0.07399221
0.14165181
0.11812989
0.12391164
0.10770320
0.04940502
0.09820437
0.05738318
0.08592872
0.14926992
0.09693406
0.13145308
0.08107693
0.12103172
0.14706334
0.11482613
0.07858093
0.10869487
0.17934109
0.15278733
0.08769546
0.16059616
0.09871326
0.11095855
0.10672648
0.12896650
0.05882161
0.10321338
0.14050615
0.06074231
0.11252514
0.17343512
0.14209263
0.02498555
0.13041241
0.05642431
0.04389233
0.09157415
0.07484191
0.11466918
0.13934039
0.10668110
0.13075650
0.08055022
0.08030700
0.06456144
0.09883195
0.02473400
0.15628099
0.10507966
0.11886147
0.09354044
0.04216591
0.01061109
0.10524492
0.05487853
0.12146647
0.08423066
0.03842114
0.08958595
0.11123030
0.12999254
0.04073931
0.08430517
0.13433349
0.02364484
0.06374683
0.08010098
0.14386870
0.06873314
0.16068226
0.12367534
0.13443357