0.08318138
0.88289362
0.90795726
0.91496348
0.90301633
0.90779221
0.91572875
0.89062172
0.92399627
0.87479901
0.92052263
0.88172972
0.88944060
0.89904016
0.87835616
0.90034926
0.86673743
0.89470530
0.91179091
0.89651787
0.89833617
0.90646881
0.91171157
0.90120077
0.90766203
0.89440227
0.91121286
0.90523225
0.89252234
0.88235927
0.91987580
0.93133372
0.90707457
0.91659492
0.86688578
0.88194662
0.91248214
0.88893098
0.88578337
0.87448150
0.90094078
0.88354266
0.92687821
0.89031327
0.91322184
0.84512770
0.88509542
0.84752929
0.90161616
0.90913767
0.87998289
0.90123260
0.90158975
0.86434388
0.89771438
0.90196472
0.88741958
0.88635010
0.89701897
0.88003588
0.89780772
0.90356743
0.91634703
0.88602972
0.91259605
0.89383197
0.88912439
0.90426552
0.90431952
0.91066140
0.90902334
0.91072762
0.90522403
0.91275018
0.90464967
0.89421266
0.91015756
0.91356432
0.89300704
0.90429586
0.90001154
0.91071266
0.89595336
0.90940595
0.89433283
0.92490089
0.90838999
0.88840818
0.85975844
0.89330083
0.91525900
0.87529790
0.91586787
0.92290992
0.90929198
0.91126549
0.87866408
0.91317677
0.89737684
0.89651436
0.92670321