0.07874878
0.91501921
0.84718406
0.91381860
0.89423376
0.92161125
0.88313502
0.90465635
0.90480524
0.88803220
0.90321791
0.88660669
0.90739030
0.92205626
0.88579804
0.91225630
0.88267297
0.90324378
0.93614817
0.91411078
0.95037192
0.93225306
0.93126512
0.90411669
0.88888705
0.90957350
0.90666682
0.92296141
0.91440099
0.89784729
0.93317419
0.79490036
0.90794021
0.91075575
0.89457351
0.90377939
0.92259604
0.90369898
0.93145591
0.93345416
0.90974528
0.95645827
0.93930507
0.94851935
0.93406457
0.93309045
0.95560765
0.94187593
0.92919350
0.95227545
0.95430839
0.92941821
0.93709242
0.91406095
0.93025571
0.93514609
0.90446717
0.87938881
0.91328400
0.94360346
0.89144826
0.94584221
0.94772792
0.89728433
0.88894081
0.93163550
0.93949944
0.94562417
0.93313140
0.94134092
0.91970152
0.89675194
0.93676412
0.90955901
0.90994906
0.91833597
0.89175206
0.86773455
0.91997725
0.90137881
0.91612428
0.82267457
0.95050544
0.95324135
0.91868502
0.94706666
0.94589841
0.89941818
0.92637628
0.89687568
0.90266764
0.89443642
0.89957780
0.82791448
0.88522369
0.91311818
0.93244576
0.90118742
0.92275739
0.95160949
0.94622695