0.04913504
0.47810376
0.63584626
0.51906729
0.67837614
0.78036845
0.78738707
0.79419446
0.70161766
0.68920952
0.69998187
0.78617144
0.82616925
0.81374872
0.77166617
0.77886796
0.75964057
0.69880795
0.78197700
0.75408447
0.70772380
0.68046987
0.74218094
0.66948318
0.63502520
0.50296193
0.76402068
0.68828750
0.75797409
0.73296320
0.73479736
0.68416214
0.67111433
0.82909358
0.78030741
0.81764311
0.82556826
0.81242883
0.66142035
0.80549181
0.77915031
0.72237360
0.67764902
0.79553956
0.73397386
0.80136240
0.87172669
0.68186843
0.63599312
0.81042725
0.75463748
0.51398289
0.40754318
0.61354709
0.88384145
0.73995543
0.70737368
0.75289667
0.86987501
0.83362824
0.87888855
0.86138946
0.88806647
0.77368563
0.79913676
0.70409399
0.77638251
0.63606501
0.46241462
0.89364028
0.88548601
0.88075083
0.86235762
0.87071288
0.90727568
0.83622992
0.90458101
0.82625997
0.74633318
0.63150686
0.58254713
0.89610910
0.83810920
0.64974713
0.50812805
0.62812215
0.71522051
0.64827234
0.78837895
0.89361620
0.85764211
0.79895204
0.84002274
0.84618431
0.86899793
0.89806783
0.80181867
0.86333334
0.78800792
0.73695433
0.81636816