0.05446990
0.27046978
0.26693204
0.33696315
0.20515633
0.09729640
0.24964035
0.27200842
0.34581542
0.30394033
0.40470752
0.36778915
0.37374547
0.37016124
0.36105391
0.36822331
0.39066905
0.29356742
0.26195586
0.15908638
0.02410631
0.22400540
0.18161835
0.26065350
0.33186582
0.27836227
0.17841488
0.31239003
0.27557620
0.23361331
0.21734449
0.20409895
0.35821611
0.28165132
0.34490106
0.22211152
0.13482857
0.33479610
0.14686471
0.23637900
0.27354893
0.37721843
0.45129165
0.42638797
0.35465488
0.48975527
0.47961360
0.56182295
0.41544762
0.32625598
0.22016388
0.13087325
0.36262199
0.39879477
0.50786024
0.19603246
0.26587272
0.22339724
0.19073181
0.12341492
0.23082535
0.25230491
0.06366491
0.19455370
0.16236067
0.06640992
0.14796035
0.12819803
0.06468792
0.20557281
0.13735081
0.11540839
0.17964549
0.28764349
0.33175853
0.29418629
0.34237358
0.38410845
0.26683074
0.18321162
0.23222058
0.17841505
0.16480032
0.30417970
0.35492173
0.27356720
0.20662634
0.23878795
0.33932036
0.16567647
0.25865462
0.27433202
0.27453828
0.28650102
0.38453728
0.46391198
0.60729754
0.50451291
0.48041847
0.59139180
0.49872252