0.19788478
0.13224065
0.15825973
0.26862955
0.27540046
0.12859803
0.15015902
0.21360774
0.27492058
0.33082047
0.35385704
0.44496119
0.41051346
0.44350940
0.63034171
0.49472576
0.59440118
0.52837676
0.56694567
0.55052048
0.48684445
0.38383877
0.46391973
0.42394748
0.28232384
0.44687709
0.34694180
0.34727746
0.30767471
0.31079590
0.27400419
0.07564027
0.25899145
0.21633857
0.32213306
0.32179490
0.27104694
0.24194044
0.32411981
0.37495768
0.40813088
0.44606224
0.45064232
0.56581759
0.55028188
0.50231719
0.47875312
0.41920447
0.51171643
0.56544513
0.51793164
0.37740698
0.38642499
0.44740486
0.47939968
0.46894246
0.46905032
0.45343345
0.61393243
0.58952516
0.52736950
0.48890483
0.43166390
0.47232231
0.43230018
0.50348628
0.43743667
0.44168845
0.51117241
0.47576457
0.47642201
0.46259895
0.34296358
0.39332980
0.46760684
0.33410832
0.31824949
0.45991465
0.53350794
0.63729662
0.57600272
0.64664614
0.57887352
0.57353050
0.60841954
0.49910319
0.39826694
0.47072610
0.43280411
0.43730965
0.50282896
0.59951109
0.62603742
0.67726845
0.65355223
0.61401510
0.63855243
0.52571505
0.56528968
0.49459687
0.52896982