0.08153112
0.14532514
0.14155492
0.14963609
0.12951401
0.36465618
0.19955730
0.34535861
0.04473795
0.18027587
0.33027127
0.22219472
0.21010105
0.33413941
0.17977291
0.19665232
0.39630511
0.34460980
0.21925002
0.28675634
0.24206312
0.16546640
0.16782466
0.30347684
0.22504573
0.25336206
0.05646498
0.13479157
0.12991863
0.20184246
0.26118162
0.27103510
0.15039951
0.17663594
0.09684157
0.22503731
0.19331621
0.21567391
0.18469258
0.07954191
0.05794858
0.09785871
0.14289725
0.28255975
0.27108490
0.25209075
0.28700852
0.41156900
0.35785303
0.13214533
0.27112943
0.31371132
0.26247960
0.32774150
0.33527771
0.11854765
0.27718157
0.40470433
0.34787342
0.29745543
0.07226452
0.09084985
0.16505037
0.11793303
0.13951193
0.08762233
0.09609202
0.32080102
0.20758383
0.18682989
0.23896573
0.21494932
0.22192799
0.18367530
0.09408474
0.26654598
0.13720217
0.13934977
0.21354099
0.18437767
0.25569335
0.18349537
0.22569835
0.13319394
0.21617700
0.45860085
0.29104698
0.12870282
0.13740806
0.15262932
0.20091468
0.35506633
0.35265252
0.46292427
0.27762839
0.16552866
0.18059933
0.23275742
0.10672607
0.24935703
0.13440302