0.09471528
0.11078321
0.05068615
0.09965235
0.10870965
0.04318517
0.12915310
0.14496985
0.15526092
0.07666204
0.09249611
0.09756988
0.05152559
0.12346316
0.07321928
0.08736246
0.08076780
0.10612659
0.12282392
0.13579665
0.06520084
0.06795812
0.05068506
0.10777643
0.20117980
0.14237876
0.06431523
0.11538999
0.13981801
0.07145993
0.10666585
0.04868916
0.19806488
0.11564690
0.07576142
0.05059135
0.11256010
0.12929435
0.08658706
0.08372637
0.10581242
0.12505618
0.08552278
0.07857733
0.11771189
0.06944538
0.07989424
0.14677104
0.11767759
0.12608384
0.13652605
0.13600811
0.03799850
0.10670130
0.08577198
0.15300180
0.06248284
0.06430474
0.12872803
0.08223941
0.12155312
0.02527000
0.09277494
0.08800722
0.09972234
0.07450974
0.06971993
0.07572689
0.14051794
0.10691503
0.13007851
0.08232235
0.07561532
0.04953071
0.04948810
0.07433352
0.14657421
0.09560489
0.13819627
0.04633743
0.04264392
0.10108346
0.08337775
0.08472137
0.10972021
0.08917990
0.04386140
0.08784268
0.07673384
0.03691745
0.11119156
0.05871996
0.10624201
0.12649181
0.06186278
0.10802361
0.10814106
0.07602856
0.11565808
0.07906806
0.05532465