0.08236460
0.13895480
0.17364728
0.28873056
0.24377710
0.31116000
0.40534696
0.39154458
0.43763906
0.37018403
0.48172280
0.32745132
0.38249654
0.40926933
0.41571003
0.36396617
0.37680167
0.45290807
0.41423905
0.30295652
0.24949542
0.22014630
0.40117767
0.46897507
0.41457736
0.43729347
0.41345415
0.35592034
0.26133731
0.20540169
0.18871912
0.30424929
0.49678132
0.45453966
0.44462982
0.33535707
0.32151321
0.39200452
0.24853781
0.15572199
0.09934023
0.24315254
0.22458167
0.38467944
0.52469945
0.38345727
0.38886079
0.39704573
0.46052167
0.41255942
0.40507045
0.49104992
0.41697192
0.40753910
0.45647946
0.43969882
0.30711752
0.22763844
0.15286420
0.26843590
0.45937771
0.38586074
0.34257811
0.39306790
0.45824578
0.39480340
0.28288668
0.27894643
0.35461506
0.48123294
0.48935151
0.52436990
0.43172881
0.23059198
0.20142090
0.26911953
0.26976442
0.29624709
0.27370387
0.10348997
0.15303072
0.19162361
0.19847129
0.18041924
0.20120707
0.14244179
0.17905807
0.23315820
0.12159025
0.11211295
0.16291353
0.24034812
0.30596012
0.34885252
0.20147829
0.18165402
0.25740498
0.09867405
0.08610585
0.12356316
0.20712408