0.18653215
0.06830683
0.09077904
0.13358642
0.11200538
0.08295631
0.05895678
0.10941081
0.11082023
0.04385791
0.09170631
0.07649314
0.11498055
0.03297190
0.03726510
0.10411216
0.05768149
0.09276389
0.05756053
0.05313628
0.05998357
0.13924266
0.12584293
0.04293934
0.03040040
0.10669270
0.14310406
0.05043943
0.11988443
0.07934401
0.16841419
0.14976871
0.11888856
0.08149972
0.05251078
0.06526769
0.13503382
0.06079970
0.06612626
0.01886386
0.07144862
0.07841707
0.10532758
0.02764006
0.09588449
0.09626389
0.07435345
0.09018075
0.12292779
0.11572382
0.02752228
0.07724576
0.17997393
0.04607870
0.03305610
0.09057472
0.13179769
0.04749759
0.05108435
0.14572038
0.14598125
0.14445592
0.13418508
0.11543963
0.05150238
0.14978975
0.04924892
0.03226092
0.14113358
0.05619119
0.07837555
0.12465747
0.05388169
0.14761521
0.16340530
0.12629889
0.09886811
0.10957395
0.09659185
0.14899394
0.10324845
0.10081194
0.03601079
0.19307704
0.05210662
0.06123878
0.19177502
0.14177786
0.06535789
0.11414641
0.07708089
0.11505330
0.06367111
0.01825509
0.04650890
0.06974766
0.05044479
0.03852983
0.08532579
0.06778017
0.18129689