0.08581891
0.02907116
0.08948374
0.05454767
0.23278831
0.07094911
0.24771139
0.21312447
0.10566551
0.24930495
0.26149890
0.32904828
0.20412675
0.30827841
0.34125605
0.15179034
0.17390388
0.28138104
0.29600653
0.53482187
0.48837283
0.44248390
0.40763116
0.32321876
0.41488618
0.32061401
0.13513696
0.32696700
0.22886840
0.20866361
0.22806719
0.25189117
0.22349836
0.27006885
0.16091341
0.38631320
0.27450114
0.18425003
0.37025195
0.30050179
0.27490035
0.19863306
0.20875323
0.24382408
0.20805424
0.26912659
0.23559497
0.13677043
0.18912831
0.36544144
0.42594403
0.39408946
0.53122097
0.54469383
0.35507491
0.54162824
0.32784453
0.30340675
0.32276422
0.33923781
0.28172633
0.36987418
0.34443787
0.25483420
0.21393533
0.14713435
0.22778973
0.12226693
0.38531587
0.37950313
0.32856110
0.20038640
0.22126238
0.46785530
0.47257897
0.35337743
0.42921388
0.28523988
0.31221604
0.19186512
0.20447308
0.41644123
0.45309430
0.29549086
0.42162791
0.48040000
0.25235999
0.32891095
0.34435472
0.32011977
0.21613918
0.06699074
0.28716165
0.37727067
0.27831084
0.29502696
0.07868500
0.15739541
0.29905534
0.28280118
0.50966382