0.26633909
0.17237227
0.17560618
0.09922826
0.10183331
0.05262568
0.09320927
0.07211597
0.07906374
0.04740557
0.08425944
0.05239204
0.12476173
0.10056345
0.06180797
0.16003710
0.10230374
0.14829068
0.14899679
0.06910434
0.04724389
0.04667357
0.14250802
0.12892340
0.09956009
0.10262969
0.10169156
0.05298752
0.06703793
0.08060629
0.03551729
0.13670152
0.11651145
0.05120051
0.16377968
0.03913143
0.07178766
0.12043564
0.10074519
0.11109085
0.06487437
0.09097309
0.12966172
0.07555598
0.05573583
0.14714041
0.09728589
0.10933553
0.04363344
0.02302500
0.09125018
0.11543956
0.08269440
0.10764708
0.08031683
0.05438676
0.09362736
0.02718227
0.13963765
0.09316653
0.13074899
0.10900493
0.07200502
0.08358999
0.08097024
0.06445823
0.06782064
0.04871691
0.05467359
0.09493718
0.07941717
0.14481792
0.09933424
0.12005456
0.12997894
0.06098034
0.11964303
0.06270055
0.08888057
0.04915630
0.18898255
0.06912785
0.11269949
0.10781650
0.03601418
0.09867487
0.06658934
0.15394002
0.14399913
0.15512681
0.12402514
0.06701752
0.04541121
0.08176453
0.11032715
0.07112828
0.10823618
0.05497345
0.08555614
0.11282495
0.07841925