0.08449510
0.14677720
0.14618187
0.16619194
0.23463203
0.17426471
0.24317366
0.31996518
0.24731502
0.08931479
0.30327499
0.21207590
0.47898471
0.40280679
0.35490054
0.31439531
0.33563527
0.36099774
0.14837424
0.33939525
0.28676921
0.10036061
0.13253713
0.30126724
0.53302747
0.26199648
0.34031254
0.30309713
0.48640072
0.47190529
0.34873402
0.33402973
0.20425703
0.33185682
0.34979844
0.35459602
0.58271348
0.36992934
0.63195854
0.60822374
0.65475374
0.65732038
0.47603062
0.40701425
0.48401001
0.37284279
0.34521279
0.46494225
0.41208637
0.68310988
0.47264811
0.47362638
0.19530839
0.25125724
0.11440482
0.22622441
0.23811686
0.37486920
0.42597726
0.08601561
0.18879598
0.21415001
0.49844134
0.44632840
0.53415549
0.46086314
0.55769175
0.17504506
0.27089071
0.48785990
0.52097625
0.44351867
0.44976798
0.43156430
0.48341656
0.33435738
0.35347348
0.51060045
0.25892097
0.35087386
0.28074768
0.44928730
0.47123742
0.50486034
0.41741395
0.32467002
0.44155362
0.38922799
0.49237373
0.43868750
0.57336968
0.46521088
0.56562740
0.52230281
0.40461051
0.38992298
0.38645744
0.35796258
0.35892993
0.36981973
0.65587670