0.07450834
0.30524361
0.24339731
0.31298506
0.29196677
0.20913726
0.18183672
0.35482055
0.31591451
0.41402137
0.41721165
0.46607602
0.46249700
0.33527038
0.47666585
0.55399913
0.59568274
0.61212260
0.63363624
0.66748214
0.52914071
0.52802223
0.43771932
0.43536413
0.49090654
0.55489767
0.36378184
0.37131217
0.46759754
0.50984651
0.62196928
0.51643962
0.37867150
0.59741765
0.45378369
0.37758785
0.39454120
0.47501731
0.49842736
0.48318157
0.46773842
0.37010816
0.47120458
0.45017102
0.33399749
0.28123534
0.09442279
0.19046745
0.38611317
0.34880832
0.26396886
0.15744202
0.27717090
0.27310500
0.13307443
0.10202390
0.04210656
0.12171234
0.10720830
0.20803572
0.37465176
0.38972294
0.31956995
0.26237434
0.18818216
0.15372078
0.24684568
0.26606897
0.18641044
0.18982239
0.26510853
0.33118764
0.28671390
0.29252744
0.28939435
0.31725642
0.42578956
0.37520710
0.35887706
0.46115455
0.56836027
0.63922620
0.58526987
0.61623418
0.61178511
0.69186926
0.59337157
0.37840283
0.49953729
0.48577961
0.51175958
0.49171138
0.56496000
0.47072878
0.61432481
0.57685953
0.49712539
0.45941636
0.51108748
0.45281726
0.45277074