0.17855704
0.09926572
0.03377050
0.11590338
0.07177160
0.07301205
0.13614875
0.11420716
0.03808787
0.10668892
0.11282385
0.06936710
0.04854236
0.16739824
0.07660801
0.08383106
0.14375830
0.14848270
0.16312826
0.08713698
0.08526390
0.13025527
0.07519423
0.10393663
0.06663451
0.09225459
0.06408004
0.12646715
0.10164025
0.14425713
0.12532797
0.13950039
0.16390176
0.10930093
0.11354872
0.04518294
0.09529411
0.12091555
0.04520506
0.09749702
0.07767452
0.14028527
0.09282048
0.07031327
0.04715362
0.02667066
0.06516441
0.08266879
0.12716028
0.11053946
0.19958305
0.07758734
0.12059575
0.02554755
0.12295783
0.12270849
0.07293607
0.07937524
0.05492454
0.04751708
0.12172092
0.16917118
0.06342357
0.09299318
0.08200676
0.12905338
0.07315374
0.16063504
0.05679907
0.04641906
0.06690004
0.03692203
0.03453526
0.12070622
0.07361069
0.11050408
0.08182658
0.09160230
0.12511218
0.17391227
0.10552232
0.06880420
0.07296916
0.15123059
0.13406265
0.12047748
0.06791016
0.10337999
0.07242221
0.10550900
0.10175835
0.06155115
0.16414963
0.06165548
0.16049105
0.03636747
0.14293376
0.13129219
0.10605595
0.07660716
0.08625931