0.06924482
0.07946996
0.22544089
0.26146573
0.19282974
0.22345214
0.50929749
0.36551774
0.41023931
0.33281276
0.36890346
0.32839230
0.37240544
0.28115842
0.38080192
0.26195359
0.24435826
0.21944992
0.32774597
0.47680774
0.40347144
0.31863967
0.35987639
0.38972771
0.27852046
0.28440702
0.23737954
0.26802337
0.28529376
0.22567832
0.28924981
0.28869176
0.21356915
0.24152878
0.29379591
0.18736622
0.27785707
0.29180244
0.39329326
0.34067577
0.39158455
0.38664654
0.28995362
0.36113656
0.24005473
0.30847272
0.14976166
0.19756547
0.15833898
0.28213951
0.39124474
0.30799180
0.16807365
0.21785660
0.38705787
0.35958022
0.40768436
0.34537509
0.31119084
0.26273811
0.32793579
0.25428319
0.30986533
0.31184059
0.36709294
0.32019779
0.42306930
0.32257321
0.42596576
0.43885598
0.41498786
0.23592021
0.15060021
0.22491337
0.10458490
0.14608024
0.15320399
0.30776307
0.52155650
0.57112175
0.48263890
0.49232036
0.38944095
0.44828674
0.36157122
0.33117372
0.33071479
0.25365147
0.31374377
0.23020151
0.22924411
0.20112553
0.33421677
0.43945777
0.39789039
0.31635165
0.35252938
0.25978500
0.22993736
0.24154124
0.28912225