0.08586100
0.91891944
0.91473579
0.90324712
0.92074239
0.92119628
0.91674942
0.93828809
0.92398298
0.92772675
0.95133460
0.95452273
0.93902987
0.96205002
0.95712095
0.95236170
0.95913637
0.95675015
0.95922363
0.96055269
0.96869665
0.96469045
0.94905072
0.95801675
0.96387744
0.93928427
0.94371104
0.95917839
0.95783234
0.96470129
0.96164870
0.95812941
0.95710355
0.94892222
0.92957735
0.92108595
0.92674470
0.93988967
0.95186478
0.92164034
0.93710250
0.93648839
0.92632484
0.93503916
0.92645210
0.90626985
0.91515779
0.91096658
0.93167108
0.93660408
0.93402743
0.91687471
0.92508161
0.94778633
0.94190305
0.93579423
0.91146475
0.91336882
0.87966573
0.90464425
0.88811225
0.93210220
0.88931215
0.91719687
0.87477583
0.93005037
0.90649760
0.91644812
0.92766023
0.90833640
0.92411131
0.91293466
0.92764372
0.92610604
0.91856223
0.92813760
0.94751257
0.93026143
0.88684034
0.92514467
0.92834139
0.94159663
0.92506844
0.92005920
0.93958479
0.93141556
0.92786390
0.92147911
0.93464333
0.95065409
0.95167053
0.92182714
0.94444555
0.94106436
0.92461097
0.91429549
0.89640039
0.93789804
0.92401594
0.92726988
0.92188054