0.09416495
0.82304025
0.82865816
0.81297302
0.77564722
0.86368281
0.81021559
0.77063042
0.82914817
0.83939815
0.80936843
0.76699901
0.79275095
0.78410268
0.80167329
0.87052608
0.80351496
0.76828051
0.80011886
0.82379061
0.80965453
0.80794597
0.80735606
0.82304549
0.72033137
0.82476354
0.68787420
0.84763932
0.79827291
0.78706342
0.71555120
0.81366301
0.58300799
0.82864839
0.82850838
0.83327264
0.86108840
0.83356744
0.83285087
0.82888776
0.85234308
0.81832623
0.83585340
0.83369416
0.86265326
0.84422064
0.84114569
0.85917091
0.80736268
0.84504211
0.82556707
0.80508089
0.86567193
0.84770668
0.81201971
0.84711236
0.83115602
0.81988829
0.85631126
0.83399653
0.80000246
0.85590833
0.81622612
0.82631350
0.79788864
0.83806956
0.83730263
0.83783919
0.84401870
0.87241119
0.79741281
0.80273223
0.85603309
0.86181676
0.81883377
0.82468247
0.79688668
0.81164831
0.77489835
0.81219596
0.86293149
0.84735984
0.79354882
0.84459829
0.80724639
0.82988000
0.75468886
0.80620474
0.87648439
0.85909086
0.81164420
0.84200716
0.85690951
0.83769959
0.84916312
0.84761459
0.79558802
0.83734930
0.83828455
0.81523508
0.83674508