0.09256493
0.10768335
0.01355483
0.14386070
0.15021499
0.19989526
0.16066000
0.24485901
0.10898552
0.23462875
0.09887561
0.18496357
0.25996375
0.12534028
0.05520053
0.25699300
0.08404189
0.15887764
0.08934882
0.09334245
0.11544275
0.07734070
0.15518862
0.17863911
0.07413948
0.06576086
0.12748204
0.23116690
0.26768878
0.09465559
0.23466392
0.19075954
0.18557274
0.21436642
0.12674174
0.05706448
0.12920742
0.12154565
0.15114577
0.22608347
0.11787403
0.13829856
0.10188065
0.17221648
0.20359419
0.08355689
0.19311281
0.05118987
0.15444489
0.27540442
0.20209515
0.22984919
0.23473896
0.26322994
0.12032542
0.09739442
0.12478839
0.11751786
0.03423321
0.11124916
0.18151397
0.05220170
0.06961913
0.26435757
0.10313922
0.04302561
0.11988799
0.06657481
0.13086893
0.04189195
0.16571052
0.17459017
0.09750883
0.12455126
0.12921499
0.18744811
0.14369279
0.14617647
0.18527175
0.05422602
0.24734253
0.21499868
0.16136549
0.13026646
0.11784944
0.15845133
0.09072505
0.24022751
0.15849456
0.09944168
0.03688509
0.18133101
0.11930643
0.16683701
0.11222256
0.17776774
0.17352611
0.09794922
0.09685326
0.15345334
0.10891710