0.14325123
0.91490692
0.93531233
0.93711203
0.94293439
0.94499123
0.92860556
0.92466563
0.92169732
0.92792124
0.94246352
0.94113654
0.93753278
0.94573045
0.93556976
0.94115210
0.93085289
0.93075067
0.92901909
0.92278993
0.93749207
0.92211223
0.94109190
0.91776747
0.94126922
0.93800217
0.94571024
0.95669264
0.90536523
0.93509698
0.94981742
0.93017000
0.92502296
0.91973931
0.91949743
0.93652588
0.94741029
0.93264985
0.92090964
0.94271773
0.94604391
0.93701762
0.92209458
0.91748691
0.94082093
0.94054675
0.94104773
0.93665349
0.94284517
0.95208532
0.93943834
0.94037211
0.93927455
0.96092796
0.94964987
0.95024526
0.93883890
0.93691742
0.94517112
0.95527434
0.93273300
0.94339204
0.91678995
0.94305158
0.93468851
0.94613159
0.94926977
0.93185186
0.94479346
0.94371325
0.92765993
0.92371970
0.93386787
0.95105195
0.93985307
0.91965342
0.93623233
0.93099642
0.94357818
0.94546145
0.92944264
0.93334043
0.89926946
0.90545106
0.93079972
0.91831994
0.93203783
0.94020581
0.93813896
0.94449514
0.94384038
0.95088923
0.92629999
0.93316197
0.95879549
0.92591369
0.94084269
0.95934194
0.95391327
0.95743173
0.94937968