0.09416495
0.08504248
0.14446722
0.08520367
0.12549041
0.04841684
0.03665758
0.14258189
0.05564361
0.03896886
0.03479961
0.04092485
0.13021500
0.08772468
0.09619883
0.04080670
0.15155695
0.04829914
0.10627076
0.14865294
0.01343045
0.08288155
0.05124111
0.01918066
0.16193411
0.12160148
0.07555073
0.17631313
0.03929264
0.10769650
0.13461579
0.14229484
0.14115074
0.05436691
0.19191325
0.05518620
0.02617477
0.13386063
0.07108616
0.04655954
0.01739084
0.13618225
0.08147970
0.05344516
0.04039199
0.07767691
0.03570165
0.10046710
0.08778726
0.07595518
0.06286874
0.14750357
0.11823407
0.01742677
0.06851516
0.17790169
0.12629454
0.08484395
0.10520151
0.14575762
0.10322805
0.01292578
0.03472724
0.07480786
0.10610360
0.07099136
0.12376553
0.05801246
0.12621740
0.06449565
0.09253012
0.18621901
0.01467582
0.11214821
0.09005255
0.08178122
0.12706706
0.15237118
0.05587036
0.08588086
0.06789791
0.03214516
0.09500753
0.11000755
0.06867342
0.08448735
0.07117791
0.14743204
0.10759158
0.11869275
0.11748368
0.06962626
0.06576073
0.04834075
0.08278894
0.12209507
0.24674398
0.13189755
0.10680845
0.07303544
0.11110955