0.18653215
0.36085594
0.77104902
0.68440604
0.73501128
0.69132257
0.77744192
0.67861384
0.73244470
0.73523718
0.80183786
0.83243781
0.64010376
0.75031388
0.69892830
0.68687522
0.70437944
0.75510758
0.69658273
0.67284822
0.79520434
0.76778883
0.75692105
0.79351211
0.73917115
0.70747900
0.65080774
0.70408225
0.79338419
0.72299194
0.71522361
0.76615697
0.73426074
0.81408453
0.83885515
0.84081781
0.80606192
0.70949960
0.81085372
0.77332425
0.82100970
0.81328744
0.82934380
0.78348386
0.79797292
0.73116815
0.63837153
0.71725279
0.81408536
0.83379191
0.90196007
0.72102243
0.76116097
0.72595811
0.78539109
0.85510355
0.83595991
0.83808678
0.80131221
0.72070068
0.78466332
0.83425421
0.69689631
0.69936448
0.77553445
0.80979645
0.74814051
0.60482043
0.62552476
0.56413060
0.68664253
0.75315893
0.74471420
0.76934618
0.69439578
0.77421224
0.80468863
0.61237913
0.75864679
0.86557174
0.83731860
0.87142015
0.87221503
0.81964761
0.71937007
0.74080068
0.76788515
0.82756633
0.84066176
0.85268998
0.86445993
0.82137090
0.74001235
0.79585993
0.61595505
0.64952117
0.61855745
0.66433227
0.74126589
0.69540703
0.82853377