0.15928271
0.82547688
0.86811948
0.87342924
0.86447120
0.82527077
0.83768409
0.86973071
0.86763084
0.88695478
0.83092642
0.86393106
0.86807877
0.84781832
0.84256274
0.89571261
0.87528312
0.89292330
0.85253215
0.88591391
0.85049689
0.84611833
0.87272286
0.86618394
0.82062799
0.81464165
0.88996971
0.85856217
0.83188975
0.85196167
0.85357809
0.87352616
0.87732339
0.90390676
0.83185720
0.87479997
0.87247795
0.83081716
0.82934701
0.81797808
0.82720697
0.79376853
0.83792764
0.87816978
0.86599463
0.88273680
0.90383166
0.89511466
0.88282210
0.81952006
0.88351458
0.89679027
0.86675161
0.88818002
0.90103251
0.87838244
0.82898569
0.90859777
0.88195008
0.86355764
0.89050430
0.87934130
0.88018966
0.89859575
0.87195128
0.84652138
0.88751733
0.87644094
0.85623223
0.74482042
0.88004869
0.89648354
0.81771171
0.88711351
0.82293206
0.88476807
0.83168763
0.77816367
0.88989741
0.89248389
0.90974349
0.90249425
0.88673460
0.89227623
0.89791888
0.91465986
0.88346756
0.90326232
0.89243209
0.86027753
0.87541121
0.86365449
0.81467855
0.89180720
0.86152184
0.79638296
0.83524925
0.77156043
0.85903960
0.90685683
0.90532231