0.12130057
0.09237593
0.15313916
0.13713041
0.05369154
0.13965288
0.10845996
0.14450955
0.09354059
0.14202964
0.19890554
0.12388825
0.05081552
0.26340133
0.18444553
0.13144942
0.24025439
0.13156870
0.14147522
0.11985037
0.09057116
0.09242776
0.08187482
0.24959259
0.12410595
0.13520658
0.19339767
0.14482066
0.11096976
0.20671748
0.33170629
0.07530954
0.15882109
0.15419871
0.26118737
0.03997223
0.06468603
0.12347449
0.14484595
0.13725984
0.09779868
0.06484635
0.11645415
0.09714481
0.21255264
0.14964440
0.13994446
0.11340909
0.18308130
0.15442862
0.13853236
0.06613474
0.12052877
0.09622769
0.14432006
0.08229517
0.10421473
0.14376394
0.03381728
0.16614294
0.11741982
0.02671998
0.21092695
0.12872159
0.07759970
0.01801283
0.07262143
0.13187155
0.11642239
0.10174711
0.27580726
0.24290253
0.08256448
0.05883670
0.14969184
0.11053833
0.17309691
0.19963653
0.16451399
0.09593339
0.08915040
0.11350526
0.11848951
0.07136427
0.12653038
0.14677234
0.09304962
0.16950838
0.13164958
0.11573409
0.18745294
0.02597921
0.13791814
0.21970353
0.11883602
0.12587672
0.10013159
0.06618378
0.20789404
0.10827509
0.05108707