0.09753011
0.92968279
0.92086846
0.94273424
0.91990477
0.89998072
0.92161453
0.92080188
0.93282676
0.92088121
0.93306160
0.92555839
0.92656624
0.90750223
0.94552886
0.93618834
0.90894920
0.93434012
0.92646527
0.93147057
0.94222087
0.93427718
0.92764592
0.91730845
0.93557936
0.94178689
0.94057292
0.95008445
0.94628626
0.94460410
0.94723749
0.93631953
0.91570926
0.93538320
0.93596959
0.92897737
0.95081460
0.93601793
0.93725753
0.91775125
0.91672760
0.93370688
0.92805183
0.93190354
0.93516409
0.91168302
0.92587769
0.94083536
0.93282723
0.94280928
0.92784631
0.92795503
0.91967797
0.92287260
0.92848974
0.95992452
0.94547820
0.93102437
0.94895357
0.95517653
0.95318854
0.94391197
0.95607626
0.96429473
0.93834847
0.94471133
0.95014679
0.95346278
0.95070642
0.95073187
0.91583639
0.95355737
0.92560852
0.91669762
0.94012606
0.94021279
0.91253972
0.94956338
0.93579584
0.94606698
0.95343179
0.95667702
0.93740880
0.94017661
0.95682687
0.94399595
0.95041329
0.94153875
0.95025015
0.93691194
0.92896181
0.94728273
0.94862020
0.94020104
0.93371087
0.92571604
0.94297850
0.95319521
0.92552912
0.95381624
0.94874346