0.14325123
0.05037948
0.04034724
0.05632653
0.07077856
0.07722630
0.16802776
0.13398661
0.10878809
0.07158408
0.16673392
0.10351886
0.05671723
0.07705075
0.10794930
0.10168398
0.12624122
0.12190267
0.07578450
0.12767011
0.10024821
0.12152760
0.09640285
0.05751841
0.13575797
0.12914775
0.12944469
0.09003095
0.09925809
0.08752137
0.08303556
0.05452292
0.04838681
0.08344668
0.07390767
0.07309428
0.09106394
0.03414581
0.09593242
0.07395706
0.10097787
0.11000879
0.05326796
0.09192413
0.10677828
0.09672353
0.04165758
0.12636906
0.06834778
0.06049875
0.11478682
0.05957596
0.08088932
0.06622177
0.08116207
0.08850420
0.14548385
0.10170195
0.06636353
0.09789185
0.05232323
0.09440711
0.05454984
0.09108732
0.20065357
0.05312251
0.04832944
0.09376840
0.05365112
0.08709008
0.06207306
0.08591706
0.08199003
0.14288263
0.07525025
0.09478243
0.12357931
0.09977321
0.11303039
0.05081720
0.13615578
0.10116192
0.11111502
0.07859808
0.05428870
0.07419376
0.04838350
0.06868010
0.05110552
0.12592389
0.07449456
0.14078714
0.07422113
0.05924850
0.04581689
0.15759075
0.13012700
0.13449076
0.07358293
0.08696259
0.09674539