0.03829549
0.16923115
0.13584675
0.13178343
0.04935246
0.19264826
0.15626556
0.15695171
0.10009404
0.14196125
0.15794072
0.12426691
0.22504894
0.20031650
0.07960915
0.13903964
0.22849865
0.19563030
0.12030180
0.07100214
0.07746763
0.09652427
0.14059515
0.10777235
0.16208439
0.14356434
0.15143551
0.15421769
0.16776223
0.06289953
0.06668928
0.24273646
0.22515726
0.16075188
0.19442190
0.15524693
0.14482088
0.06548627
0.21565504
0.28146845
0.11229500
0.10254481
0.21197498
0.14414015
0.14774817
0.11337498
0.16823195
0.11016339
0.17168251
0.21777663
0.20350777
0.25335684
0.16841811
0.08365121
0.21856771
0.06195060
0.12404451
0.23112732
0.20417494
0.23786207
0.26627597
0.26591977
0.27976668
0.12536341
0.07290906
0.14020357
0.13944677
0.19951993
0.10613180
0.24164447
0.13271637
0.11490532
0.24003783
0.15644394
0.17081764
0.14181215
0.15519416
0.14758952
0.20471933
0.09659126
0.11158323
0.11635204
0.13775524
0.13096842
0.08676685
0.19217122
0.20476626
0.23213916
0.21504198
0.15718961
0.24343169
0.26453450
0.25371554
0.11451412
0.20743546
0.31085876
0.17510191
0.16809322
0.05471209
0.12603560
0.13423547