0.07498821
0.10196870
0.06028704
0.12590668
0.05681282
0.23457772
0.16673577
0.15439564
0.07074835
0.20052366
0.20553488
0.22338593
0.17558695
0.07132950
0.11727892
0.11959347
0.15318020
0.15507185
0.13827717
0.21122213
0.11788682
0.10541356
0.18866211
0.11457150
0.16769981
0.07938492
0.14453460
0.11842291
0.19137423
0.15005372
0.16733976
0.16665390
0.11273020
0.08734660
0.15326524
0.11854818
0.07502592
0.12134216
0.21970476
0.14450730
0.11160357
0.13026968
0.09331970
0.24811383
0.08954167
0.05338826
0.12415110
0.11917264
0.13027738
0.14002469
0.11871464
0.09217583
0.08467479
0.12787026
0.04541832
0.04334497
0.22676374
0.06315532
0.10326035
0.16196083
0.12686613
0.18429355
0.09661122
0.08553314
0.11592529
0.11113100
0.16002709
0.05346337
0.17692864
0.22084156
0.10117214
0.11460761
0.11569683
0.12329341
0.04894401
0.12373532
0.25814617
0.07838785
0.02272144
0.09000339
0.11203443
0.09183379
0.16231740
0.04519601
0.11422589
0.10300200
0.04559451
0.18239042
0.14559411
0.17197528
0.18312468
0.15280701
0.22919159
0.14205739
0.20660368
0.13232791
0.10332874
0.17657532
0.20742840
0.06334802
0.15140651