0.15018468
0.90172309
0.83741897
0.87632644
0.88278490
0.84011978
0.91295099
0.87290329
0.85112762
0.89774275
0.87307566
0.83706123
0.87608063
0.86015528
0.90525657
0.90234900
0.94524264
0.91505051
0.90384638
0.91031021
0.91061926
0.90826142
0.92989290
0.89799124
0.88515258
0.88283110
0.90267920
0.92349535
0.90002459
0.91571724
0.90567094
0.87305528
0.87581199
0.92064583
0.91152167
0.87472951
0.89072371
0.90617961
0.93711793
0.91044641
0.88910264
0.86835593
0.87066919
0.89115721
0.92685556
0.93428224
0.83484864
0.87816709
0.92055494
0.81964082
0.87033099
0.91134596
0.93971658
0.91947365
0.93188536
0.92994308
0.91921121
0.93130708
0.93392992
0.94082677
0.91666359
0.91399568
0.90002912
0.90745407
0.90792495
0.92331576
0.91377294
0.90076303
0.90011805
0.93394095
0.90972221
0.89672470
0.92181396
0.89166373
0.91662127
0.87372625
0.91450578
0.90881354
0.88496554
0.93144006
0.89149266
0.91861755
0.90709406
0.86285150
0.87951779
0.91152334
0.89797521
0.89296132
0.86431360
0.87371171
0.90053618
0.89049834
0.87116194
0.88262630
0.88906264
0.87567300
0.90666753
0.90590394
0.89781249
0.93064576
0.90953857