0.08153112
0.14513053
0.11680821
0.07095028
0.04911886
0.11236110
0.08576325
0.14002700
0.05386471
0.07603943
0.09232756
0.16692939
0.18297897
0.10705052
0.05404259
0.08815261
0.09419025
0.17688636
0.08681758
0.06921332
0.14171289
0.04249825
0.06974687
0.09214692
0.11965861
0.09340806
0.14192948
0.16445598
0.04725725
0.06790029
0.08727798
0.15965851
0.08709921
0.03444057
0.06398784
0.11362498
0.07934440
0.10916714
0.08445032
0.08387835
0.09512269
0.10733619
0.04431532
0.04081323
0.15650798
0.05135274
0.11516156
0.10500609
0.07344516
0.06509474
0.08626246
0.10592383
0.09309810
0.11288604
0.04092139
0.04405066
0.03771555
0.12594095
0.06462684
0.09885751
0.14961247
0.06551240
0.06500874
0.03920741
0.14470801
0.09795380
0.04910078
0.07810523
0.11393802
0.10388955
0.13814072
0.06514676
0.05149804
0.05069990
0.06349500
0.08894075
0.05529664
0.02645428
0.23120534
0.12232495
0.12820971
0.10228594
0.14819108
0.08981454
0.16887084
0.07788642
0.06436889
0.13551207
0.11058065
0.12497779
0.12230159
0.05463307
0.13868779
0.06327045
0.03301108
0.11847316
0.10660353
0.04784683
0.15270826
0.13124987
0.11221667