0.10303149
0.15272422
0.16735232
0.18106291
0.12808628
0.08850200
0.01779921
0.11578243
0.21268320
0.11904141
0.08375916
0.13256854
0.13751045
0.13713665
0.16720051
0.11399262
0.13220209
0.07085497
0.10527238
0.07288320
0.13802822
0.16824445
0.15381318
0.13684481
0.14816271
0.12451294
0.12317086
0.13631804
0.10149687
0.15095930
0.12816539
0.11345989
0.12082061
0.08290903
0.13552450
0.08603051
0.13878419
0.14844508
0.10213079
0.05430471
0.19271287
0.12823816
0.12217567
0.11045820
0.07093757
0.06038371
0.13933045
0.07811210
0.14167263
0.11254726
0.08687592
0.15782960
0.26012364
0.13682739
0.11129098
0.16955769
0.14068717
0.10419846
0.04103319
0.10875806
0.08734465
0.07993709
0.08717386
0.04640656
0.09225170
0.09807010
0.02220321
0.12844564
0.17832325
0.12861730
0.09910927
0.11996235
0.17876200
0.15394036
0.10414284
0.08295868
0.07097739
0.14206421
0.10920745
0.06498421
0.08035523
0.10161318
0.19335783
0.05835916
0.12075593
0.11127188
0.05691826
0.11319353
0.07796377
0.09035461
0.04175431
0.06027974
0.03729882
0.15062733
0.09889289
0.04805820
0.09808340
0.13749212
0.09174643
0.05702321
0.06129896