0.06360167
0.16011888
0.09060414
0.24302733
0.13786227
0.10288430
0.07029027
0.02985849
0.05291574
0.19004850
0.02677839
0.07872567
0.05479379
0.11516016
0.10195751
0.19801980
0.10142332
0.14904033
0.11815888
0.04982814
0.11812557
0.12145040
0.05963044
0.22609651
0.05784939
0.06191791
0.15018383
0.11439438
0.16114742
0.11962125
0.19205101
0.13268504
0.11978855
0.14671397
0.06598730
0.09010154
0.20715086
0.11587166
0.09038963
0.12186053
0.09491916
0.14779396
0.06478367
0.14482564
0.07088422
0.16348620
0.17614691
0.08729932
0.10721921
0.15800266
0.11404132
0.06845643
0.10504252
0.15986724
0.17253299
0.11516495
0.18383072
0.08472774
0.06087315
0.21118912
0.15329832
0.12664846
0.12107868
0.16142929
0.06561848
0.07653684
0.04876248
0.04032375
0.11206947
0.06568328
0.05101884
0.19254589
0.13226190
0.09431998
0.14568648
0.16503690
0.10342950
0.14730090
0.18072042
0.07269486
0.08556704
0.06129314
0.07258171
0.04790604
0.20533685
0.04477843
0.13828282
0.08909192
0.04701624
0.13606107
0.05213881
0.11581982
0.05853707
0.15206470
0.01069563
0.11976657
0.20897429
0.06959036
0.12656635
0.15324815
0.02110946