0.06718107
0.17708446
0.18606648
0.14595966
0.20247731
0.11184257
0.20315979
0.22267129
0.12623592
0.16575071
0.19723518
0.18356630
0.28682730
0.22530970
0.26089835
0.24711144
0.40299684
0.35664776
0.34149387
0.37349263
0.19640322
0.21106517
0.43580341
0.44300520
0.47028965
0.35537747
0.28020060
0.36043140
0.29779959
0.24308600
0.15567969
0.18278079
0.28742498
0.30944961
0.22100449
0.11692992
0.10418637
0.17233455
0.16647474
0.25205582
0.38952938
0.16364795
0.21440752
0.14042361
0.19803753
0.11665466
0.14339522
0.23553242
0.22332416
0.27622601
0.29476964
0.33985576
0.28103769
0.14693332
0.25821143
0.19366473
0.24902107
0.42533734
0.33252257
0.37650922
0.46898210
0.51149631
0.52884001
0.54184824
0.35143578
0.40536729
0.44677076
0.30542696
0.20755698
0.30077046
0.36672649
0.37749347
0.47587407
0.46554664
0.44540077
0.47153533
0.23328283
0.17281185
0.45577827
0.42406997
0.35978669
0.45371354
0.39991176
0.45684901
0.36612752
0.34441167
0.42530370
0.46046707
0.44839966
0.52000755
0.47354960
0.40781933
0.41796821
0.38933823
0.36911833
0.36172381
0.46737006
0.42494559
0.34206238
0.34060347
0.21273270