0.14341784
0.02953795
0.15019850
0.07636258
0.15145902
0.13521756
0.10402186
0.05658143
0.03884020
0.05993018
0.02416540
0.06093710
0.12533875
0.07228117
0.05869050
0.06448284
0.07568844
0.03079983
0.18226209
0.03687913
0.08469150
0.15599972
0.12038156
0.10509841
0.11373357
0.10293268
0.13732409
0.03985578
0.04315029
0.11195204
0.12288070
0.06336451
0.02515062
0.10360534
0.17773636
0.08283782
0.06767428
0.10034963
0.03906502
0.07857629
0.13026634
0.14668579
0.06764819
0.10445482
0.12701312
0.08281422
0.07484958
0.08594986
0.10095601
0.17286545
0.10610580
0.09829840
0.02585729
0.06219054
0.02274252
0.06864142
0.08479121
0.05083494
0.12015375
0.06486410
0.07964600
0.18513428
0.17614555
0.04632333
0.05693612
0.09684712
0.11513872
0.07512594
0.03132503
0.10237282
0.16040695
0.08750644
0.09499284
0.10203540
0.03706517
0.09662016
0.08683901
0.11432205
0.11321419
0.07879619
0.10461094
0.23308338
0.05775138
0.06214081
0.11593522
0.12873277
0.04970905
0.11288328
0.15281695
0.13842247
0.10880657
0.10500667
0.16174492
0.06846480
0.13305911
0.03221394
0.06789287
0.15115817
0.02386993
0.07119864
0.09056840