0.04015391
0.90077919
0.77155006
0.84259123
0.89760745
0.85531700
0.89196134
0.89040488
0.86112481
0.88460535
0.88441640
0.90954161
0.87690282
0.87178558
0.90124321
0.88140488
0.89213830
0.94100142
0.90752190
0.90702277
0.92826158
0.88357908
0.91759676
0.90269488
0.91219664
0.88214517
0.85108042
0.87011862
0.90208244
0.88247001
0.92208582
0.92345458
0.91501081
0.89347869
0.87706751
0.89793867
0.87254196
0.83426428
0.90343636
0.91368049
0.93960893
0.93895918
0.91351867
0.89369124
0.88051534
0.89784652
0.93625796
0.90937972
0.90785140
0.92740351
0.83992052
0.90812647
0.90257514
0.91348737
0.91436338
0.93270922
0.93701899
0.90025443
0.95225585
0.89481598
0.88621765
0.88919449
0.90766954
0.82270032
0.80213684
0.81302893
0.90803117
0.90911829
0.90521026
0.91382712
0.79664344
0.82968158
0.91203916
0.90855545
0.91028941
0.86227679
0.93402892
0.92629629
0.93026274
0.91978765
0.92698121
0.91068822
0.91425997
0.91657329
0.90597934
0.90564346
0.91345215
0.92940873
0.91748023
0.89586854
0.82601273
0.89299512
0.90116584
0.90593368
0.87503374
0.91701621
0.90998870
0.87399107
0.88642144
0.88258713
0.85828459