0.04957702
0.85188758
0.84536463
0.82062095
0.84393889
0.88160932
0.90090960
0.88192266
0.87426829
0.89523804
0.88857657
0.88397104
0.86199576
0.86057168
0.90434378
0.89676714
0.87173533
0.90025389
0.88440478
0.87808919
0.88996035
0.90197891
0.91640180
0.89335191
0.84751534
0.87842417
0.89291400
0.87625444
0.91411722
0.89315993
0.85273772
0.89028341
0.87428904
0.90081102
0.88886064
0.86882859
0.89054346
0.89471316
0.85196298
0.79055274
0.74256343
0.76088142
0.86426950
0.90249604
0.92723066
0.86413455
0.82221472
0.88537729
0.77577627
0.88118899
0.87065065
0.88964266
0.86384088
0.88578516
0.80973923
0.77889162
0.88433599
0.81660044
0.84916168
0.84833151
0.75085348
0.78511912
0.82002687
0.78528947
0.76319534
0.77798933
0.76096433
0.73410767
0.78528643
0.56102180
0.69529921
0.85638791
0.84722847
0.84786940
0.84774923
0.78167206
0.91059899
0.91278052
0.86578506
0.83200347
0.79886991
0.82439512
0.73119837
0.89404327
0.84847850
0.80053437
0.83521652
0.88258743
0.85777545
0.80258942
0.78780961
0.80511940
0.76346838
0.74749792
0.79436517
0.77367926
0.68723989
0.68278235
0.79934663
0.83539081
0.85355437