0.17097370
0.05294255
0.07306439
0.14150360
0.02754148
0.14254326
0.15819091
0.05194004
0.20544346
0.08826275
0.08067652
0.10354210
0.08013658
0.12376223
0.12628578
0.09769512
0.11171531
0.09564294
0.16684982
0.16855156
0.14390193
0.09866901
0.03746047
0.07124850
0.15914810
0.13883561
0.14218660
0.14259711
0.11527236
0.11388212
0.16850935
0.14540640
0.14663024
0.14630967
0.13434534
0.05153350
0.15852988
0.07649200
0.10288900
0.08835322
0.09973441
0.22952990
0.16128691
0.08777850
0.07324593
0.08230264
0.10573216
0.08120625
0.20311138
0.01985675
0.05952561
0.17216350
0.08829498
0.10641128
0.12886032
0.08064049
0.08273272
0.11205890
0.18950157
0.09756409
0.15737218
0.13604707
0.10722736
0.08332375
0.09769729
0.01924107
0.18560642
0.04446647
0.08521568
0.17224190
0.09328429
0.11617731
0.11335909
0.15342501
0.06150371
0.12387832
0.08259249
0.07222275
0.12364623
0.10966945
0.12183737
0.11885850
0.07843739
0.07273697
0.17708150
0.14129768
0.12617937
0.09225684
0.07902511
0.01261126
0.06453131
0.11372434
0.04811614
0.10797471
0.01987611
0.24668764
0.12781960
0.11165865
0.11081608
0.13967657
0.06019127