0.04789208
0.12366106
0.05904189
0.12733147
0.15043503
0.06815851
0.08810040
0.05843187
0.13006732
0.03870610
0.07191481
0.09920576
0.16818203
0.14534019
0.11039282
0.08426268
0.09725033
0.04496415
0.14435975
0.07648823
0.12795416
0.05798845
0.07928658
0.09690557
0.15633447
0.13096148
0.07335634
0.10525383
0.12337109
0.19061673
0.10629933
0.06444213
0.02983976
0.07591010
0.00977936
0.11815275
0.00840545
0.13451414
0.04670916
0.16422161
0.10253292
0.09332481
0.11946875
0.12330947
0.10805260
0.08820266
0.08885388
0.04896157
0.08326312
0.10226229
0.02954284
0.07775550
0.09544614
0.12722401
0.03808767
0.07451562
0.12393034
0.20144220
0.08466745
0.11219389
0.14169361
0.19804008
0.07372544
0.05716797
0.08685348
0.20582901
0.03859285
0.08685966
0.05146337
0.11608884
0.09505994
0.08441041
0.05166908
0.13093215
0.12653071
0.12344404
0.10942115
0.06918579
0.10764857
0.11619466
0.05234982
0.09493662
0.13842183
0.05017745
0.07777408
0.08128858
0.06610786
0.05155201
0.08167563
0.07523037
0.03549964
0.05664960
0.05544949
0.15139627
0.04294758
0.05191573
0.03752244
0.07480896
0.03813260
0.19219090
0.01800085