0.15928271
0.20975779
0.10473680
0.30219376
0.22005634
0.09938943
0.08844944
0.11746702
0.21650201
0.34693745
0.17110628
0.27150500
0.28920341
0.26718602
0.26902252
0.26055366
0.32188189
0.35888001
0.55432224
0.42944995
0.36767974
0.32816970
0.18278213
0.06129923
0.15870391
0.35467389
0.30064535
0.17549762
0.13516043
0.07993938
0.22927557
0.14676774
0.04646193
0.32050052
0.16314533
0.22754698
0.10747896
0.06670436
0.36443126
0.21883574
0.42171246
0.42542017
0.26276654
0.29464436
0.26032823
0.29665354
0.16953263
0.18331465
0.36029279
0.18994291
0.17209655
0.31884974
0.11697492
0.23918286
0.10046282
0.18852481
0.15404077
0.25730935
0.22147430
0.23131070
0.19052297
0.17253223
0.16827495
0.29340148
0.12545750
0.19592123
0.35002738
0.27569011
0.05425576
0.14626041
0.06602199
0.35877523
0.28455186
0.30902538
0.26862580
0.22781564
0.18260132
0.23071629
0.16602869
0.30122912
0.32537895
0.14237985
0.05303410
0.21616507
0.35462657
0.08977448
0.08379164
0.26293910
0.26668280
0.16581690
0.14839177
0.16004448
0.17526866
0.21227531
0.22541483
0.23769297
0.12260447
0.24090305
0.11227641
0.13458352
0.13443618