0.02160217
0.18400429
0.12650624
0.08377231
0.06239511
0.12075571
0.07695659
0.04993091
0.10789375
0.07267738
0.06259866
0.05794754
0.07372668
0.05972322
0.09567417
0.13323154
0.07647013
0.12519310
0.14222749
0.12817585
0.08243825
0.04417551
0.04183983
0.07536684
0.08418880
0.10054193
0.09412962
0.05037284
0.09055530
0.09217115
0.08410393
0.10798252
0.09477645
0.07268420
0.09171667
0.07297949
0.06494968
0.08991775
0.09090389
0.09039927
0.10690787
0.06733052
0.09119556
0.12747517
0.11297389
0.06802475
0.07261252
0.15360115
0.12430468
0.07347886
0.12618136
0.09607846
0.15882467
0.08491301
0.15524553
0.17084011
0.04591373
0.07831278
0.09002540
0.13879234
0.08826851
0.07696541
0.07117967
0.19582333
0.16460234
0.19701149
0.14588532
0.04944016
0.06677064
0.04637587
0.07728492
0.13120972
0.04994380
0.12368367
0.12418400
0.07862832
0.06703786
0.12659986
0.09872575
0.08907194
0.07737220
0.07688265
0.05946149
0.04816787
0.08406523
0.07462346
0.13918351
0.03612943
0.04349967
0.10333934
0.06033918
0.11254796
0.09266820
0.08374532
0.10356002
0.05100332
0.05569968
0.07329102
0.04541345
0.12531477
0.09287214