0.14959984
0.03468980
0.12829235
0.06063928
0.03321660
0.06099301
0.10171846
0.06443062
0.09718752
0.11842903
0.09317476
0.07929689
0.12387195
0.06318125
0.08143929
0.05274488
0.02537023
0.12518533
0.08097512
0.14495820
0.08654744
0.22377339
0.12443095
0.11697324
0.05864116
0.11743403
0.11809520
0.05770523
0.10106269
0.10521188
0.11113471
0.06183713
0.10093133
0.07390296
0.07452932
0.06328102
0.10066262
0.03841043
0.10979766
0.08668940
0.07277167
0.12917888
0.25102744
0.04910957
0.10003038
0.14792930
0.07907202
0.16023329
0.22263438
0.07084604
0.09532775
0.07782795
0.14952090
0.10886487
0.07950054
0.05396850
0.14007139
0.02513818
0.13350883
0.13375968
0.15051247
0.06918315
0.06083404
0.06916994
0.10437158
0.05864651
0.04446582
0.08461987
0.13065101
0.02974107
0.03095760
0.05040342
0.07018326
0.12997693
0.04474242
0.05796310
0.07995912
0.08860315
0.09814896
0.10418605
0.09189779
0.05852212
0.08806572
0.10319809
0.08259464
0.05660356
0.04331265
0.14973105
0.19008127
0.10778592
0.07322015
0.08541016
0.12176329
0.06154523
0.12538093
0.08083285
0.09667141
0.14939007
0.05841263
0.08170526
0.06868233