0.08970623
0.16439888
0.11933608
0.15649346
0.07571093
0.09123389
0.12555911
0.19420415
0.12867835
0.12556081
0.14007489
0.22339691
0.07620320
0.09649052
0.15073662
0.09862454
0.07858978
0.13345049
0.15679790
0.13353659
0.11266463
0.04457419
0.21772902
0.05343039
0.15220599
0.12259762
0.20906144
0.11629543
0.09781304
0.10539792
0.06662666
0.06924996
0.09936889
0.09130468
0.08674360
0.10138968
0.13356946
0.14489549
0.20120274
0.08511911
0.17816089
0.21586090
0.17215095
0.09767023
0.11287355
0.13055292
0.08597419
0.07444742
0.11122990
0.02936953
0.12049952
0.06464730
0.17706841
0.09134793
0.03216245
0.16828535
0.17135498
0.13748801
0.07345273
0.11456054
0.17323339
0.10099854
0.06579466
0.08943996
0.22419479
0.20637377
0.22858581
0.19408056
0.09363983
0.18085432
0.07985843
0.15536477
0.19360712
0.16608647
0.15830237
0.19877501
0.09787413
0.13651611
0.10202217
0.11681914
0.22609186
0.14570618
0.05906300
0.13991046
0.12917052
0.08827062
0.05152405
0.20136125
0.15578336
0.14726202
0.13747072
0.15870586
0.13586570
0.03443420
0.14996611
0.09681585
0.06886844
0.05035345
0.08133416
0.09544554
0.08698108