0.05636942
0.03018364
0.07548590
0.03832416
0.10206448
0.10064888
0.02057475
0.13261698
0.11687455
0.09844886
0.11459480
0.12836465
0.10666611
0.07249203
0.12464166
0.17653668
0.07806701
0.12868889
0.04579885
0.11001346
0.07024642
0.10054187
0.08088896
0.09080730
0.10753979
0.08847292
0.03804273
0.13219377
0.11855953
0.06083943
0.13881773
0.06114943
0.03971678
0.02291754
0.04950158
0.06080559
0.21380852
0.09728507
0.11843803
0.10962128
0.06868455
0.09943762
0.06448640
0.09512326
0.09856684
0.07690355
0.05291099
0.05682487
0.11015927
0.08645803
0.06848176
0.16192585
0.10790015
0.16806546
0.08626381
0.15016241
0.16493192
0.09500908
0.08073412
0.07563145
0.04045779
0.08334409
0.08820167
0.04571851
0.07061760
0.01621606
0.04450235
0.07300195
0.04024479
0.09303699
0.07309479
0.07346371
0.12100460
0.15133303
0.06428471
0.11481535
0.14975072
0.06962474
0.15150763
0.10886036
0.05670979
0.01728369
0.09946563
0.13748525
0.13830298
0.19022179
0.09011296
0.05063560
0.09946867
0.12573008
0.02303843
0.05696984
0.06496695
0.15253529
0.11538778
0.08716393
0.09409476
0.20852278
0.08781955
0.07626736
0.04479443