0.08263307
0.08638919
0.08452476
0.16631456
0.09774004
0.07197256
0.09348855
0.02100670
0.12373767
0.03633895
0.06040410
0.05493109
0.10963291
0.07679062
0.05655552
0.09924231
0.13294548
0.12159727
0.06157087
0.02447984
0.14125332
0.16613279
0.05103894
0.10654113
0.06364068
0.04046463
0.06354504
0.07452416
0.08328448
0.11092683
0.08000610
0.14110392
0.10499928
0.06572750
0.11820777
0.06495894
0.04463463
0.08386377
0.14256047
0.09790295
0.12980606
0.13420901
0.14561608
0.08648493
0.00993571
0.07219423
0.08643794
0.04231271
0.12631851
0.10166314
0.04047761
0.10140681
0.10869423
0.15366638
0.12297159
0.12099045
0.07222159
0.08602701
0.06731890
0.05205011
0.03562355
0.11948714
0.12143140
0.10130937
0.09192045
0.02439754
0.08176738
0.09679791
0.13440298
0.12227362
0.06566788
0.15809806
0.05631512
0.07285397
0.05758359
0.12590058
0.10385213
0.08447333
0.12396948
0.11129542
0.06886139
0.11843360
0.11668781
0.15779768
0.09024338
0.04197196
0.10817874
0.08347557
0.07308856
0.06684574
0.04061084
0.12013130
0.06988654
0.04038499
0.10157141
0.08303709
0.17062904
0.05836398
0.09320559
0.04952365
0.12887840