0.11598152
0.89719146
0.90631998
0.91676420
0.90655863
0.91281241
0.91198027
0.93113309
0.92703700
0.90384734
0.91426039
0.91184074
0.90370667
0.92123979
0.91953886
0.90910041
0.92693269
0.90492558
0.93020386
0.91960466
0.90730184
0.91947722
0.91574770
0.91295069
0.91509765
0.90590388
0.92784411
0.91570234
0.92740464
0.91508538
0.91390550
0.91088021
0.90305573
0.91275299
0.90931541
0.91815794
0.92176729
0.90963918
0.91956717
0.91520482
0.91387779
0.91496682
0.92186809
0.91632926
0.90878701
0.90190047
0.90093035
0.92017835
0.90741885
0.91174585
0.92810422
0.93167269
0.91619295
0.89199996
0.91420197
0.90530187
0.91910392
0.90453094
0.89788872
0.87845278
0.89665163
0.91277534
0.90836924
0.91371506
0.90628272
0.90579087
0.91463900
0.91004217
0.90349901
0.90995634
0.90615934
0.90624154
0.91614664
0.91138899
0.90258318
0.91078627
0.88185233
0.89950335
0.93122500
0.90265566
0.91433382
0.91452324
0.90819585
0.91029716
0.91882890
0.90567893
0.92004502
0.91098946
0.92629844
0.91785491
0.91256452
0.91554075
0.91703886
0.91779625
0.92669588
0.91285890
0.92293859
0.91365957
0.92124778
0.87798017
0.92112702