0.04957702
0.13602328
0.07366452
0.16756977
0.20197786
0.14194524
0.08278056
0.03587342
0.13910197
0.14582568
0.12880759
0.08358900
0.12972596
0.06265973
0.14870907
0.03774937
0.12723720
0.09953585
0.10891178
0.17618804
0.20990026
0.18613142
0.25084656
0.10853185
0.18235563
0.08549251
0.08661740
0.12724139
0.11476865
0.17142941
0.06239741
0.09421753
0.09486569
0.21398325
0.06018557
0.12776929
0.09697647
0.13812827
0.04988918
0.05981234
0.16204931
0.07892078
0.08775966
0.05455226
0.13036519
0.13052081
0.15253364
0.10127416
0.09906329
0.16392441
0.17140810
0.16769880
0.10257579
0.02361521
0.11998354
0.12789893
0.16159008
0.14073373
0.09483832
0.10778813
0.14894736
0.12167072
0.06506190
0.16933914
0.11480414
0.05338443
0.15927684
0.16532843
0.08030602
0.12360217
0.07778277
0.12591040
0.08533668
0.15683801
0.06831682
0.15989475
0.13035217
0.13744907
0.07547262
0.06464212
0.18076541
0.13487354
0.09453701
0.11528128
0.24380307
0.17032662
0.09564039
0.21107893
0.13216351
0.04918152
0.09573013
0.11006505
0.03909416
0.16303462
0.21430923
0.12619521
0.19831569
0.10645375
0.10398590
0.16757466
0.21764131