0.03732009
0.74732512
0.85717028
0.88352811
0.89679986
0.85196733
0.87817556
0.89776093
0.89734292
0.85754675
0.91192907
0.88021541
0.87332094
0.85724396
0.87124962
0.82253438
0.88646501
0.85831064
0.88234550
0.89269632
0.86529678
0.91146988
0.88634795
0.84120417
0.89530164
0.85293245
0.89122313
0.86635202
0.89476812
0.86947501
0.89766288
0.84954476
0.90920609
0.89641207
0.85001647
0.89889425
0.87190133
0.89731902
0.90341157
0.89722705
0.87355179
0.87729335
0.87121636
0.85199350
0.83859628
0.85244399
0.85017920
0.82442021
0.83363515
0.77660936
0.85359854
0.86459565
0.77499551
0.89473403
0.84053510
0.85296464
0.80603182
0.85223198
0.82653475
0.82538831
0.88014585
0.82785231
0.86224985
0.82798171
0.82953888
0.79879361
0.78413033
0.76293260
0.87126315
0.82220024
0.73976952
0.55221730
0.79793906
0.71982145
0.83019507
0.85466027
0.80967546
0.88974059
0.88657349
0.81923950
0.83561915
0.83105105
0.82404047
0.84225410
0.86981690
0.81871355
0.87219572
0.85821450
0.84970605
0.84075379
0.92311186
0.88679349
0.88064253
0.77978861
0.82405692
0.76351815
0.74698687
0.82181877
0.84826505
0.82953864
0.85980409