0.08236460
0.09769660
0.03231065
0.09712894
0.07416163
0.07484826
0.08104311
0.10092273
0.11486147
0.07645154
0.05067451
0.10129244
0.12769598
0.11487091
0.11053406
0.11047368
0.07667156
0.13760522
0.10502434
0.11347464
0.10464235
0.15710799
0.05401291
0.06312735
0.06010240
0.03929473
0.06022185
0.15236023
0.13055882
0.09332018
0.17815115
0.06545115
0.07408608
0.09207876
0.11028524
0.13123730
0.07156435
0.09843113
0.15617211
0.13931502
0.13787295
0.07317018
0.11947809
0.04031529
0.11176694
0.10386154
0.04440608
0.14750178
0.04455652
0.07640050
0.05904638
0.12950213
0.06292727
0.08017672
0.12613672
0.14868471
0.17636472
0.03257507
0.03215216
0.01783386
0.09968641
0.16631392
0.07143439
0.08287372
0.04793839
0.08218942
0.14451590
0.04811557
0.08913624
0.11118402
0.07039125
0.08943341
0.09581764
0.15903398
0.07936824
0.06801036
0.07403662
0.11629810
0.12137376
0.06416552
0.06378524
0.04572015
0.09328860
0.05882645
0.10423412
0.10611498
0.09878156
0.04888725
0.07488015
0.08334833
0.04593774
0.06176888
0.17265210
0.07979975
0.05313911
0.02142920
0.12079004
0.07616485
0.10755986
0.06238319
0.06784191