0.05169185
0.11138584
0.08091065
0.07950575
0.08133861
0.16079043
0.06505356
0.03285697
0.08738655
0.06885040
0.04943592
0.05787886
0.11672395
0.15537517
0.12118310
0.12020781
0.09161986
0.07719877
0.06122129
0.12475992
0.03728801
0.12599376
0.05792943
0.11134519
0.13087410
0.02274305
0.10971254
0.12952930
0.06068535
0.19228323
0.12487660
0.09855004
0.10958022
0.03979487
0.08840401
0.14359687
0.10755286
0.07074892
0.08413837
0.05890913
0.10541926
0.11765192
0.06058367
0.09170666
0.12989268
0.11227114
0.12629475
0.09115324
0.11483964
0.06095319
0.14730558
0.11792818
0.09086269
0.05098516
0.02361059
0.11245815
0.06481165
0.15479207
0.16018717
0.05940156
0.07196599
0.07525493
0.09536187
0.05533220
0.06767448
0.10202687
0.09997047
0.16335067
0.08523685
0.09968948
0.17987482
0.08266765
0.09451874
0.13035937
0.05097814
0.07957979
0.05626632
0.10374997
0.06808284
0.07584247
0.11389032
0.05556181
0.10229350
0.05148972
0.05938426
0.06524263
0.08248273
0.09026963
0.05096123
0.06528516
0.06133353
0.04742412
0.10015768
0.08287436
0.11952803
0.02645236
0.15787178
0.09943216
0.08670224
0.03886248
0.07023627