0.16837636
0.07840437
0.10412730
0.04468135
0.16187817
0.16630597
0.10831073
0.14238362
0.09655860
0.11255922
0.17965366
0.08435532
0.13496378
0.07495730
0.08233824
0.14369084
0.09719863
0.08512094
0.08923833
0.13535485
0.04482956
0.13057318
0.09376723
0.07177856
0.07586243
0.08644175
0.07060365
0.10688332
0.11627353
0.15951963
0.15213764
0.03387633
0.11100946
0.11539738
0.05926091
0.11477439
0.02625608
0.02740165
0.12136362
0.16740941
0.14084888
0.05709810
0.09658947
0.07016759
0.02715430
0.03727295
0.11166559
0.06582043
0.10115341
0.10148910
0.04277741
0.04807726
0.13744970
0.18410894
0.11312383
0.09967122
0.07357159
0.08535897
0.11135036
0.10168617
0.08703499
0.13772613
0.11623275
0.05100890
0.26379558
0.03234069
0.11097815
0.07046206
0.16058445
0.09154458
0.04022714
0.03930525
0.05346242
0.12685528
0.04919401
0.11878067
0.08334831
0.05522696
0.03753631
0.12054127
0.10487182
0.08968408
0.05416609
0.07255356
0.09468108
0.07211278
0.05310391
0.06983911
0.03305138
0.07252077
0.07740679
0.03222769
0.05922040
0.24944410
0.10231242
0.06374976
0.14858563
0.10906407
0.02135798
0.07645172
0.12547836