0.14959984
0.03541182
0.19469745
0.05146490
0.10939591
0.06470502
0.10892842
0.05347820
0.07172504
0.06765462
0.11927877
0.00850626
0.09158964
0.02896674
0.07080588
0.08867520
0.12136578
0.13300304
0.09370957
0.14070743
0.13322510
0.10068396
0.08528726
0.06758276
0.20733982
0.02859477
0.11213537
0.11274484
0.05514448
0.09482424
0.05542719
0.04293792
0.09541918
0.03203155
0.07837373
0.11745044
0.08341417
0.09652856
0.05515788
0.08169886
0.12134995
0.15266918
0.10338590
0.12096664
0.06753006
0.07572377
0.09614021
0.06943605
0.08539096
0.10648414
0.12046096
0.06508289
0.12120961
0.07896598
0.09630041
0.10500447
0.09343191
0.12116220
0.08788648
0.04939037
0.05063573
0.11331596
0.09782159
0.06645011
0.08080991
0.06443186
0.05434314
0.13209467
0.11286855
0.11149067
0.10562041
0.16194321
0.09279390
0.14399771
0.07496797
0.04429429
0.03860324
0.10851666
0.13449565
0.10932639
0.11248170
0.04598088
0.04668276
0.08059635
0.17351091
0.04430142
0.16864184
0.12270930
0.07905252
0.08921651
0.05777415
0.06762867
0.03481158
0.09285560
0.08308639
0.07843352
0.08602218
0.09766801
0.08347234
0.06076486
0.04240202