0.04433002
0.91607648
0.92869782
0.93501014
0.92125624
0.92762983
0.90438110
0.92379683
0.92048806
0.92380697
0.91588998
0.91832823
0.92117333
0.92525172
0.92471534
0.92140108
0.91505951
0.93783450
0.93208957
0.91461861
0.93006426
0.91794264
0.91510165
0.93656409
0.93274379
0.93627912
0.91377330
0.91879839
0.92940736
0.92749548
0.92507440
0.91374242
0.91331542
0.90448976
0.93499893
0.88708693
0.93722236
0.92266899
0.92795146
0.90160286
0.92222941
0.92438257
0.92259818
0.91306323
0.91040093
0.91714936
0.93518746
0.92263150
0.91327280
0.92142594
0.92657167
0.92896539
0.92176574
0.93901789
0.92469287
0.92043054
0.93654585
0.92451662
0.93608773
0.93081176
0.93410212
0.91778952
0.93507582
0.92640007
0.90227371
0.91738909
0.93449670
0.92866546
0.91009223
0.93161911
0.93270820
0.92677462
0.92796743
0.91403091
0.92573255
0.93468779
0.89534378
0.92978477
0.92527044
0.92029482
0.93225932
0.92757225
0.93125826
0.93660593
0.93552625
0.94391608
0.91621679
0.93196106
0.93505156
0.94640660
0.91873580
0.92345977
0.93847430
0.93711591
0.93581372
0.91123700
0.92520273
0.92111284
0.92154658
0.93401319
0.91746783