0.10148849
0.83484894
0.78746939
0.89800298
0.86632460
0.83139849
0.75394934
0.72088593
0.74346703
0.85129166
0.75390846
0.67843664
0.63640761
0.81875730
0.83034402
0.87507254
0.83596581
0.83836329
0.85533965
0.80432403
0.80222487
0.82253039
0.62706327
0.71443903
0.63052517
0.70441699
0.82346457
0.86951017
0.73972845
0.69298661
0.81330931
0.71078026
0.85612297
0.79002702
0.80527002
0.80719459
0.79409289
0.71011269
0.81063461
0.77630341
0.79475623
0.79993320
0.78553790
0.86512190
0.78866839
0.86385381
0.86320132
0.82977080
0.78975725
0.75649345
0.67580938
0.82357353
0.74320328
0.81733346
0.74183255
0.81565827
0.89792281
0.89024425
0.82378232
0.86263925
0.82120413
0.83777338
0.88307732
0.90109164
0.89934325
0.87765348
0.91126305
0.89585221
0.85977346
0.89498800
0.84510386
0.85794914
0.84456271
0.89794916
0.78809828
0.80681121
0.76253641
0.84277719
0.87125039
0.85311979
0.88031906
0.79616791
0.79487419
0.83041024
0.86605191
0.80362427
0.81271178
0.73938674
0.82247657
0.72006017
0.67482859
0.81927019
0.84491783
0.90373993
0.88988280
0.66748106
0.74204201
0.87010837
0.80749667
0.83360130
0.79760092