0.06924482
0.10366214
0.07017653
0.12010237
0.02630007
0.07991410
0.07291830
0.08274178
0.08466287
0.07347619
0.10066169
0.09745992
0.06447047
0.11653148
0.12978394
0.11492624
0.06737619
0.12876593
0.04632093
0.04613101
0.06685121
0.06057416
0.09882504
0.08748273
0.11426375
0.14127587
0.07923198
0.20568918
0.12704074
0.08701549
0.13182247
0.04602611
0.08497138
0.03816621
0.11104696
0.15431121
0.07358686
0.08198435
0.16300386
0.16665316
0.09840060
0.12173969
0.06155914
0.13909513
0.05464805
0.19048943
0.10752250
0.23261771
0.04172517
0.06500910
0.18548046
0.13808340
0.08486523
0.13129093
0.11551723
0.09073520
0.07877532
0.09060501
0.03414279
0.07858428
0.09569688
0.13254157
0.09832389
0.06021496
0.01217194
0.17678456
0.05282402
0.08642466
0.07341698
0.10856091
0.11482831
0.17341107
0.04437656
0.07680254
0.12914957
0.07356875
0.11980340
0.08051109
0.04591445
0.08376949
0.11353775
0.14760935
0.10335766
0.07406437
0.06241911
0.10717719
0.05729916
0.11288994
0.09597526
0.12479421
0.07055815
0.19187245
0.06466433
0.15630442
0.07819650
0.09011236
0.14973365
0.12512340
0.11121971
0.08445690
0.04576571