0.05169185
0.31334689
0.68535477
0.65147901
0.50759047
0.41050988
0.55857515
0.54915053
0.67652982
0.68044221
0.58219868
0.71110135
0.57748526
0.46295053
0.42749104
0.57588232
0.48425448
0.48181805
0.55193043
0.40637860
0.54031068
0.71638626
0.75232387
0.79511482
0.76548284
0.79846823
0.76069033
0.73960882
0.83965743
0.70915824
0.66843277
0.77375007
0.52751297
0.73869073
0.83345705
0.60813051
0.60022044
0.57868135
0.60415685
0.60875422
0.52459961
0.59260118
0.63066924
0.53954345
0.47848481
0.65512812
0.66783220
0.78314561
0.78913999
0.86865729
0.77334958
0.78001714
0.75933754
0.71340334
0.79686183
0.75171173
0.75313514
0.78297746
0.72913516
0.38638699
0.57537591
0.71273077
0.72964036
0.69776952
0.64009017
0.66502494
0.52395010
0.48339844
0.68026805
0.67543066
0.72965020
0.69553024
0.32149860
0.54204673
0.47484162
0.72806954
0.67867368
0.66931540
0.69598842
0.69018036
0.58578652
0.71254164
0.58827645
0.67828864
0.68035561
0.72106498
0.63122469
0.54549062
0.48838031
0.49954826
0.42207763
0.65341598
0.53497243
0.28216752
0.50143343
0.46721756
0.60124314
0.55643046
0.69570082
0.72459215
0.60395771