0.09090188
0.90860975
0.92574847
0.91597795
0.91582704
0.92925310
0.89988333
0.94041216
0.93468702
0.94413298
0.93517309
0.94125062
0.92675036
0.95079964
0.94769746
0.91483516
0.95007461
0.92969477
0.90572762
0.94358724
0.94960099
0.93956482
0.95118093
0.94085574
0.95578146
0.94890141
0.96345621
0.96030015
0.96072543
0.96504694
0.93329626
0.95527697
0.96283793
0.95105058
0.95353925
0.94885504
0.93124467
0.94833487
0.96444327
0.94139010
0.90226853
0.94914240
0.95268446
0.85423899
0.93126315
0.92569232
0.93133354
0.93779749
0.94006455
0.95198542
0.94979894
0.92435461
0.94272918
0.95754379
0.94977862
0.96292341
0.90727216
0.94942874
0.95101857
0.93497115
0.90835184
0.95216101
0.94593728
0.96228331
0.96377271
0.91407198
0.89233077
0.92224342
0.91147393
0.93601662
0.92461115
0.89088988
0.91605073
0.93048304
0.94187349
0.91740370
0.93853462
0.93677473
0.92160547
0.92455339
0.89205110
0.90626681
0.93942374
0.90560645
0.93190145
0.92915499
0.90096492
0.89564019
0.93236727
0.93075889
0.92197263
0.93376207
0.93134528
0.89549291
0.92860657
0.92913061
0.89173120
0.91546994
0.92478812
0.91728365
0.87434608