0.11512381
0.02635973
0.18808404
0.07273925
0.06690717
0.10563405
0.08906096
0.07907763
0.09731538
0.09395909
0.08188153
0.13998979
0.07553551
0.10627426
0.07244518
0.04440241
0.17002726
0.05555256
0.12679292
0.11981282
0.14194688
0.13492781
0.07524012
0.09400521
0.04402499
0.09329942
0.02923813
0.10662627
0.05281508
0.04531532
0.07484684
0.08634861
0.04692412
0.20130442
0.05227630
0.07489943
0.10667423
0.09401477
0.10725073
0.10447866
0.03439353
0.12089423
0.17452109
0.09216931
0.18500668
0.16341414
0.13623846
0.02699240
0.07053163
0.02553912
0.15600042
0.04871513
0.14784762
0.08655238
0.07628588
0.09803018
0.17147370
0.06033705
0.13874069
0.16722275
0.06779981
0.17236504
0.13363437
0.02600328
0.06617589
0.04498824
0.06372366
0.05650381
0.03699953
0.11601876
0.08260912
0.09912739
0.10862233
0.05682959
0.08913179
0.19598724
0.11455046
0.07838219
0.11410242
0.14193028
0.06820152
0.11991678
0.08022980
0.04357832
0.07689037
0.15192799
0.08034461
0.11018114
0.04784079
0.13074277
0.09493957
0.06415795
0.06685078
0.07757332
0.09345336
0.07207487
0.24002735
0.09889752
0.08773133
0.05499301
0.09575885