0.14536166
0.75324553
0.83222139
0.77584541
0.84073621
0.77124357
0.85949218
0.84498268
0.74985296
0.88326418
0.85657799
0.86809266
0.83991224
0.81955886
0.85281390
0.78118759
0.83450264
0.74642718
0.84177816
0.79477519
0.82288176
0.82163590
0.81733179
0.80633974
0.76374698
0.82978839
0.76284099
0.78608304
0.81024796
0.70644206
0.77943158
0.79938704
0.84246427
0.86444455
0.83742028
0.80188918
0.80840945
0.76389259
0.85296762
0.78447080
0.75888121
0.74533319
0.73627019
0.85588056
0.72187173
0.86479956
0.84862441
0.88298070
0.79342657
0.78032035
0.82458937
0.81660604
0.80773580
0.71744728
0.85492593
0.81825137
0.83552462
0.81309259
0.86038148
0.73310447
0.85738218
0.77848494
0.81896263
0.79182762
0.77896905
0.67991167
0.76944155
0.84204555
0.79085821
0.84694284
0.66896957
0.52371824
0.82274389
0.80200732
0.85845673
0.83306885
0.79388952
0.73633009
0.60949570
0.65225959
0.85566813
0.80125880
0.81957895
0.79962218
0.82115889
0.67163050
0.72367269
0.77931654
0.72775376
0.87030447
0.82511085
0.86819023
0.82208389
0.78121513
0.64879823
0.74105418
0.62726545
0.68038362
0.80852324
0.74628389
0.75181890