0.05446990
0.16681619
0.17658123
0.05066112
0.08171283
0.02579716
0.09805014
0.15614773
0.15589143
0.14584154
0.13249284
0.23033147
0.11785050
0.11197326
0.10966071
0.06523138
0.17266841
0.14819013
0.19285868
0.09920614
0.06964023
0.08496127
0.05188848
0.12683512
0.08037806
0.08638293
0.13639095
0.18971033
0.05492176
0.08785165
0.09049957
0.13184452
0.25750142
0.07788831
0.14118724
0.13250138
0.23910531
0.09816675
0.09788438
0.02839515
0.11326668
0.07487758
0.17377549
0.09269357
0.17483738
0.12487467
0.08259575
0.12307353
0.10823290
0.18505172
0.22449426
0.13111733
0.11659570
0.13769312
0.11194767
0.15664820
0.13162845
0.13932371
0.04630738
0.08240897
0.03932441
0.08321390
0.16295357
0.07280466
0.08575556
0.17429827
0.14750285
0.11458226
0.09798346
0.18081933
0.11712487
0.17696835
0.07269539
0.16560535
0.12646993
0.12458884
0.19226640
0.05710391
0.11818514
0.06658857
0.09045696
0.15466113
0.19347148
0.11046574
0.16396847
0.19983517
0.13135895
0.11452235
0.03842769
0.16128361
0.05728162
0.00970017
0.09192168
0.16255470
0.13088526
0.03958999
0.10774253
0.10661277
0.10193127
0.10753223
0.13482215