0.09090188
0.13472657
0.07172483
0.11789761
0.04173397
0.11035105
0.11243985
0.10312638
0.05166930
0.15081577
0.09665409
0.20330590
0.04927826
0.12986763
0.12597457
0.05390879
0.08589944
0.07257076
0.08178961
0.10260633
0.11022557
0.12164837
0.07725740
0.08002198
0.14079519
0.11725537
0.06734900
0.10959540
0.10325460
0.06184280
0.10432942
0.10649998
0.11266854
0.12029584
0.11268916
0.14513095
0.04372293
0.13755554
0.16679429
0.03871686
0.07433259
0.05556529
0.08241037
0.06194654
0.06956865
0.01539968
0.05957524
0.07170651
0.06277167
0.08368623
0.07026520
0.11762223
0.08913569
0.04711264
0.09795938
0.08460739
0.04512390
0.07388238
0.06940848
0.14978850
0.09114125
0.09513486
0.11538150
0.08034129
0.11158186
0.16789268
0.11842671
0.11627002
0.10813726
0.13707286
0.02493826
0.12574154
0.17692798
0.08146688
0.12860484
0.07676700
0.16743429
0.10778873
0.15617311
0.06655315
0.17755079
0.05005166
0.06962398
0.02971526
0.07057332
0.04413664
0.12133255
0.05151443
0.08457936
0.10710481
0.05408755
0.05752409
0.14544797
0.03748462
0.08956753
0.09704883
0.02812948
0.11904762
0.07831866
0.12287319
0.10609762