0.14954217
0.05660303
0.04973189
0.09994458
0.09493583
0.05924810
0.03028416
0.07190819
0.12975748
0.18656452
0.06653191
0.10164972
0.12461213
0.10055458
0.06430806
0.12667559
0.08984173
0.15591320
0.04781002
0.08065362
0.10145818
0.08356838
0.14819409
0.15057780
0.06766356
0.15897164
0.18689041
0.06231223
0.21231522
0.10537212
0.18686841
0.14667872
0.09189616
0.08504698
0.27650186
0.16018166
0.09153559
0.10053236
0.09837283
0.15474966
0.13166963
0.08117831
0.17255428
0.24074693
0.20290546
0.06966793
0.17644571
0.20681165
0.06980445
0.10148440
0.19408959
0.12695928
0.12738675
0.13202077
0.04821302
0.05497520
0.08386365
0.06029054
0.08709098
0.05190222
0.15410636
0.11599009
0.12868215
0.08502966
0.08521832
0.11535097
0.14704719
0.14526765
0.09184340
0.05054690
0.14911072
0.06060176
0.10721445
0.15052556
0.15821284
0.11142718
0.12332544
0.17293884
0.16212875
0.17072877
0.07979498
0.07755292
0.07410608
0.11205611
0.06406134
0.06465821
0.11193080
0.15427455
0.06911901
0.10185394
0.15045708
0.12114385
0.07768159
0.14559528
0.11217234
0.24226622
0.25871286
0.13351266
0.09183511
0.16876113
0.05534247