0.08586100
0.05661597
0.15326163
0.27636790
0.34593061
0.28175542
0.39793137
0.39591545
0.35032603
0.35832608
0.36036465
0.29490149
0.17083919
0.24934393
0.07295098
0.13607278
0.22938292
0.29663599
0.42025951
0.34303445
0.14851324
0.07667076
0.23764773
0.17106600
0.05168245
0.17811655
0.16438475
0.24745953
0.24743909
0.15494490
0.12092339
0.07721416
0.14226869
0.09342673
0.20650150
0.20759508
0.10305145
0.17244841
0.08328930
0.16097288
0.25433475
0.14391445
0.08672400
0.20811620
0.22948353
0.30265608
0.13606928
0.18550001
0.28511217
0.31177607
0.28341582
0.27212596
0.33405930
0.13951251
0.18667406
0.23677163
0.29193532
0.38448277
0.18864626
0.17983523
0.10491263
0.16737331
0.19013801
0.24811804
0.32444173
0.38906375
0.33588910
0.30338871
0.26239771
0.30956972
0.11954358
0.09688688
0.14657061
0.09984796
0.24325901
0.20791325
0.25432467
0.31176293
0.06563422
0.28030175
0.16181177
0.16121127
0.14403777
0.16212741
0.29784426
0.34222847
0.21957451
0.26395869
0.27105561
0.36753535
0.18176313
0.26046374
0.20399305
0.26264584
0.26648852
0.30928543
0.16072203
0.34572777
0.26405117
0.21239723
0.19035828