0.07450834
0.14008164
0.16002268
0.18048768
0.23698525
0.26293129
0.17762986
0.19808488
0.10860519
0.10340962
0.10034776
0.09174091
0.17694193
0.09754504
0.11611473
0.12626112
0.07522951
0.22358570
0.28738582
0.15560989
0.13218582
0.15501773
0.18927218
0.10704521
0.24514191
0.19096786
0.16890457
0.19469601
0.13273540
0.08747827
0.08196691
0.22068852
0.09233319
0.18389450
0.21151863
0.25763085
0.14432608
0.08125509
0.15450622
0.13321914
0.33252135
0.28911340
0.11310237
0.12370015
0.05351023
0.12534773
0.27704704
0.18386206
0.20283173
0.03512389
0.22968407
0.10413790
0.10620455
0.24890438
0.09006380
0.12825504
0.22716860
0.09077865
0.20525266
0.13243142
0.17720051
0.12138250
0.14927916
0.09421522
0.01071878
0.14880116
0.17671525
0.10607109
0.08818639
0.18227698
0.08172578
0.18404292
0.10325033
0.20082605
0.13771226
0.10971512
0.25924271
0.17860417
0.19218493
0.20035779
0.17339092
0.26171637
0.06179830
0.14369212
0.23289837
0.18470660
0.09190393
0.28046605
0.21058935
0.18265964
0.08196476
0.07692585
0.14985815
0.25613979
0.14871678
0.09493076
0.19413467
0.16878553
0.07028703
0.15269256
0.19515581