0.06375539
0.46742862
0.82499945
0.84384567
0.80334401
0.86841828
0.85330462
0.81245857
0.87861961
0.85808682
0.85028875
0.78679037
0.79696155
0.69404954
0.68149924
0.77830535
0.74216956
0.70112479
0.66685241
0.68758965
0.76096326
0.82198858
0.84397674
0.85050601
0.84159958
0.77554011
0.88369012
0.86074799
0.84456605
0.77438474
0.78005195
0.77804422
0.79330146
0.86035097
0.83028519
0.88486880
0.87457258
0.86465204
0.88277084
0.78679955
0.86842513
0.81850123
0.83706969
0.82819140
0.79316068
0.82697916
0.74181193
0.81075948
0.80462438
0.65845078
0.71617448
0.79387575
0.82289332
0.83957899
0.78477007
0.73424292
0.81908983
0.67774957
0.72564489
0.66724116
0.74932945
0.86206853
0.88500285
0.85794932
0.80982351
0.84254509
0.74777657
0.82734406
0.88443136
0.83324015
0.84693801
0.83743471
0.82060814
0.83569092
0.85495710
0.85658455
0.81856763
0.85360265
0.82461351
0.89995056
0.86185235
0.89256483
0.82344455
0.84469736
0.88601321
0.88672441
0.90588737
0.90656507
0.84180433
0.82016176
0.75668871
0.70204508
0.75498319
0.78517783
0.75582826
0.76276726
0.67280668
0.74745786
0.87018526
0.87589055
0.82324809