0.06884555
0.09425542
0.20711280
0.20148152
0.19592798
0.20145015
0.26338118
0.16814831
0.15696140
0.11519371
0.13507479
0.19533858
0.30352440
0.17941698
0.29533979
0.16062857
0.13003893
0.14556915
0.10761638
0.37742850
0.29058421
0.27443111
0.18367738
0.24872161
0.25332221
0.08138310
0.14118885
0.14319785
0.20688342
0.05680216
0.06696250
0.08778629
0.30099013
0.07941824
0.30784351
0.24046440
0.26527706
0.32033086
0.07114205
0.24506173
0.14747213
0.13421442
0.13679582
0.25436026
0.33124804
0.16597469
0.27811566
0.26006776
0.30870351
0.12984420
0.12487377
0.15749456
0.29519191
0.42926601
0.23453687
0.39863515
0.33869836
0.19981392
0.23420087
0.36594769
0.15543500
0.21334888
0.19687559
0.20091572
0.20872231
0.21179730
0.24803160
0.10881823
0.32192370
0.11316089
0.17654973
0.34788525
0.28103256
0.32416743
0.21818992
0.13177159
0.17992176
0.25476030
0.27600700
0.46070641
0.31073526
0.28029028
0.30922788
0.11954293
0.22442946
0.29373443
0.16176121
0.12931918
0.08561163
0.13446829
0.18641983
0.23871638
0.15842301
0.26310840
0.27870071
0.17067808
0.19080068
0.34687793
0.31238762
0.30360880
0.22845826