0.11950095
0.12077107
0.12590410
0.08656644
0.18990245
0.09858019
0.16997372
0.10372556
0.10079427
0.05541423
0.07764095
0.08039685
0.06846245
0.16633707
0.15697910
0.18660775
0.07321554
0.17499299
0.12707917
0.20744112
0.14416033
0.23649207
0.13005814
0.11847487
0.10886798
0.12514704
0.20805223
0.34507161
0.10372002
0.18201563
0.18783958
0.24270210
0.19401194
0.16054751
0.17552504
0.09750864
0.11204378
0.13217723
0.30553731
0.05845406
0.19978900
0.15108088
0.24024418
0.14668535
0.22150463
0.22842592
0.12828848
0.06216109
0.11834374
0.06281704
0.20920593
0.05346797
0.09714869
0.27556831
0.14842148
0.32942745
0.09839732
0.13499224
0.16160719
0.12463959
0.05920003
0.07129486
0.14331247
0.17494725
0.13419971
0.09287290
0.04672940
0.25667495
0.16017622
0.12228793
0.20309305
0.07904203
0.07656559
0.08849773
0.15370126
0.19921255
0.13938537
0.24236895
0.06947041
0.17291810
0.17556642
0.23484290
0.21237685
0.17799526
0.13709591
0.12889443
0.08008786
0.13425086
0.24324907
0.15238710
0.09154886
0.16571274
0.20322889
0.09335455
0.11288337
0.15831587
0.15808354
0.24408275
0.12503478
0.12380485
0.20293251