0.11078583
0.12802885
0.05127895
0.12885869
0.12102917
0.05872551
0.12513401
0.12091150
0.02435801
0.11987100
0.06146859
0.09605346
0.14648579
0.06992450
0.10689626
0.03412117
0.11129928
0.07395833
0.09730523
0.07846722
0.05377643
0.09102941
0.16158657
0.18305892
0.10350528
0.08112517
0.06428396
0.07465415
0.05916768
0.05545317
0.07942652
0.13496991
0.12735169
0.04822125
0.09835314
0.04946541
0.03983563
0.04013133
0.10188249
0.03884453
0.05656804
0.11159199
0.16211884
0.07084695
0.09363927
0.22070724
0.09585828
0.08552940
0.07028937
0.07632427
0.05109307
0.08427754
0.11011144
0.10062021
0.07860416
0.15159422
0.08825345
0.07887053
0.12344758
0.13993299
0.07393266
0.11021890
0.13884664
0.08196419
0.07406059
0.08966886
0.08874515
0.09168852
0.12128394
0.13443060
0.09797697
0.10630529
0.10825920
0.14860719
0.08589503
0.02595790
0.14714310
0.11504600
0.03731646
0.08834323
0.03332051
0.08015946
0.09316389
0.16419007
0.15094618
0.14586529
0.10178808
0.11333023
0.07425136
0.06507496
0.06406942
0.04502558
0.12281494
0.12889424
0.14660171
0.09678584
0.05576047
0.10722475
0.07847802
0.07424965
0.05090969