0.04015391
0.18104075
0.09145189
0.13947910
0.10897670
0.04107848
0.26051098
0.09679209
0.14628898
0.11204544
0.15637176
0.11073354
0.06722952
0.13920783
0.07145962
0.10672972
0.17032842
0.16835323
0.10117652
0.06813274
0.18643229
0.17516662
0.13860711
0.16155018
0.16742940
0.17935669
0.18266541
0.08854654
0.15779722
0.00862701
0.09738248
0.12297463
0.16070141
0.09919589
0.03047867
0.10769735
0.13299966
0.11299207
0.12931874
0.13994958
0.07125990
0.11959833
0.16968952
0.09239563
0.06838772
0.17479970
0.08148131
0.18940580
0.24860013
0.07163267
0.13622652
0.12238149
0.10296628
0.13405192
0.23956795
0.18149644
0.17974587
0.06920090
0.18985958
0.16729926
0.13814415
0.18101220
0.04472430
0.09490140
0.12874170
0.10315453
0.05533272
0.03395416
0.06166436
0.04421778
0.11588471
0.21597759
0.17320046
0.08540068
0.12571350
0.03978718
0.13419896
0.18062243
0.03416602
0.20738195
0.18394749
0.26409301
0.15003479
0.11959510
0.18129493
0.18635401
0.16819899
0.09227682
0.07703722
0.11788183
0.18358481
0.14691757
0.14838269
0.17452532
0.12780872
0.24531329
0.07774350
0.21639663
0.15289485
0.04753179
0.06545533