0.18653215
0.08143462
0.09057283
0.12538259
0.11752163
0.13476521
0.07992215
0.05804688
0.17643104
0.07136507
0.12439950
0.07677970
0.15963651
0.13944951
0.11022279
0.08014107
0.08585778
0.10514347
0.05943452
0.18008327
0.13508125
0.14679818
0.07219961
0.11560586
0.07632116
0.02793609
0.08932686
0.10000840
0.04797058
0.02050145
0.07002590
0.08110614
0.17396218
0.10212858
0.10761137
0.08224364
0.12280730
0.12741731
0.14171363
0.09889371
0.08799474
0.00683068
0.09866179
0.06854305
0.05663405
0.15698782
0.04197759
0.11494711
0.07742965
0.14085123
0.08520458
0.15423064
0.10494194
0.06419698
0.13544108
0.08249428
0.08815904
0.08818843
0.13426189
0.08173824
0.12646402
0.03858140
0.05359350
0.10353525
0.16993107
0.13278095
0.04427989
0.11644162
0.03551056
0.14186057
0.11316869
0.07895985
0.05241396
0.08560173
0.12320849
0.07627545
0.10066453
0.06063205
0.07028444
0.10873467
0.16467074
0.09205672
0.12596865
0.14427078
0.05153458
0.12395900
0.09369129
0.05000227
0.12437278
0.02552799
0.10017712
0.08494414
0.01939270
0.10156927
0.05106302
0.06236562
0.09184346
0.12714106
0.05925676
0.05719198
0.08582647