0.11598152
0.29867110
0.13220154
0.16313554
0.14762931
0.09026298
0.02987355
0.12587123
0.13659830
0.15238960
0.12867700
0.17911930
0.12719847
0.06570462
0.13396651
0.18320578
0.15891419
0.06613655
0.17278057
0.15890551
0.16246299
0.09211248
0.11687956
0.03808500
0.10265885
0.21559076
0.12492082
0.13011366
0.20215465
0.08244630
0.20293665
0.17347170
0.15259987
0.23763461
0.24051367
0.13975811
0.10552625
0.20719796
0.11322872
0.15603605
0.06545164
0.11203084
0.03787095
0.11751021
0.13383494
0.09341593
0.18812267
0.13201085
0.05777888
0.20070258
0.17241649
0.08273180
0.08158401
0.12503672
0.09684017
0.19040062
0.08067649
0.17731839
0.11098778
0.07591589
0.20961219
0.14956832
0.07745101
0.07632238
0.07946663
0.19541168
0.18346168
0.05968335
0.09129867
0.12313519
0.16987821
0.20108299
0.15041824
0.07676997
0.11743894
0.11748150
0.05937557
0.09678493
0.16005416
0.21037006
0.07096908
0.11124007
0.18668835
0.09598184
0.21589690
0.26090422
0.10642191
0.07997692
0.14419942
0.05307291
0.12091919
0.14352407
0.08547954
0.14765291
0.17781626
0.11601935
0.10621732
0.10384928
0.04432724
0.07495818
0.05868594