0.14959984
0.03440960
0.12939183
0.07592029
0.05538392
0.06086806
0.07259712
0.05281300
0.12102077
0.06838524
0.07009216
0.12582484
0.10242785
0.10948335
0.07128128
0.03005498
0.03331156
0.09690689
0.03830856
0.02696035
0.10413317
0.03976632
0.16158125
0.07878859
0.08271694
0.07486785
0.02648027
0.10408763
0.12898012
0.12111987
0.13524093
0.09589123
0.11057628
0.12667795
0.09348294
0.06539789
0.05752097
0.15318076
0.11219927
0.07774488
0.07321323
0.13753407
0.11576158
0.06847224
0.12110553
0.09768926
0.08265965
0.05948821
0.06978678
0.07548869
0.09325784
0.07240005
0.08412773
0.05380471
0.03469799
0.15062141
0.19516806
0.05599875
0.08928476
0.10113534
0.10643493
0.07775520
0.17238767
0.05891014
0.18631092
0.07128718
0.16239877
0.04981218
0.18360160
0.07227109
0.11987488
0.03766617
0.10592471
0.14156203
0.03628629
0.10570608
0.07434696
0.08047772
0.04904142
0.05571861
0.14146124
0.04813616
0.06977286
0.08950882
0.10171118
0.16247952
0.18747450
0.06242073
0.07427444
0.05191336
0.11321173
0.03491117
0.03521794
0.15681480
0.06767517
0.04666890
0.08836195
0.05486040
0.03791594
0.05439306
0.16190000