0.13413607
0.94581056
0.92969912
0.92996788
0.94410098
0.95496523
0.95272738
0.94412005
0.94252074
0.92769778
0.93022650
0.95831460
0.95241219
0.95762902
0.93397117
0.94220740
0.95593268
0.95148790
0.96437669
0.95036948
0.92017519
0.93710083
0.93292707
0.93753785
0.94302469
0.93169862
0.88921708
0.90510446
0.91755873
0.90459520
0.89040571
0.94521159
0.92921972
0.91215444
0.94303584
0.94961458
0.91761136
0.95162129
0.91552824
0.93549711
0.91826445
0.94456899
0.93470526
0.94641137
0.92326266
0.91739333
0.92281616
0.94981110
0.91984785
0.95023543
0.94573992
0.94755548
0.92205322
0.92251676
0.92668605
0.93676531
0.94092143
0.93237442
0.92128736
0.92159224
0.94759768
0.91859663
0.93670577
0.93746817
0.92169791
0.92749953
0.93630272
0.90168059
0.93783951
0.96063733
0.94544297
0.94518638
0.92460418
0.92468214
0.91909355
0.92811531
0.91840857
0.90843982
0.92020476
0.95031387
0.92134750
0.93234748
0.93032980
0.95336771
0.93965906
0.94054896
0.93024772
0.93429619
0.94407630
0.93758219
0.90475792
0.91875052
0.90253139
0.92946953
0.94928771
0.93452859
0.93313164
0.95847344
0.94449890
0.95300925
0.94583327