0.05636942
0.91472346
0.89127177
0.91660529
0.93123811
0.91783410
0.91336435
0.90691620
0.91516745
0.93004555
0.91408873
0.93079078
0.92134941
0.91274881
0.93965948
0.92186528
0.93428171
0.92092478
0.92482179
0.93094254
0.92651719
0.93385726
0.92500108
0.90938866
0.91237891
0.93049276
0.91440332
0.91974390
0.92064756
0.91183001
0.93535215
0.93427354
0.91253722
0.91405028
0.93166649
0.93963641
0.92984736
0.89772177
0.91666627
0.92725271
0.90099370
0.92993462
0.90659422
0.91229445
0.92518991
0.83042717
0.91050112
0.91894203
0.91775697
0.91928983
0.92790556
0.94026381
0.91556853
0.93690139
0.93573785
0.91281396
0.93483353
0.93716121
0.90468115
0.91349250
0.92407060
0.93731219
0.90782869
0.91772783
0.90062362
0.90099162
0.92218608
0.91037840
0.92034030
0.91716558
0.93312293
0.91631228
0.91530275
0.92420715
0.92203069
0.93663806
0.92647606
0.92039192
0.92041963
0.91757888
0.92219436
0.94023293
0.94755548
0.88838959
0.90806144
0.92206192
0.91997743
0.91270125
0.92636871
0.93350488
0.91350710
0.93413359
0.91430402
0.90730530
0.92860872
0.92203170
0.90183473
0.91772670
0.92720878
0.92121810
0.91980308