0.09753011
0.86400819
0.89017099
0.89873773
0.86329436
0.89221156
0.87760526
0.86822259
0.85576302
0.87047368
0.88400656
0.87090945
0.88759720
0.86712915
0.87482077
0.89635158
0.87931478
0.90867281
0.91197795
0.90667021
0.90423602
0.91637141
0.92698318
0.92561728
0.90149343
0.88969940
0.89306808
0.89359647
0.91023451
0.92069471
0.89718401
0.89429110
0.89366168
0.90933871
0.87234098
0.89657813
0.88606399
0.88171220
0.91474497
0.90621674
0.90623605
0.89839876
0.86762971
0.90843642
0.90368903
0.86985856
0.89312768
0.90682012
0.85455865
0.76200724
0.83222425
0.81125522
0.91220891
0.86855149
0.86149818
0.91039568
0.86369848
0.92489082
0.91047806
0.89979196
0.90251577
0.90052301
0.88157934
0.89922857
0.88110870
0.89140719
0.88836390
0.89452726
0.91584265
0.81253463
0.89620262
0.91631210
0.88918185
0.90716660
0.91447943
0.90427375
0.76229119
0.75061762
0.80987477
0.75963897
0.81021637
0.86518997
0.81145996
0.76116586
0.86842942
0.84209871
0.88293481
0.78955913
0.88034457
0.86004221
0.90010315
0.82282662
0.69447213
0.91539329
0.77386320
0.91955358
0.79653883
0.78746039
0.78753859
0.86019212
0.82305956