0.10303149
0.15690725
0.19593920
0.12922348
0.10077581
0.13812433
0.09284273
0.08897441
0.15100287
0.05721258
0.07474124
0.17248835
0.09764998
0.12923695
0.13422412
0.07628106
0.09974060
0.01949828
0.12108112
0.05122673
0.09675670
0.07750066
0.13231017
0.10210035
0.07278022
0.09249036
0.06776097
0.10759109
0.10775683
0.06275453
0.14883104
0.23738793
0.10216736
0.14241868
0.16438206
0.11398480
0.14763716
0.04651234
0.11119008
0.09324010
0.09666350
0.15954961
0.10044288
0.06164852
0.17792110
0.10214560
0.08961154
0.08047719
0.15796332
0.06636715
0.08490417
0.07293954
0.04885767
0.08943640
0.09937391
0.10451120
0.07222575
0.04748206
0.17950732
0.17304944
0.16139507
0.11585717
0.10655984
0.03263896
0.10130481
0.11904179
0.08625789
0.11924191
0.09289066
0.10709682
0.09257613
0.16833831
0.16666824
0.08334321
0.15965818
0.09255149
0.06042884
0.20553066
0.12979965
0.03207543
0.10433405
0.17779559
0.05885334
0.01186720
0.15973741
0.09920640
0.19612893
0.17216326
0.19852686
0.08484314
0.08159252
0.09834376
0.15554392
0.11441743
0.11400941
0.14819786
0.08563688
0.16228828
0.20761955
0.16799988
0.13691379