0.06360167
0.13546628
0.02809525
0.09347966
0.10519599
0.05750711
0.13486917
0.06557567
0.02565486
0.05751238
0.12996736
0.07365382
0.16683376
0.07201220
0.11355617
0.07251225
0.07078495
0.10453620
0.08745608
0.04489336
0.07449977
0.13428043
0.12445419
0.10794749
0.07662714
0.04861799
0.10454230
0.15747711
0.09534115
0.14082360
0.02920067
0.07723823
0.06844154
0.08277767
0.12060532
0.07144113
0.04244742
0.02218420
0.08617911
0.10533413
0.07031753
0.06806108
0.09475821
0.13555735
0.08158323
0.08264014
0.04870311
0.04007012
0.10395192
0.09794619
0.05298529
0.10091731
0.12551180
0.07705713
0.05425716
0.06059930
0.10661262
0.06916063
0.13938232
0.10859871
0.03910055
0.04127657
0.10010433
0.14667420
0.03235686
0.12473154
0.13109329
0.01516734
0.10565761
0.11681466
0.06649670
0.09940328
0.07969196
0.04264542
0.06797521
0.04905002
0.09175518
0.11884736
0.08336987
0.04964659
0.15939541
0.05942455
0.04786561
0.04202572
0.13691618
0.09722198
0.08151372
0.06976581
0.07884230
0.09760111
0.05034247
0.08683643
0.10151083
0.08542058
0.19847469
0.09768262
0.14365159
0.05813022
0.07739950
0.10068486
0.12814373