0.13204351
0.91420799
0.92929214
0.90155655
0.93871397
0.92999047
0.91431355
0.92530257
0.93041337
0.93517935
0.92817479
0.91447812
0.91540438
0.92529154
0.90645301
0.93100977
0.91089231
0.92254341
0.93573439
0.90791297
0.93870646
0.92268854
0.90082854
0.93256277
0.91441774
0.88040251
0.90760195
0.91270548
0.91610599
0.91357839
0.91036040
0.90743327
0.91874540
0.90661508
0.92836779
0.89851815
0.93006301
0.92006910
0.92341697
0.91114974
0.92271405
0.90488744
0.89497918
0.90616745
0.94179368
0.93518329
0.91128695
0.92625016
0.91867632
0.93085742
0.93751311
0.91755354
0.92831206
0.94134122
0.93079215
0.91734070
0.90849519
0.93835306
0.93906885
0.89903480
0.92780417
0.93961024
0.92684293
0.91920507
0.91327441
0.90839219
0.86503881
0.92219752
0.90480745
0.93527585
0.94201225
0.94260907
0.90557313
0.92000002
0.92316198
0.92321587
0.91655517
0.90728468
0.90693909
0.91960937
0.92094439
0.88070929
0.90131730
0.92194974
0.91809464
0.89253241
0.92275071
0.89625847
0.92486465
0.91667485
0.91911435
0.90812653
0.91069770
0.91513193
0.91301745
0.92652845
0.91685265
0.92698228
0.89423484
0.90078443
0.91640592