0.07852264
0.03483247
0.11464547
0.17251649
0.11323586
0.10369921
0.03912961
0.06145646
0.11940981
0.05771887
0.08834100
0.09594610
0.14152102
0.10313031
0.04783117
0.14647438
0.06399694
0.07938991
0.07057282
0.08064618
0.14679793
0.18999057
0.14607589
0.10070621
0.04881378
0.10707122
0.06231124
0.09682866
0.10588554
0.04698901
0.08804947
0.08468709
0.12163112
0.09086596
0.06212728
0.09473239
0.01828756
0.09501034
0.08893183
0.05404076
0.06129937
0.13691860
0.06077578
0.08410310
0.05834721
0.03801915
0.25746500
0.07416842
0.07924261
0.05896041
0.07633316
0.09690154
0.10451863
0.15010931
0.13356328
0.04280335
0.18764769
0.07510886
0.04832107
0.08396871
0.15000725
0.07270872
0.08638903
0.12192913
0.18484081
0.06330534
0.23857589
0.19926028
0.07144186
0.15792181
0.04325741
0.12106533
0.06521207
0.14755674
0.10649096
0.05469036
0.17074263
0.05727156
0.12923695
0.12193303
0.13652824
0.13277768
0.03465094
0.13225168
0.02639994
0.03415674
0.10366592
0.02449942
0.18417098
0.16655917
0.13273092
0.08300683
0.05038951
0.01696405
0.11473256
0.04299957
0.06632020
0.06966142
0.05022323
0.06601274
0.07151961