0.05169185
0.12599836
0.07541794
0.06617274
0.05311831
0.18398103
0.17692408
0.06363655
0.09851291
0.17059259
0.16801886
0.25016841
0.11384483
0.12720151
0.23110102
0.22388974
0.18009976
0.08798833
0.16513027
0.11374912
0.19669941
0.08034731
0.03717737
0.06281967
0.25598854
0.10030776
0.22800574
0.05856462
0.26103827
0.08819798
0.19561534
0.10852224
0.22282082
0.13576972
0.17314766
0.06005611
0.08993588
0.06713572
0.10169348
0.14815865
0.12005432
0.06388469
0.10311677
0.12789823
0.11673468
0.27809078
0.04354316
0.04379860
0.01939473
0.11954050
0.09459822
0.28165540
0.23909676
0.16687109
0.13436446
0.20127420
0.08897761
0.09541924
0.08410306
0.22323351
0.08614574
0.08400077
0.20039584
0.21934968
0.11288739
0.22605550
0.20696525
0.10766244
0.29397288
0.24762575
0.21723400
0.30782130
0.18620741
0.26462969
0.11640846
0.06968066
0.09416066
0.15697922
0.12933774
0.08399792
0.28714699
0.27065036
0.14746676
0.23435858
0.17938833
0.06212518
0.23575918
0.14324519
0.21142007
0.15902022
0.12986931
0.31916341
0.13520151
0.16959815
0.09779814
0.27728823
0.23180275
0.14819986
0.13587773
0.11965322
0.10601768