0.07251303
0.32119489
0.27209637
0.21462384
0.12048232
0.34259385
0.25555348
0.40923691
0.36897016
0.25972828
0.26261818
0.11226595
0.21910788
0.18401420
0.40962374
0.25252664
0.43532097
0.41019702
0.21335337
0.34943134
0.17991205
0.27532348
0.23094450
0.15441199
0.46160793
0.37756020
0.16258353
0.21726215
0.31151357
0.27977422
0.34499711
0.10270828
0.36762157
0.30222899
0.21088561
0.24676813
0.19631848
0.29021776
0.30812320
0.21653582
0.28481567
0.19637947
0.09192144
0.36282390
0.27184272
0.34697855
0.30550450
0.21841034
0.12059385
0.31697622
0.21513702
0.20096266
0.25870544
0.28010237
0.14321314
0.23842718
0.26281992
0.23876627
0.29654568
0.07182630
0.16657454
0.42143285
0.27329230
0.37709823
0.25950655
0.34199798
0.28941077
0.25646976
0.35879949
0.41416997
0.46096334
0.38768274
0.23628546
0.31042683
0.17754482
0.12423552
0.33089361
0.34584764
0.32118610
0.40363312
0.47128525
0.44229802
0.15284979
0.24313393
0.13277508
0.10246804
0.15880394
0.28066108
0.25390908
0.21148226
0.32064834
0.42230141
0.45298457
0.34281284
0.22219916
0.12863833
0.12503892
0.03874300
0.06492373
0.30007517
0.14828469