0.12501109
0.07431772
0.15491410
0.12895316
0.17834522
0.16871028
0.11218096
0.21914101
0.15058935
0.08492692
0.13621612
0.12542187
0.09558263
0.17781284
0.27470353
0.09947661
0.10893380
0.21879119
0.11682163
0.07510126
0.08521863
0.10148981
0.12301493
0.12018886
0.05474562
0.16093272
0.14997521
0.15880862
0.18482360
0.10997905
0.15409952
0.16875292
0.20770355
0.19468281
0.23927455
0.14380096
0.08881051
0.07210240
0.01293530
0.14035103
0.14712520
0.08876231
0.14938393
0.21498415
0.22284448
0.05843997
0.11005756
0.19566128
0.10562231
0.20288037
0.16350895
0.19583811
0.09292708
0.15764183
0.29959789
0.07624402
0.14348468
0.12039290
0.15957831
0.17903280
0.14995271
0.11130562
0.23639487
0.08025029
0.15083298
0.14856374
0.02386112
0.20504105
0.12346948
0.04152017
0.10769500
0.04336794
0.06549072
0.15271826
0.06989686
0.10964396
0.18122473
0.10153246
0.09314836
0.26314893
0.24977945
0.22878300
0.15624477
0.01259628
0.21216670
0.12766832
0.08142683
0.11625946
0.14240739
0.10140254
0.09888741
0.07860963
0.11661718
0.09089800
0.20454031
0.07620548
0.08455558
0.18256158
0.16008542
0.23518489
0.16994654