0.16700435
0.02840982
0.10305864
0.09025063
0.11861734
0.13213728
0.07156311
0.11453046
0.11066465
0.03491192
0.04356065
0.01796923
0.07888605
0.05652361
0.09468392
0.06809663
0.08442757
0.09125929
0.10231692
0.06651597
0.10662976
0.12309919
0.11820732
0.12374795
0.13388237
0.06986786
0.11539359
0.07096806
0.13408403
0.13602802
0.08607829
0.10339922
0.10855788
0.06366266
0.18390070
0.10483993
0.15124026
0.14529736
0.11023059
0.11039856
0.11705091
0.12974197
0.16344263
0.10401764
0.10848401
0.08290555
0.15538906
0.05058938
0.12719803
0.05961959
0.08604758
0.05590374
0.11372133
0.05366691
0.12307259
0.03627663
0.09876094
0.03606494
0.07090581
0.04433525
0.08293519
0.13089146
0.10577073
0.12782300
0.06093550
0.13278602
0.03548961
0.09380729
0.09591161
0.10202852
0.08098312
0.01244682
0.15426236
0.08618052
0.10664397
0.13085905
0.03953591
0.07367169
0.08585600
0.14258470
0.08239126
0.09340320
0.15700324
0.11730471
0.04192342
0.05263625
0.08257766
0.20414343
0.12427927
0.14131735
0.13952857
0.08780117
0.18534127
0.04234169
0.08132632
0.08349255
0.12355874
0.13505456
0.10667439
0.16110660
0.08264975