0.05446990
0.64869505
0.82008803
0.81966746
0.76881528
0.84037381
0.76939130
0.78129900
0.79178613
0.76917666
0.81006849
0.84505862
0.77814829
0.81729895
0.79804313
0.82715571
0.78543085
0.77684766
0.84925956
0.78766692
0.74399924
0.71745920
0.84267944
0.80957770
0.84710389
0.78783506
0.81626612
0.77070075
0.77931923
0.72666246
0.78209013
0.84672499
0.79832941
0.71427506
0.78271812
0.79263955
0.82105744
0.82759964
0.69341695
0.75627565
0.74367231
0.79404318
0.77587008
0.82798934
0.78120011
0.79187554
0.80866289
0.84522539
0.71113813
0.69501364
0.82095557
0.74508256
0.72903037
0.71402705
0.44993228
0.68966943
0.78537041
0.75662667
0.72759366
0.86287057
0.70298254
0.83652413
0.74787742
0.85285866
0.81937796
0.74991041
0.82496542
0.70295578
0.44081134
0.50740814
0.55197108
0.79372054
0.76719648
0.71082669
0.83000261
0.76299340
0.67355657
0.79575408
0.75332123
0.81555450
0.65006220
0.73325020
0.78934067
0.71670842
0.85834384
0.79659867
0.52280647
0.65769601
0.76582831
0.73172015
0.74592566
0.77784163
0.73528236
0.85995573
0.82412237
0.77379018
0.59787881
0.60006553
0.72572821
0.85031009
0.68928140