0.08533442
0.80717206
0.85181457
0.82979387
0.78880227
0.76681459
0.86690217
0.82062393
0.84383142
0.82820678
0.88577455
0.85426664
0.89211392
0.91145915
0.88513625
0.80318528
0.83473223
0.84418696
0.79180980
0.85699117
0.91183549
0.86782211
0.87954736
0.82437330
0.85666680
0.84466708
0.88771856
0.88930970
0.83002043
0.82320327
0.87004364
0.86893296
0.83379751
0.81091905
0.73230797
0.84965509
0.88110352
0.88809884
0.88883430
0.82135230
0.81110811
0.79460746
0.80467725
0.83391005
0.87068033
0.89038885
0.77167213
0.69587713
0.69889158
0.80166441
0.87903106
0.86310011
0.82076126
0.87507361
0.80528414
0.82703584
0.84127802
0.79461753
0.82233673
0.87259936
0.82098967
0.73797774
0.77372628
0.74944961
0.88037741
0.79541540
0.83299929
0.87679064
0.87039042
0.82300347
0.81967771
0.82178217
0.81787330
0.84385842
0.83734357
0.75870878
0.75037271
0.84297842
0.82666743
0.84348685
0.85431242
0.86362809
0.85314423
0.82951134
0.86626017
0.91324145
0.86658037
0.87232596
0.81256002
0.90592325
0.91096616
0.89002383
0.85421830
0.90059334
0.84405333
0.87406182
0.81875837
0.84133232
0.88265043
0.88161528
0.77896804