0.06718107
0.21132165
0.24345168
0.41334197
0.53880221
0.42733452
0.48055679
0.40789452
0.44822872
0.54541212
0.41834110
0.45125043
0.62998039
0.71752566
0.43059003
0.64146042
0.61941063
0.42913583
0.63755959
0.54771847
0.41487545
0.47321206
0.43478897
0.27948350
0.45013291
0.57154709
0.54845941
0.52934402
0.58016193
0.57934695
0.53905290
0.68720174
0.64609200
0.47131521
0.59187013
0.54405349
0.26419064
0.52356279
0.52550244
0.36782375
0.41836902
0.30905107
0.64907438
0.65285414
0.72354108
0.81346542
0.77640390
0.70757926
0.72239894
0.79278708
0.61575913
0.49471036
0.63322204
0.68637598
0.57993311
0.64348406
0.69338250
0.57786041
0.73717874
0.65885252
0.49506438
0.59284967
0.56390548
0.58355659
0.70353341
0.60578501
0.25821975
0.28747261
0.19946752
0.39232215
0.58084249
0.64528382
0.67517245
0.51490468
0.61117482
0.69454843
0.60101384
0.73682451
0.71987730
0.67900395
0.54115075
0.64608079
0.51564372
0.59619081
0.67207605
0.41830766
0.75344545
0.66204667
0.59262699
0.62325782
0.69299102
0.54936582
0.57248884
0.29979840
0.50581503
0.71295524
0.70496422
0.66182399
0.52852947
0.62784714
0.64312536