0.17855704
0.08662194
0.10899314
0.12786223
0.12084521
0.18030964
0.12154406
0.07976504
0.05656614
0.08496363
0.02903640
0.13751668
0.01674225
0.07207280
0.06321982
0.12370664
0.08211885
0.05595710
0.03924373
0.14076479
0.11497907
0.13238633
0.07132081
0.13365516
0.14931789
0.06181271
0.09014721
0.12644118
0.07063889
0.08284903
0.10946994
0.12078964
0.16266252
0.10009816
0.09303634
0.12210590
0.08640946
0.09695019
0.04065544
0.10558913
0.15717515
0.13808773
0.11611407
0.14299902
0.05314662
0.12017222
0.05859537
0.02911897
0.07091434
0.17322561
0.05758510
0.13096961
0.11821552
0.09426767
0.12108281
0.02479127
0.11487158
0.07671973
0.07600890
0.10046650
0.10560647
0.08949915
0.01216302
0.08735407
0.10805678
0.11427005
0.11620484
0.08564541
0.12487154
0.08582333
0.06191060
0.07856308
0.10479715
0.07953304
0.16560458
0.07794523
0.07617147
0.10700799
0.13753895
0.10009994
0.03221971
0.06071139
0.10283516
0.06511262
0.07405416
0.11519954
0.14355597
0.07899002
0.05065608
0.10152493
0.11915720
0.05850349
0.13073239
0.12583926
0.10395489
0.13116406
0.06230944
0.01921617
0.02394407
0.06787419
0.08583335