0.08533442
0.03589513
0.11495011
0.12168501
0.07718815
0.13188130
0.09611476
0.22775118
0.13164133
0.10551247
0.11554843
0.13257121
0.13107195
0.18850723
0.18927179
0.10351323
0.20177302
0.16623129
0.02641821
0.11905792
0.07590323
0.06687241
0.23881346
0.20506126
0.16090302
0.10182788
0.15291378
0.17354938
0.18882342
0.20865524
0.22338720
0.24970067
0.05714733
0.05187074
0.21697325
0.15637608
0.12910636
0.08438434
0.16174811
0.07217281
0.15536404
0.11261851
0.09358699
0.02661063
0.18745083
0.12885109
0.15777642
0.04186770
0.13127406
0.15855756
0.19120687
0.19721860
0.11639114
0.26373580
0.15179400
0.23401628
0.09816463
0.11074912
0.19396275
0.13242485
0.15878209
0.14090881
0.10383296
0.22102556
0.27480122
0.24325386
0.09107664
0.18756260
0.08911881
0.16113886
0.17624876
0.16724887
0.18845484
0.12509656
0.24124736
0.15472667
0.22122833
0.02432361
0.15059260
0.22801216
0.13766411
0.14417008
0.07788575
0.13745388
0.10194820
0.16284466
0.10397635
0.16335452
0.03194697
0.06551771
0.10178625
0.04916705
0.09930006
0.10336525
0.19011948
0.10410573
0.14659862
0.16764136
0.08974164
0.28614515
0.17787075