0.11438119
0.10394900
0.17651245
0.14835626
0.01100527
0.10293786
0.06779114
0.10937164
0.10692931
0.14575636
0.04872099
0.05087649
0.03891303
0.06401388
0.16725117
0.16644043
0.05773730
0.08206716
0.06605274
0.09984044
0.07018255
0.10896866
0.04259525
0.14161982
0.12282218
0.15859790
0.16467577
0.09902587
0.05959134
0.07873419
0.07680427
0.10465066
0.17933854
0.08142433
0.01954948
0.09186805
0.14706716
0.05798416
0.10515577
0.12865964
0.09253120
0.15850729
0.08852074
0.16747685
0.07281373
0.08685347
0.11761223
0.04446710
0.12004814
0.16329685
0.08988272
0.04094571
0.01203894
0.03421097
0.11236078
0.10623894
0.04581762
0.10504565
0.17004025
0.06854980
0.11809961
0.06095014
0.14097477
0.08956420
0.08740485
0.06071352
0.13868086
0.12277845
0.14527139
0.13548265
0.08453803
0.11524943
0.06211906
0.14207445
0.09456736
0.09584731
0.06784719
0.15992330
0.10883322
0.17583191
0.10819366
0.11616102
0.07199758
0.10709485
0.07265117
0.10639623
0.08113514
0.12730041
0.12220761
0.08933439
0.08518124
0.10403095
0.04656737
0.10642933
0.04455138
0.19662818
0.08416207
0.14098753
0.12555063
0.08559993
0.02220398