0.10973397
0.78160971
0.81186789
0.78303862
0.81756324
0.76741332
0.81565130
0.85880554
0.84020334
0.79390544
0.77423376
0.78997993
0.81259942
0.83487910
0.81146139
0.86288863
0.79322457
0.78957713
0.74882644
0.77104467
0.76434410
0.76499802
0.82277548
0.79212648
0.74799132
0.78715986
0.73802209
0.76074296
0.81499857
0.70055526
0.85883886
0.80192643
0.82713640
0.81221145
0.80757612
0.80324441
0.79536676
0.83358794
0.83694059
0.73136353
0.79057956
0.77162200
0.79306418
0.79113996
0.82577002
0.76609212
0.80226272
0.78890175
0.85629117
0.85479838
0.78835589
0.75618750
0.84873962
0.79013884
0.80180991
0.78723437
0.83150369
0.79247022
0.84102064
0.83599395
0.78018779
0.77552885
0.87088197
0.86928147
0.83505356
0.86965042
0.78464437
0.85830426
0.79645371
0.83514947
0.80576080
0.77256221
0.77164322
0.81803674
0.83454901
0.81748635
0.80781257
0.82382667
0.84048957
0.80477202
0.85689735
0.83232790
0.82641828
0.80873251
0.78353685
0.75635904
0.82624459
0.77838659
0.83329940
0.82216179
0.73944056
0.81765276
0.81273407
0.78613698
0.85585612
0.84735125
0.70090073
0.78724229
0.66294307
0.75585473
0.83497888