0.18653215
0.09806684
0.21387783
0.19029549
0.04959687
0.15530854
0.25210276
0.15311188
0.04671601
0.13508242
0.22948566
0.11996429
0.08776948
0.08419351
0.20939180
0.21511576
0.32423717
0.25563106
0.39623365
0.24018805
0.37725219
0.40030816
0.39147651
0.20917784
0.40265885
0.30107105
0.42433619
0.33146745
0.24894075
0.31398100
0.35487819
0.53430891
0.45217079
0.34844059
0.45940524
0.38170743
0.32234004
0.26502451
0.31457239
0.43061417
0.17408998
0.17542711
0.19264999
0.18322143
0.24526100
0.30375350
0.16511585
0.53713328
0.47296965
0.43925980
0.36290687
0.26310441
0.24644716
0.14161381
0.20206375
0.19628619
0.19161335
0.40885514
0.30996573
0.36410534
0.26271516
0.28315270
0.21306723
0.24619687
0.19262005
0.28748980
0.24375431
0.30705264
0.24219996
0.27903935
0.25239307
0.18004580
0.24454303
0.37630159
0.51612014
0.23360646
0.24130261
0.22414213
0.27185276
0.28432930
0.09972600
0.30591729
0.27249494
0.27453133
0.24268772
0.31672263
0.32786572
0.18456447
0.21866627
0.24389571
0.30410334
0.33105808
0.20059755
0.20085660
0.35953248
0.45326495
0.43693212
0.40632027
0.22921608
0.21515504
0.14917995