0.13413607
0.25999069
0.24597767
0.15643345
0.25804135
0.09906694
0.31537101
0.25145030
0.24675837
0.31276938
0.27171725
0.15583357
0.26481891
0.10657063
0.22544402
0.16465679
0.29139361
0.24144493
0.10353154
0.32764491
0.10906836
0.15195650
0.14563569
0.17962763
0.10779589
0.25771505
0.10282832
0.24192056
0.18370320
0.26554045
0.27310723
0.32411250
0.11354180
0.12546138
0.19781543
0.17511080
0.10421738
0.15621394
0.12115360
0.10936473
0.26691154
0.29776868
0.31485814
0.21480647
0.15412670
0.19324328
0.22599113
0.07085610
0.10780814
0.05237314
0.13785769
0.09512231
0.13904296
0.10009707
0.13122143
0.13522762
0.17019755
0.32977271
0.07762960
0.10750120
0.07977464
0.16431616
0.09709712
0.15793310
0.23112087
0.26550615
0.23840648
0.17005734
0.25241616
0.25115308
0.26414248
0.27016780
0.19581862
0.21014324
0.16517712
0.22632842
0.18043874
0.13534613
0.01505782
0.23238242
0.19821863
0.19615079
0.14075556
0.31543672
0.24453042
0.14400022
0.26102391
0.11005296
0.17015968
0.12149560
0.13156259
0.24418341
0.24948259
0.06398499
0.14671321
0.15453121
0.23431371
0.23251463
0.25086230
0.26000148
0.20630902