0.04952200
0.11014148
0.08577140
0.13797617
0.10988268
0.16100150
0.21680486
0.20360363
0.23560165
0.20229121
0.33991727
0.28983378
0.22030127
0.06453428
0.23613673
0.17472942
0.17505693
0.16751686
0.15747359
0.17757563
0.30009797
0.36496779
0.25878447
0.26629519
0.31219468
0.40297288
0.23710543
0.18310620
0.22786012
0.22718443
0.18798108
0.21647780
0.25512603
0.12904121
0.25808427
0.30609071
0.24363315
0.17889103
0.22368890
0.24508089
0.24315359
0.23318586
0.09205610
0.04322997
0.16394582
0.25549045
0.16577698
0.20034987
0.27647111
0.29793465
0.41295409
0.25823957
0.21130700
0.19884048
0.27429879
0.19936685
0.20900957
0.30681804
0.22901575
0.27220047
0.29043129
0.36891174
0.26590487
0.28117251
0.13360880
0.15171914
0.28179604
0.25203055
0.40554446
0.40411294
0.37215385
0.20647667
0.26668605
0.32142612
0.22876471
0.31977201
0.25979435
0.16872366
0.16886562
0.16780300
0.32075995
0.23857763
0.19238910
0.29250684
0.28390330
0.29021162
0.22195995
0.28081101
0.20887898
0.14044477
0.15794937
0.35163677
0.40199918
0.34136283
0.37809157
0.19222337
0.19728975
0.23863083
0.19243552
0.29030630
0.28036386