0.09925324
0.12349822
0.11668532
0.07038481
0.04361235
0.05825898
0.12685826
0.03015253
0.01852446
0.03561931
0.10038196
0.08928220
0.06040945
0.11702011
0.11756407
0.12837790
0.07381932
0.02675141
0.06613296
0.11807282
0.17144489
0.08254197
0.07737911
0.09939551
0.09532423
0.08506920
0.04599310
0.09498946
0.11682961
0.08635870
0.10130125
0.15121770
0.08365750
0.07609112
0.10818420
0.09555516
0.08934494
0.09582979
0.04069925
0.06849622
0.07018945
0.09711746
0.05068920
0.11899051
0.15597174
0.04535013
0.07772433
0.13427691
0.07112984
0.09546061
0.07896477
0.04887552
0.09493081
0.12366474
0.04966728
0.14255250
0.07199231
0.07323725
0.03274123
0.10903550
0.13025211
0.05082984
0.01625975
0.08765778
0.08977588
0.02367716
0.07211396
0.05174240
0.08507203
0.08507009
0.03693522
0.11829583
0.19431548
0.06397729
0.08772543
0.06643552
0.12991956
0.06469364
0.17316143
0.08479466
0.06949149
0.06092042
0.03970329
0.12702909
0.06833281
0.08794104
0.04447433
0.14780578
0.04577191
0.10501237
0.10889617
0.13123375
0.03467926
0.14651951
0.05801294
0.08927261
0.04760210
0.11462921
0.06513187
0.10921916
0.06104225