0.09753011
0.33890188
0.55054957
0.34827256
0.59400320
0.64218009
0.55354536
0.54348552
0.72609121
0.65772784
0.67990637
0.75467908
0.81436378
0.73680556
0.76204085
0.76757294
0.86932951
0.80200338
0.67301917
0.67998374
0.80729318
0.81257147
0.83317810
0.79306376
0.77422053
0.77761239
0.63999325
0.83507395
0.82652724
0.78037280
0.80240768
0.78463209
0.76075166
0.58754843
0.72098160
0.65349716
0.75473917
0.59801817
0.67113161
0.66558707
0.79358655
0.69538009
0.70853537
0.78214544
0.67402673
0.72497869
0.78823334
0.74665266
0.79952478
0.78145331
0.61292779
0.76806360
0.66059023
0.77596933
0.76465386
0.62222475
0.68662924
0.72120893
0.78344226
0.50464571
0.43755522
0.25759518
0.60127580
0.65327543
0.79896754
0.76782393
0.67536807
0.62337232
0.49796095
0.73993385
0.76073056
0.84064645
0.70756942
0.73937738
0.71976280
0.73267370
0.83918220
0.73083514
0.66975504
0.61432981
0.48340333
0.64161700
0.70471007
0.75155121
0.72637445
0.79708648
0.68876886
0.78124869
0.64455545
0.46611470
0.42223346
0.81535739
0.77523428
0.81266427
0.74695206
0.69370413
0.69827509
0.69902247
0.70688957
0.73930848
0.66963160