0.05855872
0.07457947
0.08305904
0.10551922
0.08694902
0.08722355
0.13645698
0.10450340
0.05006959
0.14152855
0.10699797
0.09815786
0.06895661
0.13383439
0.06786617
0.08952329
0.04662227
0.02986406
0.08164825
0.06938221
0.09242155
0.11036979
0.17488195
0.09694288
0.17009203
0.12309590
0.04119017
0.12105699
0.19633333
0.09168573
0.04767266
0.06762931
0.06821119
0.13378452
0.13228746
0.14748946
0.05642851
0.05403880
0.13524510
0.10017221
0.08776558
0.13262972
0.12169322
0.12781268
0.14236031
0.08133133
0.17961679
0.02370888
0.05555452
0.10212140
0.10901377
0.09635243
0.07539418
0.09822621
0.15673357
0.04376623
0.10873383
0.11433022
0.09167223
0.09452874
0.13245203
0.09711688
0.07410896
0.09686194
0.05003145
0.10639632
0.14004032
0.11307127
0.20798218
0.06779815
0.11644454
0.13719280
0.10115078
0.03445361
0.11368984
0.10872547
0.13479187
0.11193629
0.05503107
0.08202955
0.03736469
0.01994549
0.09430943
0.15363154
0.11497229
0.10263330
0.06498375
0.04223401
0.06790635
0.21883422
0.08310494
0.07780359
0.05643410
0.06232593
0.13809410
0.04286636
0.07547374
0.13902690
0.06199464
0.13772163
0.04639196