0.08533442
0.19673420
0.24635690
0.26174033
0.24536823
0.12519614
0.14245072
0.14757438
0.25108975
0.32056195
0.15970907
0.31902158
0.20427561
0.19984961
0.18593521
0.10564502
0.31058899
0.32902169
0.25848624
0.31516898
0.24328049
0.37766659
0.26519990
0.30161330
0.31343558
0.50545621
0.44439784
0.51853663
0.38935730
0.36284178
0.31691283
0.29177782
0.36505264
0.31841928
0.33742228
0.13765684
0.36134914
0.32412675
0.38026649
0.42221910
0.33231366
0.29034495
0.30449268
0.30633304
0.37737823
0.46848333
0.35537252
0.37778115
0.21812084
0.28591439
0.23493367
0.25083658
0.30331221
0.37504944
0.21233246
0.38942719
0.45240006
0.53702813
0.38244271
0.28546283
0.29923818
0.30294463
0.41162241
0.48481646
0.22360708
0.25391728
0.28704605
0.29643223
0.37133583
0.42462549
0.42233685
0.36960602
0.33658952
0.29164228
0.24531038
0.25050816
0.29276428
0.30664319
0.21648958
0.35145926
0.24859792
0.39888379
0.37923035
0.26433361
0.29667264
0.36500347
0.37618959
0.39144665
0.39000252
0.33294064
0.24942315
0.18580727
0.11205990
0.19596507
0.11643657
0.19302496
0.22270964
0.33045208
0.37238720
0.20142101
0.36951980