0.11598152
0.03768495
0.06351829
0.06204173
0.03784037
0.05872696
0.04022067
0.12577797
0.10410918
0.07536582
0.05102859
0.06119823
0.03456142
0.06321939
0.07396500
0.17210025
0.08202898
0.08035365
0.04546617
0.09384237
0.08253735
0.07957710
0.11794227
0.05138012
0.04010750
0.08685750
0.07061507
0.13014448
0.05251142
0.10074518
0.07154580
0.09155178
0.10413867
0.07005326
0.02894272
0.07671582
0.13144495
0.05898641
0.10878665
0.08724260
0.12481406
0.05315382
0.04323356
0.05503399
0.06592009
0.05310493
0.12483910
0.07487739
0.06150391
0.11332205
0.13280340
0.07520933
0.02936418
0.08589765
0.08158453
0.06983177
0.09914491
0.06580641
0.08503253
0.06461553
0.10825066
0.13916644
0.05756850
0.11134808
0.02945994
0.09247956
0.02662087
0.10621163
0.09194367
0.06474806
0.09066619
0.12646706
0.02954914
0.05583073
0.18120839
0.12887195
0.05801459
0.15271363
0.05003232
0.09295545
0.10067285
0.09958114
0.13720571
0.09601294
0.05148200
0.08997828
0.04510082
0.19791394
0.07938954
0.12683676
0.16534306
0.09521582
0.07389123
0.14112832
0.10437496
0.14742479
0.04466325
0.05724682
0.08465753
0.10102385
0.08408798