0.09256493
0.05581412
0.20063823
0.08454350
0.20907176
0.19123593
0.16205488
0.21787114
0.27994168
0.24224786
0.23027249
0.31082001
0.21158431
0.19182301
0.08200040
0.28475329
0.22866063
0.30592486
0.24146923
0.31344384
0.18667696
0.26477960
0.31612653
0.24200976
0.25488582
0.17289729
0.11102036
0.27273017
0.40432599
0.14421247
0.17202881
0.37467426
0.43728507
0.27879271
0.27064601
0.20820822
0.25661781
0.27207583
0.28142634
0.24324422
0.17809430
0.17872122
0.21492228
0.28383979
0.23503534
0.23925258
0.24640265
0.29521585
0.30117404
0.11785116
0.11474230
0.13749227
0.21178833
0.18369965
0.20763303
0.26471475
0.29622936
0.14674909
0.29266942
0.22273806
0.18857519
0.24690548
0.25906110
0.21344110
0.22850698
0.37294987
0.27783179
0.20794407
0.10665689
0.25308999
0.27395633
0.24767795
0.22135304
0.15227704
0.16627654
0.18901995
0.16854335
0.16170913
0.23332044
0.25347635
0.16813973
0.25340873
0.32526770
0.20620875
0.30656657
0.29645377
0.23622833
0.16078445
0.20224202
0.16511841
0.16238137
0.20381899
0.16382495
0.23019525
0.06932034
0.22050127
0.25375479
0.32647666
0.33302534
0.30802244
0.33959353