0.10557246
0.12161997
0.12246065
0.04373022
0.04484044
0.19846794
0.07819061
0.19959363
0.13329333
0.11511293
0.17200989
0.16961378
0.05761982
0.10319810
0.22588538
0.08116711
0.01530277
0.16762425
0.14468202
0.21763228
0.06855934
0.11124390
0.21431310
0.19444112
0.23494352
0.21253890
0.19386838
0.12720603
0.14640567
0.26702020
0.14251323
0.05299270
0.22744292
0.06751692
0.18629462
0.09355009
0.07066426
0.17511970
0.12692353
0.09169925
0.08583292
0.08864950
0.18661246
0.16567504
0.15361026
0.05219784
0.23773521
0.10253862
0.15914343
0.15194841
0.09250102
0.07323366
0.19916512
0.21172985
0.07825518
0.09526308
0.09395163
0.21870445
0.12542370
0.09817046
0.24236381
0.19240445
0.15291835
0.11454626
0.24740252
0.11911154
0.13752708
0.08114031
0.08129714
0.08346373
0.07801734
0.13716623
0.04650324
0.06102487
0.19568020
0.04187794
0.07268028
0.20919056
0.10263859
0.19544506
0.18001780
0.17496014
0.20268005
0.19215412
0.29147330
0.22758198
0.14262371
0.18580332
0.17933789
0.17151248
0.22963415
0.07747005
0.03690938
0.16048294
0.09088003
0.14591624
0.04629443
0.19878127
0.20527323
0.05696821
0.18481767