0.07498821
0.12822989
0.14235900
0.06754956
0.12285757
0.11053242
0.12338760
0.14396888
0.13755929
0.14088552
0.13643833
0.09972249
0.06673550
0.06612626
0.10603622
0.18965136
0.14921753
0.15465046
0.07800888
0.12228528
0.14106628
0.07934625
0.05641110
0.05142916
0.08115789
0.07489998
0.07731096
0.09115615
0.08246333
0.10063674
0.11901119
0.17768040
0.15900698
0.16530085
0.11063382
0.06481498
0.13404068
0.03207455
0.14032166
0.10738939
0.07760060
0.11069745
0.09864353
0.18831019
0.07453755
0.11291432
0.10706398
0.09073673
0.12483900
0.08933044
0.06574529
0.09275761
0.09490950
0.14722484
0.09093011
0.10819703
0.08761296
0.07717875
0.21569546
0.07034825
0.07156716
0.14797620
0.22298761
0.18407856
0.13490039
0.08494002
0.11999495
0.07343962
0.14383665
0.06630035
0.18214157
0.09622870
0.10519616
0.13205594
0.07416974
0.13867155
0.18586290
0.18918113
0.07612311
0.04268278
0.08508454
0.16460064
0.08943991
0.12727167
0.10725588
0.08436301
0.08089852
0.12921533
0.09996650
0.04017665
0.15236656
0.13289474
0.20368481
0.09535836
0.06616508
0.17442232
0.10621942
0.13991697
0.02380600
0.14911568
0.11971889