0.05043321
0.14498548
0.15096033
0.27422017
0.22987938
0.23769195
0.05223792
0.25405094
0.21293944
0.24506973
0.21003714
0.23059571
0.12643012
0.11098220
0.23125029
0.30039698
0.24146618
0.33188918
0.19280082
0.14501004
0.17754781
0.37642080
0.35205209
0.40932706
0.43801379
0.30615011
0.22571947
0.36704877
0.38922295
0.42292103
0.52226770
0.46896660
0.46193397
0.33248460
0.38799009
0.49447957
0.38406122
0.24764121
0.26893967
0.22402176
0.14666316
0.08904698
0.04574523
0.22069874
0.26890379
0.13304318
0.04945027
0.17508468
0.18292934
0.20098788
0.12430089
0.20487677
0.27722526
0.32228717
0.37185228
0.33402595
0.28415737
0.43016049
0.49456546
0.42759019
0.47440049
0.46447968
0.44174674
0.25621098
0.39438999
0.35977700
0.46191001
0.26950365
0.17578685
0.22755057
0.17173707
0.12553808
0.24834873
0.25164938
0.26529694
0.30272421
0.43471652
0.35281008
0.31181687
0.29605490
0.20041150
0.17535502
0.21877016
0.28211734
0.26948467
0.15977174
0.27581301
0.03460760
0.16275106
0.36599544
0.26250231
0.25159684
0.25164354
0.29821086
0.20608988
0.27505818
0.33618224
0.09048022
0.19093727
0.16967902
0.24987172