0.07852264
0.14305112
0.05910815
0.08257175
0.16093035
0.11624970
0.17458682
0.12207868
0.23261590
0.15213837
0.12011290
0.08770303
0.09666330
0.18205419
0.04909239
0.17060125
0.12763320
0.11687525
0.08282004
0.17346579
0.05312914
0.14136878
0.13062081
0.05748875
0.06519251
0.04881546
0.10571598
0.18149799
0.16240285
0.05058116
0.13492317
0.06929361
0.13167444
0.17169403
0.07846237
0.06952147
0.10827895
0.04601078
0.14252728
0.15120634
0.14648896
0.06117165
0.13606864
0.14547543
0.14124665
0.02304342
0.08536965
0.06927164
0.15439498
0.12538156
0.06864914
0.28377607
0.14346607
0.12415753
0.14075832
0.04791647
0.04480924
0.24206582
0.14960629
0.04544604
0.11255474
0.09615860
0.24379607
0.11031679
0.18046105
0.11890592
0.09871764
0.20500478
0.10728952
0.05215758
0.11981672
0.11105894
0.10430343
0.10775536
0.09758630
0.08631042
0.03951425
0.12003966
0.13264959
0.03607399
0.08904409
0.02946931
0.06987605
0.05488152
0.07352912
0.11032787
0.06823552
0.11764233
0.12069988
0.10862035
0.02791528
0.11536632
0.14100596
0.12036545
0.08313300
0.10860469
0.06375076
0.05796249
0.19112553
0.12932511
0.07950023