0.10519592
0.14738800
0.13313697
0.08764182
0.02368250
0.10937342
0.12648711
0.12665091
0.05136316
0.11554041
0.07606068
0.04547263
0.09789273
0.14533396
0.07964984
0.07632568
0.05898416
0.09315040
0.06623875
0.06686202
0.06504880
0.05063015
0.03195444
0.08373506
0.09306900
0.06448498
0.11311524
0.03670443
0.05464532
0.07076518
0.07780326
0.06894269
0.12654686
0.12218145
0.11425679
0.04577039
0.07859695
0.10785692
0.06723480
0.10966537
0.14764787
0.10599098
0.08105607
0.09013908
0.15778989
0.02844639
0.13781679
0.15295681
0.05254988
0.08952775
0.03521509
0.04556661
0.12154974
0.13266660
0.11728667
0.10664441
0.10071962
0.12574421
0.07823386
0.05175447
0.14826699
0.12455677
0.11648886
0.09215274
0.09888943
0.08915585
0.11241204
0.06995925
0.12671663
0.09384574
0.09118618
0.13699986
0.06171445
0.11850543
0.09516987
0.17251778
0.11963265
0.07153577
0.03328929
0.03274710
0.18417780
0.03751358
0.13412835
0.14616804
0.08508829
0.16298670
0.13694717
0.18063173
0.11636057
0.07693990
0.10074301
0.06014248
0.03897941
0.06256360
0.11725722
0.11104355
0.02609360
0.04484939
0.07098848
0.05529078
0.07333451