0.12130057
0.04901809
0.19168723
0.11921625
0.12332603
0.11305975
0.09394682
0.14750005
0.07076538
0.09540121
0.08873728
0.20811440
0.09514421
0.06652652
0.12587535
0.05728209
0.10340872
0.04740538
0.11095387
0.05879336
0.06662115
0.10048787
0.05475218
0.04726571
0.10762251
0.05984433
0.07125428
0.07544765
0.10319311
0.07423324
0.11639257
0.19999672
0.06222963
0.02640672
0.11314754
0.08922917
0.09708383
0.13924657
0.04160032
0.02859944
0.06988540
0.19418722
0.06286057
0.17694241
0.05369050
0.08199880
0.12273204
0.05127149
0.11450499
0.09682468
0.07722045
0.11799212
0.07624944
0.14032358
0.09631693
0.08224880
0.12532978
0.14909975
0.05875435
0.02868498
0.02822783
0.12099005
0.12670417
0.07303811
0.06731384
0.09761173
0.09506581
0.10632402
0.08514467
0.08798166
0.06661596
0.09907225
0.17609857
0.14058813
0.12151586
0.07303438
0.08016953
0.03623093
0.06763308
0.10613932
0.14033109
0.06236558
0.10123998
0.05770411
0.03647218
0.13068825
0.05551650
0.03941439
0.02645548
0.09503412
0.05559403
0.14369060
0.08113708
0.07147866
0.14080437
0.03498584
0.09193271
0.04277961
0.10391238
0.08440239
0.13790280