0.06718107
0.76173341
0.84273738
0.83735049
0.84579080
0.91085225
0.91198295
0.88669205
0.86818069
0.89484304
0.87219018
0.80260354
0.81646943
0.76444811
0.85008782
0.82043028
0.89588195
0.87078118
0.90146738
0.88107198
0.84487289
0.84349120
0.88036013
0.85464448
0.86183596
0.80832589
0.82419264
0.93021333
0.86610144
0.89814222
0.81210470
0.84411430
0.86253381
0.86956453
0.84760094
0.74104655
0.73542482
0.81841940
0.89193243
0.82007712
0.84352541
0.79793793
0.78887373
0.85086530
0.86657387
0.86150306
0.83589125
0.81716239
0.86246836
0.85870206
0.79897529
0.79363012
0.83002633
0.85885572
0.82681346
0.75909048
0.75607699
0.84333467
0.79620737
0.79698998
0.90531427
0.79750258
0.84164429
0.80723870
0.89263636
0.79234052
0.84498179
0.81799436
0.81659102
0.74955404
0.83408034
0.83144563
0.90150785
0.85715318
0.89312637
0.82244515
0.89110756
0.87062883
0.82711184
0.87465966
0.79412192
0.89575976
0.88671786
0.82454103
0.82319480
0.88482141
0.82201499
0.83163995
0.67293477
0.85775536
0.84158671
0.90796715
0.85700744
0.83651525
0.86449945
0.88692200
0.81391501
0.78192651
0.67526525
0.58051598
0.81520861