0.07498821
0.03974746
0.19547570
0.22385399
0.20124672
0.23041396
0.17095070
0.10821922
0.23379582
0.25642473
0.31366730
0.06754930
0.14457116
0.13115662
0.24911827
0.13193865
0.16652910
0.11637181
0.50765395
0.30850291
0.33118039
0.47258690
0.21871798
0.49174121
0.53535879
0.47634387
0.46422860
0.36502919
0.14410251
0.18899925
0.29578900
0.28332481
0.32415906
0.10758276
0.15651588
0.27242821
0.38481742
0.36503094
0.29037684
0.41059178
0.57945764
0.56238359
0.32477033
0.44849795
0.48450416
0.63965631
0.65590036
0.50867903
0.25214189
0.32308495
0.48095503
0.34515798
0.45500731
0.32872409
0.20996572
0.13455483
0.31428054
0.43896919
0.45409817
0.60752654
0.31288072
0.36308736
0.33661187
0.44536343
0.35496807
0.22211006
0.44852456
0.39633027
0.45172527
0.53599524
0.49210423
0.52060682
0.39397401
0.31466866
0.36776173
0.61043739
0.40872374
0.37703601
0.39374706
0.21800858
0.35568604
0.46841225
0.27742466
0.40618274
0.31611678
0.30172420
0.38184905
0.37245449
0.33233619
0.39956501
0.34089828
0.05162236
0.18282712
0.40358979
0.50772363
0.37550843
0.28594121
0.49349892
0.44594610
0.39745322
0.50330848