0.03732009
0.04082908
0.06322444
0.13024898
0.10810347
0.09340478
0.09227374
0.09891285
0.12917578
0.05051385
0.10301516
0.07099334
0.15359218
0.11640825
0.07510529
0.10008208
0.05591885
0.18488896
0.09690604
0.15499650
0.15384835
0.04768904
0.05697293
0.10632087
0.05034548
0.08641466
0.06695329
0.07969186
0.11271255
0.09650160
0.13615166
0.10623983
0.08309059
0.07464939
0.11590773
0.12026176
0.05970805
0.03236764
0.07930985
0.12444611
0.10059100
0.11079234
0.06066668
0.12233727
0.03123428
0.15155300
0.20508167
0.11873838
0.04726693
0.07397152
0.05473683
0.06428564
0.07123960
0.03472713
0.09386900
0.05903956
0.08760920
0.07014805
0.07731770
0.04686584
0.01510090
0.18912914
0.13197519
0.04233944
0.09878220
0.10470618
0.18655899
0.16619061
0.09225808
0.14555085
0.05136381
0.04597916
0.11435695
0.09371176
0.17077996
0.04716699
0.13750674
0.13687292
0.01133124
0.09368239
0.07262704
0.07375931
0.07561693
0.08119828
0.06206376
0.13474259
0.09493722
0.08492303
0.08006054
0.05855850
0.17503874
0.10102905
0.04140793
0.08189129
0.04772607
0.06053353
0.08637121
0.19974172
0.10064587
0.13337642
0.07502753