0.14674504
0.53174841
0.83512735
0.86487979
0.83604628
0.89090395
0.83128226
0.84840226
0.84433889
0.86290336
0.88228327
0.84751946
0.75672048
0.83972979
0.80958992
0.83229357
0.81661642
0.84447205
0.83249390
0.67080063
0.86063409
0.89230204
0.83626068
0.85619485
0.89151484
0.87458056
0.90898186
0.85856813
0.89265442
0.84680498
0.83412385
0.92560422
0.89022738
0.88110185
0.88592070
0.84985888
0.87986720
0.87619239
0.89028460
0.89448339
0.80923009
0.76199985
0.88589722
0.86323237
0.86980039
0.86048913
0.87621582
0.86227995
0.78403252
0.88645917
0.76688385
0.87742186
0.87235522
0.87837839
0.77973336
0.84791452
0.87788314
0.88648069
0.85972810
0.89542913
0.86305356
0.88410211
0.91476876
0.89241254
0.85856324
0.90002489
0.87911242
0.87157679
0.87359309
0.89450651
0.87284029
0.88717741
0.89475179
0.89458174
0.90790200
0.87470198
0.88864362
0.87598968
0.88148910
0.88822657
0.87813628
0.87477660
0.83727288
0.84754258
0.87922609
0.81669515
0.90045524
0.80477834
0.77397901
0.83979642
0.87505943
0.82998413
0.85093492
0.89335871
0.86220556
0.80641061
0.84459144
0.86641711
0.87225962
0.88595998
0.88229787