0.05446990
0.13696867
0.15197869
0.10813245
0.06303985
0.17443663
0.10602617
0.12071501
0.16290751
0.11134349
0.07377531
0.11845088
0.13021767
0.06453773
0.09492945
0.07635967
0.13392827
0.06273858
0.02487016
0.10729577
0.07436077
0.09542257
0.13422358
0.01397151
0.03346194
0.09795236
0.06617843
0.07389159
0.09488399
0.03309076
0.08351690
0.06897739
0.13050440
0.08278069
0.07595777
0.14458723
0.06603211
0.09353363
0.10985058
0.03660172
0.07131857
0.12432861
0.10787556
0.14639819
0.12612237
0.09465826
0.06102386
0.06406973
0.15141365
0.07566256
0.12297563
0.07645710
0.14115973
0.09029198
0.09884034
0.12858671
0.11631998
0.11360314
0.18847787
0.06343531
0.11184265
0.11169474
0.15516610
0.09674348
0.06956611
0.03880968
0.06923313
0.04368379
0.05085864
0.03788914
0.06707406
0.07653230
0.09781307
0.10233661
0.14119925
0.12854080
0.07721428
0.06495464
0.10096240
0.03337013
0.08827159
0.05121679
0.07668867
0.12145322
0.12633391
0.14594692
0.12524132
0.12951413
0.12367719
0.15307248
0.08543693
0.12439779
0.08769825
0.07587563
0.03844944
0.11388165
0.07123027
0.04676693
0.07810925
0.03259925
0.12491048