0.12130057
0.75929612
0.79761171
0.87122363
0.80536383
0.83344984
0.83311576
0.86576593
0.84076226
0.81846994
0.81726533
0.82270086
0.75726682
0.85168016
0.83659112
0.82671493
0.81799018
0.83465278
0.87270975
0.75404334
0.88006663
0.82878107
0.85902083
0.72807831
0.87087446
0.82093644
0.84296793
0.80889189
0.74396980
0.81650704
0.85677409
0.86026770
0.84229791
0.88412964
0.85086662
0.87413061
0.87508482
0.81309479
0.85665542
0.78372645
0.81783020
0.84384555
0.84241807
0.81745332
0.77079034
0.87778062
0.80481321
0.77779436
0.72010690
0.66615355
0.80120987
0.87974048
0.85086334
0.80458558
0.88151038
0.85277361
0.84937322
0.74711478
0.84232771
0.74645799
0.66191339
0.78280085
0.82775497
0.79444647
0.81385064
0.89738917
0.82899117
0.79109526
0.82771277
0.78936899
0.84880555
0.82907945
0.74211282
0.71886826
0.72272784
0.66033179
0.84027642
0.86328936
0.78568196
0.83667493
0.75829536
0.80979300
0.78826767
0.67634374
0.78256202
0.63039869
0.85669142
0.83558375
0.82134718
0.72756457
0.79144287
0.79990846
0.77775365
0.73774981
0.65432256
0.84473383
0.63120615
0.74285239
0.78281313
0.69854271
0.79769415