0.10519592
0.94821608
0.94354337
0.95666093
0.93532503
0.94884104
0.94849283
0.94651443
0.92824411
0.95475000
0.94730204
0.95152742
0.92941397
0.94949824
0.93672353
0.91893750
0.93985724
0.95130920
0.96054059
0.94008607
0.95625174
0.94831985
0.95303857
0.94324577
0.93503273
0.93628466
0.92681468
0.88884437
0.93003649
0.92646539
0.92530549
0.89737582
0.86288482
0.90298212
0.91792464
0.94741058
0.90670776
0.92888951
0.90852511
0.93195403
0.92445612
0.92371064
0.95183724
0.93515587
0.91095424
0.92027777
0.94509584
0.94582504
0.93621945
0.94356024
0.93849653
0.94308311
0.89811254
0.94972920
0.93579865
0.94708323
0.93855202
0.94695336
0.94256842
0.93604952
0.94505227
0.94311738
0.94685984
0.92846543
0.92695272
0.93387443
0.94670832
0.92701530
0.94917923
0.90616953
0.91523188
0.92368287
0.92810440
0.92536402
0.92750239
0.90770334
0.91183275
0.91753912
0.93788171
0.91693193
0.89044380
0.92580694
0.94761139
0.94785935
0.95472735
0.92651957
0.91772819
0.90123373
0.93255967
0.94218856
0.92676705
0.94359446
0.93241942
0.93040144
0.92098892
0.92179251
0.94340342
0.94413012
0.95049840
0.89851999
0.91003799