0.06721490
0.07870363
0.05329001
0.07010238
0.10405605
0.07600453
0.08689999
0.11594184
0.12615979
0.06325991
0.07518756
0.08161745
0.06033118
0.12530780
0.05079367
0.21481796
0.07134189
0.09076729
0.06799816
0.12391632
0.22348338
0.09980386
0.08716229
0.12772702
0.03886284
0.12079182
0.04964922
0.10868493
0.12791219
0.05309137
0.13341092
0.07364693
0.10057647
0.12264183
0.07045783
0.12062202
0.07474479
0.07796173
0.10298967
0.05204847
0.03600550
0.16723695
0.08417743
0.07533511
0.10473739
0.08471905
0.02309544
0.18106306
0.09390970
0.10632870
0.08333151
0.08240546
0.13707307
0.12372084
0.09301797
0.11588950
0.02152480
0.08230881
0.11988214
0.08217124
0.18142074
0.05103612
0.23075201
0.10954101
0.02865789
0.07457104
0.08414649
0.11140003
0.03807160
0.12864538
0.09952530
0.10542890
0.07093733
0.09173883
0.08906869
0.17437208
0.03582661
0.16136618
0.14303043
0.12491389
0.10683949
0.09832720
0.04695424
0.07259829
0.12933473
0.11718597
0.13843811
0.04274792
0.08010016
0.03752246
0.14428204
0.06950852
0.12271632
0.13594574
0.12448218
0.06230324
0.05592060
0.03539785
0.16372056
0.14689249
0.08643981