0.10303149
0.14829709
0.12250083
0.20788725
0.12849572
0.08113275
0.19050679
0.12741509
0.07089771
0.12447424
0.13312264
0.04933219
0.17483348
0.20824724
0.07819611
0.13420583
0.14781943
0.16733856
0.09538589
0.15694535
0.15018010
0.07452220
0.07791379
0.15299399
0.13877033
0.15071136
0.08089423
0.18122920
0.08600991
0.19552678
0.05907314
0.11325667
0.14636672
0.15635528
0.20310768
0.20561422
0.20031250
0.08637307
0.09736031
0.10021853
0.09239641
0.07589840
0.08112355
0.06465884
0.05325493
0.08474057
0.13412121
0.08306918
0.09894259
0.17691992
0.21241120
0.16256471
0.06053850
0.09669401
0.23903248
0.11292411
0.15955797
0.12534656
0.08511035
0.03075637
0.04799306
0.10342404
0.08480568
0.02640631
0.19440590
0.06034124
0.09359138
0.11477967
0.13103715
0.10220044
0.15195048
0.27497748
0.23440360
0.12726483
0.04030824
0.14887069
0.31392103
0.23858151
0.08301845
0.17881811
0.08274382
0.08923931
0.08509121
0.09076800
0.03025620
0.20743963
0.14509313
0.18785019
0.10207319
0.14383620
0.14453132
0.12404142
0.10110317
0.21321267
0.10674317
0.05769908
0.12442275
0.06015471
0.07938371
0.07997812
0.15129752