0.08263827
0.11125404
0.12021337
0.16832179
0.08790794
0.20199345
0.24909230
0.18951286
0.29654673
0.33617902
0.23524559
0.19473445
0.21194237
0.19389583
0.18989463
0.19283020
0.23040316
0.16247626
0.28444970
0.37455356
0.27959934
0.15205179
0.10482402
0.14689857
0.16464919
0.18915667
0.12224783
0.15592299
0.13448432
0.23646696
0.29176638
0.26857141
0.16715975
0.23714143
0.15767045
0.10951060
0.32893738
0.17981933
0.31601515
0.44231465
0.39445332
0.36527020
0.56172025
0.52761286
0.53285116
0.46974620
0.34999382
0.19744866
0.20254543
0.27929902
0.33743370
0.35781789
0.34476769
0.33646637
0.34459090
0.30879840
0.33605027
0.37205616
0.37254867
0.28894386
0.41374901
0.41273066
0.43033391
0.41170228
0.44249755
0.44147483
0.30880105
0.28066495
0.27975500
0.15262088
0.09326369
0.03337229
0.20070809
0.12174539
0.05503174
0.08904072
0.04914197
0.06304393
0.20883240
0.23885493
0.33907250
0.27907231
0.34246093
0.34325233
0.22087690
0.17523488
0.11821236
0.21504934
0.19356443
0.11044329
0.12783007
0.15201408
0.07136679
0.11508720
0.10285220
0.14140740
0.20107132
0.28283548
0.28702071
0.26323563
0.24030977