0.11377785
0.17337981
0.18526718
0.10263861
0.17101637
0.22528258
0.21916308
0.22669002
0.18510190
0.17037924
0.19487268
0.19933327
0.10206288
0.25290239
0.37683737
0.28454626
0.28598270
0.27468070
0.24212168
0.19991800
0.10771935
0.08958677
0.15386143
0.16147465
0.15102234
0.05657309
0.39889836
0.40301353
0.39133349
0.16272546
0.13401026
0.18826921
0.26535842
0.21730749
0.15873113
0.34599307
0.29494578
0.24112904
0.14447477
0.11706331
0.10283965
0.25747830
0.18099546
0.22936228
0.19445354
0.13771315
0.03185567
0.12259483
0.16850834
0.20613211
0.44581023
0.30350196
0.23171678
0.39288893
0.43507701
0.23774819
0.34361258
0.40254322
0.34599620
0.15807855
0.19394226
0.09099156
0.14077406
0.24210459
0.15571490
0.15787426
0.26291251
0.29426193
0.39616737
0.40458542
0.42399791
0.50294006
0.45320591
0.34337300
0.24921601
0.18896534
0.27459216
0.18936464
0.19151543
0.13324131
0.09978610
0.28318876
0.38923061
0.35742146
0.31355146
0.20121147
0.13782169
0.32068810
0.24740601
0.31246939
0.15608698
0.26709330
0.24243484
0.31610188
0.34175178
0.26140171
0.12408681
0.26477295
0.15276997
0.08907303
0.08859543