0.09163785
0.06043206
0.15048215
0.04810806
0.09177834
0.04249137
0.06579475
0.17695142
0.17954138
0.08805884
0.20255665
0.11115719
0.07483380
0.12696490
0.11489788
0.10797930
0.10668073
0.08644915
0.12960878
0.09004805
0.06950644
0.09557214
0.12162715
0.07942110
0.05813222
0.16327073
0.08933149
0.10659585
0.09835494
0.17925687
0.16594787
0.18493061
0.11783750
0.16330393
0.14127614
0.10522166
0.05114675
0.12037552
0.10243345
0.06325306
0.12411381
0.20016567
0.09527734
0.10672435
0.07307995
0.14518055
0.07811335
0.05995122
0.01668799
0.13600117
0.13554558
0.22942923
0.14738274
0.09806540
0.10517836
0.09409013
0.08673037
0.15221936
0.11968371
0.05519800
0.12456618
0.12821333
0.18221413
0.09490182
0.05934143
0.12704416
0.04560621
0.12474731
0.12235314
0.04549791
0.13365225
0.18037203
0.14237981
0.16297710
0.11074071
0.20284687
0.23107542
0.06235667
0.10286910
0.12833413
0.18730396
0.08528143
0.15451881
0.13682298
0.11533266
0.10448989
0.12107097
0.05969986
0.12986106
0.14990768
0.12804408
0.12388160
0.18662670
0.18445081
0.17629012
0.04071677
0.13093033
0.08317243
0.11297005
0.21922266
0.07401328