0.08263827
0.09322428
0.05074009
0.06686682
0.16487080
0.12468164
0.14993696
0.14950816
0.03630424
0.04953640
0.10156690
0.05441070
0.14040744
0.03282600
0.10210985
0.11735824
0.08186969
0.08482151
0.10957575
0.12827830
0.10937332
0.06243940
0.11789292
0.06795256
0.17014100
0.07365876
0.02080402
0.07265546
0.06661742
0.17734677
0.09377155
0.04739838
0.05187846
0.05041800
0.06862848
0.05733138
0.06747546
0.13114552
0.15298413
0.12468109
0.08525153
0.11636980
0.03497568
0.03532984
0.06223042
0.09895397
0.11092117
0.05687213
0.08713440
0.07989887
0.06691292
0.15626515
0.11578679
0.13370328
0.12886599
0.03856411
0.09484314
0.08432028
0.19537477
0.09876446
0.19442230
0.03758063
0.14592826
0.07269773
0.10752752
0.07940030
0.12717052
0.10454768
0.02875188
0.07013454
0.09038766
0.09766787
0.02773154
0.08539452
0.04833288
0.03673423
0.03013572
0.15839230
0.06617261
0.11159649
0.16769476
0.07700522
0.03606323
0.07775491
0.10048760
0.07798371
0.12147972
0.08442392
0.14696257
0.08483964
0.08380157
0.08938700
0.06105738
0.04174022
0.08566636
0.11062407
0.13177925
0.07411895
0.10278613
0.12111218
0.10301301