0.05446990
0.17034379
0.16810429
0.13427962
0.08809270
0.05215592
0.09334119
0.14525241
0.08275266
0.16621542
0.13227648
0.05637364
0.17898636
0.12350678
0.04095013
0.04928154
0.13952982
0.07252549
0.08313891
0.09275988
0.17729861
0.05736820
0.00471044
0.14939442
0.10645771
0.10537777
0.05356516
0.09160218
0.13135728
0.07087398
0.09068942
0.15389544
0.13178125
0.11433376
0.10835391
0.02082143
0.14209875
0.05488028
0.10173626
0.05829883
0.16306582
0.07407749
0.10820239
0.06775329
0.11336520
0.05504562
0.19230759
0.12685570
0.06087039
0.17452446
0.04058278
0.09690635
0.21416956
0.14005469
0.09809433
0.18439949
0.09150778
0.20107673
0.18862352
0.10847176
0.12319535
0.10070410
0.09584897
0.03985397
0.09938713
0.16268247
0.07798249
0.18352140
0.13324599
0.14484833
0.06887625
0.13353182
0.02969948
0.07579167
0.13720411
0.10551930
0.07823434
0.08392698
0.08964575
0.12939887
0.12751716
0.05237352
0.20585783
0.11074435
0.06657769
0.08571236
0.05628727
0.17738020
0.04714179
0.10568070
0.13411741
0.09562894
0.10859267
0.13594380
0.17412180
0.11694148
0.13518146
0.05350898
0.06043588
0.03686348
0.08818392