0.05636942
0.12474637
0.09317432
0.14126162
0.14298905
0.13442457
0.21996516
0.03379180
0.07111467
0.12460922
0.17305812
0.07425374
0.05352927
0.10214914
0.08896490
0.12290164
0.11889239
0.17262775
0.08284353
0.12901515
0.12930588
0.04671286
0.06998726
0.13695592
0.03608165
0.08574602
0.08718608
0.05347238
0.16211265
0.12701744
0.15168746
0.16934958
0.07720935
0.10453797
0.25544825
0.15352625
0.06283858
0.07524063
0.13765554
0.18170030
0.18474784
0.13057050
0.16665229
0.20598656
0.16682401
0.11445971
0.13311906
0.04487195
0.08317707
0.03702806
0.12985498
0.15663092
0.07737702
0.06065705
0.08998069
0.09964643
0.09995610
0.12028345
0.06730033
0.06685830
0.08057622
0.08884960
0.08629455
0.16394675
0.06169343
0.06595112
0.12119541
0.12403941
0.07064610
0.16396877
0.17909372
0.11318115
0.10098943
0.15929598
0.16064909
0.05740093
0.11648616
0.01747616
0.18352517
0.18601161
0.08814612
0.07383324
0.06633752
0.14877900
0.09089232
0.15105876
0.08498254
0.10439654
0.17633709
0.12458679
0.15289642
0.10085252
0.20842703
0.22131729
0.18220201
0.14713007
0.09575381
0.05302490
0.13567275
0.11221302
0.11115084