0.08236460
0.08601260
0.12596305
0.05349595
0.05734198
0.07349309
0.05557503
0.10884039
0.22064680
0.06797483
0.08995090
0.08949920
0.17499387
0.19017467
0.15376490
0.11763981
0.11502975
0.12004862
0.08385846
0.14860779
0.12688194
0.12640041
0.12901230
0.07905162
0.06969294
0.08654574
0.34449825
0.20560260
0.14969654
0.08540470
0.09389808
0.12628502
0.06005284
0.15055002
0.05331571
0.08045050
0.09047240
0.16420507
0.18739606
0.09657650
0.13081531
0.17756297
0.14958391
0.23488814
0.15944651
0.07515346
0.10630533
0.12911606
0.18187365
0.01478365
0.12207530
0.11832662
0.15915732
0.17756137
0.07986667
0.04576007
0.10019373
0.10514996
0.10919666
0.15913099
0.19126278
0.07354213
0.22015114
0.17533284
0.09953406
0.12709102
0.09539798
0.06793672
0.15690464
0.10274280
0.08421081
0.12554565
0.12473433
0.16212034
0.10132428
0.05945833
0.16884591
0.06763589
0.13024132
0.12956630
0.09279361
0.17964140
0.08844876
0.06624331
0.15204030
0.16584735
0.11265404
0.06673941
0.15685737
0.13429497
0.07722922
0.09881410
0.10772321
0.05289869
0.04280451
0.07154341
0.04824402
0.09625633
0.13123274
0.05227036
0.23404308