0.11421080
0.07703701
0.05033642
0.11372039
0.06485883
0.10778449
0.10299373
0.04453813
0.14109814
0.08402001
0.12926145
0.01392750
0.25026995
0.08400334
0.09001169
0.06853458
0.15651439
0.07465309
0.09606174
0.05244826
0.12721080
0.05314442
0.10074942
0.08796085
0.10746264
0.08719163
0.08677244
0.07550845
0.12249862
0.05446714
0.13980250
0.05900232
0.03855131
0.15559426
0.11618057
0.13988078
0.14705616
0.05520319
0.05229974
0.09854999
0.07836003
0.05010320
0.04408089
0.06727083
0.15226106
0.13894533
0.09031150
0.09816163
0.05423468
0.06836536
0.12041590
0.06752022
0.04631243
0.09698547
0.10252315
0.09400156
0.12387057
0.04114200
0.04900993
0.07775011
0.03829606
0.10423428
0.14114963
0.07440214
0.04728497
0.09722644
0.03028159
0.05864249
0.04900546
0.19756578
0.04884801
0.06411557
0.08341796
0.09918316
0.07924430
0.03568762
0.12736547
0.09505787
0.11300451
0.12953147
0.02508674
0.05987118
0.12930974
0.07418634
0.04826933
0.18543562
0.05759912
0.12123242
0.07824025
0.14141974
0.07109091
0.04471220
0.06736324
0.03315089
0.09254745
0.09054211
0.06243120
0.16399311
0.08043418
0.02498205
0.07309512