0.04789208
0.30400771
0.75142038
0.82854646
0.80030060
0.87389827
0.84283507
0.89059210
0.85962534
0.84186929
0.87770379
0.89308554
0.89972609
0.84448045
0.80822474
0.88678956
0.89670241
0.86756414
0.88882065
0.87270743
0.77075577
0.85840887
0.87086946
0.88094169
0.82830071
0.86318952
0.91153669
0.88264418
0.89218605
0.88936037
0.85779089
0.80983233
0.85275978
0.82770175
0.87108904
0.86237878
0.86809111
0.82604164
0.87177175
0.87166452
0.85601997
0.90498030
0.85995257
0.79640442
0.84971613
0.80128896
0.84089708
0.88721484
0.84054589
0.84949303
0.87047064
0.80819207
0.81140822
0.79402971
0.74665999
0.82544160
0.66459256
0.80963522
0.82446444
0.81327158
0.83812606
0.87255341
0.77738309
0.85024434
0.81776619
0.75280732
0.66915029
0.76760381
0.70653617
0.84314728
0.77738845
0.78882188
0.76874518
0.86796218
0.86845595
0.81452209
0.74823427
0.70914161
0.80681831
0.76532388
0.80432165
0.87898582
0.73588258
0.72682691
0.69842166
0.82549500
0.78130800
0.70915765
0.75475091
0.66265243
0.81802958
0.88383436
0.80458647
0.86677432
0.87298006
0.82967669
0.90242326
0.88548875
0.84577757
0.83204621
0.73222411