0.06924482
0.04929109
0.06000433
0.03927072
0.08115084
0.07950876
0.07908104
0.06462280
0.07990719
0.06322129
0.09648944
0.07250191
0.05105298
0.12717643
0.08620413
0.08561471
0.07225460
0.08800312
0.08296010
0.08803184
0.12126704
0.08398232
0.06136545
0.06246996
0.06305283
0.13784420
0.04615748
0.07117247
0.11622576
0.07334453
0.07862453
0.09190865
0.03470670
0.03640671
0.12402187
0.08731374
0.06797451
0.07597328
0.05175379
0.21226402
0.06650105
0.07987447
0.13008933
0.14759743
0.06053918
0.17491047
0.11960303
0.06579620
0.16148277
0.06845722
0.15486705
0.11871993
0.07840411
0.05136945
0.13132063
0.17166051
0.11507550
0.12464816
0.03899847
0.09110424
0.09936593
0.14657310
0.04380808
0.08770746
0.10100719
0.12382748
0.15068969
0.07137252
0.10973034
0.14343195
0.02508622
0.06222132
0.07092533
0.05788907
0.03781948
0.11775367
0.11410097
0.04706193
0.05631404
0.11695869
0.08820066
0.08254471
0.08125168
0.24272782
0.10418972
0.13834280
0.12519722
0.12030473
0.03264723
0.11125807
0.11021741
0.07294869
0.06162398
0.10101159
0.02953186
0.05021359
0.11030637
0.10174190
0.00605174
0.12840818
0.09928040