0.11438119
0.13868123
0.11314759
0.15543157
0.11966164
0.11934896
0.08841883
0.04987299
0.14285773
0.11011741
0.10792714
0.17372404
0.11290271
0.13913544
0.03054428
0.02663040
0.10041209
0.15795989
0.04636647
0.11097895
0.09152813
0.13227694
0.18108989
0.12778369
0.06136905
0.07926485
0.13553435
0.17419070
0.20534155
0.17168592
0.12321854
0.10192009
0.11677193
0.12411176
0.08717965
0.14356312
0.09147592
0.06355876
0.09355497
0.09889309
0.05050676
0.13561289
0.07643609
0.12881754
0.09255752
0.06749994
0.08644442
0.12380051
0.06513897
0.12608512
0.06996115
0.11616229
0.07303523
0.11929335
0.12770911
0.10174517
0.09971519
0.14493294
0.08339518
0.07466996
0.10567838
0.10527237
0.08402061
0.09611954
0.08208848
0.06545606
0.08228945
0.18457367
0.08609779
0.08782706
0.06858215
0.05882460
0.07830414
0.03212211
0.11006165
0.14939579
0.05569165
0.05693625
0.05365108
0.11391438
0.06562819
0.11149251
0.13680634
0.08153501
0.08967613
0.10520962
0.21927321
0.10506425
0.07799135
0.17158030
0.11140169
0.04920871
0.09724569
0.05020158
0.13855565
0.09313155
0.10875414
0.01448701
0.06625266
0.04860405
0.07870807