0.11598152
0.11851078
0.27968568
0.11562974
0.09784515
0.18460751
0.21504137
0.23858573
0.11693282
0.21536107
0.18155016
0.13901958
0.13166952
0.16774818
0.20777082
0.15103675
0.29804134
0.22666059
0.12715819
0.14313327
0.26976797
0.25071380
0.11688940
0.03749815
0.26223746
0.39328587
0.23215394
0.33159667
0.17582442
0.15023676
0.24246384
0.29133219
0.35787690
0.45214280
0.40246341
0.24107552
0.28376931
0.31819585
0.22910382
0.20054871
0.48248914
0.30383286
0.20145741
0.26006731
0.33577752
0.31525213
0.34960553
0.46616149
0.52124250
0.39307228
0.34324351
0.27342242
0.31615457
0.34725925
0.30662051
0.22491655
0.20903106
0.29819307
0.27447051
0.30099458
0.27806816
0.27848271
0.24214706
0.42608246
0.50820464
0.32880133
0.33348209
0.53445154
0.52353430
0.63304853
0.56390917
0.49210942
0.64116013
0.53471011
0.55803156
0.48847979
0.55465585
0.45777303
0.47586650
0.50557417
0.53832173
0.51275510
0.56487536
0.39968887
0.38928661
0.51300979
0.55156654
0.47674599
0.44909057
0.50507647
0.55804557
0.52898252
0.62044007
0.45049554
0.49315751
0.49498767
0.48898065
0.39892703
0.31230533
0.33416408
0.44928467