0.11506237
0.07419464
0.08032803
0.05004503
0.07735087
0.05327771
0.09897532
0.09545395
0.15077569
0.13611102
0.03346045
0.08499366
0.15365739
0.07615301
0.12531143
0.05620702
0.05665917
0.18635044
0.10951795
0.08489090
0.05338756
0.13925301
0.11406974
0.07112227
0.03777131
0.12193555
0.14331101
0.18789405
0.13932949
0.10293998
0.15331778
0.13958317
0.07105062
0.10433932
0.07485969
0.06172793
0.07127413
0.12908846
0.09917307
0.07756504
0.08978026
0.15608452
0.04540855
0.15279505
0.05401674
0.07106937
0.03197933
0.09085397
0.13694884
0.14769559
0.07829805
0.15585519
0.08415851
0.09984313
0.09795247
0.05079145
0.15010771
0.04980747
0.12300890
0.11907362
0.22547472
0.12805896
0.08116821
0.05340797
0.16915123
0.03782205
0.10936513
0.07522940
0.07721016
0.09178521
0.13426588
0.11151174
0.21321476
0.04680030
0.14698631
0.05322327
0.03924023
0.06964941
0.07907000
0.14028448
0.03678908
0.02140436
0.07080197
0.07907516
0.03113500
0.06226207
0.10889514
0.10458814
0.09824491
0.09088279
0.09990140
0.05389873
0.19173172
0.12559897
0.08133305
0.06457223
0.06542692
0.14753953
0.11887255
0.08361585
0.02392708