0.14674504
0.06597279
0.07170565
0.12292962
0.15798417
0.06550056
0.07144487
0.13779958
0.19636358
0.07062823
0.08834870
0.08264617
0.08370731
0.05149311
0.05076388
0.14048584
0.11029946
0.02885039
0.08772110
0.13314719
0.06935091
0.05860460
0.07005500
0.10871989
0.13739982
0.05493737
0.08348009
0.03965938
0.10474750
0.05181103
0.11846753
0.14846116
0.13002805
0.10958930
0.12307341
0.08341610
0.08560638
0.05583050
0.05110930
0.07054176
0.17713839
0.07001105
0.07260975
0.05964193
0.03945600
0.05595209
0.13393377
0.07758361
0.08258261
0.19420099
0.06425050
0.08590640
0.16197695
0.11469150
0.08170273
0.09053448
0.09847599
0.09828206
0.10751054
0.13212846
0.05583063
0.08845090
0.09658282
0.15544403
0.04340221
0.10065152
0.09398539
0.08383805
0.13231607
0.08116794
0.05395191
0.07416499
0.08235552
0.06973065
0.07129969
0.15317665
0.04993787
0.17387265
0.12656942
0.06570025
0.09139456
0.11538213
0.13112971
0.06552792
0.09445307
0.01691080
0.10893843
0.13607191
0.13159363
0.10509241
0.03762681
0.04516317
0.03753897
0.04785911
0.10296246
0.06687585
0.04574300
0.11020119
0.09611328
0.13159321
0.15038618