0.06360167
0.07687078
0.22168434
0.19457747
0.20452188
0.14989462
0.12739289
0.18435247
0.07403048
0.13899893
0.38436326
0.24898893
0.26668572
0.21704926
0.40997925
0.31254607
0.48314792
0.44997796
0.37403804
0.39972496
0.44944867
0.33542833
0.35260591
0.26685917
0.32464495
0.27322069
0.15959226
0.28790939
0.18408270
0.24755806
0.19338718
0.15174702
0.19740023
0.17500368
0.22370082
0.26214704
0.31358591
0.38296917
0.30628330
0.16759071
0.25491145
0.10401559
0.10695836
0.08614560
0.21287555
0.23863754
0.28004512
0.17333432
0.11830663
0.22264919
0.20810626
0.16682902
0.28251663
0.28114283
0.20033403
0.17878130
0.26470906
0.14803761
0.11016931
0.21246018
0.30589464
0.17345068
0.31817496
0.39921176
0.36538571
0.22812237
0.12508895
0.15488881
0.19089538
0.27632990
0.27986112
0.14583565
0.17279130
0.18498552
0.22843073
0.24546050
0.22081949
0.30490595
0.28098893
0.37764463
0.39442948
0.35487789
0.17567787
0.18436314
0.07559898
0.09618313
0.05451176
0.11110613
0.12033755
0.15198594
0.12272817
0.19544296
0.15966313
0.22641879
0.10773709
0.17121862
0.17392808
0.20431210
0.31189319
0.28377065
0.28801501