0.17855704
0.15049788
0.18904576
0.11414473
0.09348734
0.21040955
0.21820308
0.10511810
0.31225652
0.27268818
0.17168719
0.24216768
0.21423388
0.14225744
0.19032668
0.12816632
0.12859394
0.09407588
0.17559910
0.07276294
0.14481345
0.21303931
0.24892564
0.12800467
0.07987148
0.13560563
0.19060108
0.28087735
0.30259955
0.20054770
0.20023920
0.14052281
0.06694314
0.32014954
0.16409960
0.15093508
0.22446293
0.10996626
0.13703570
0.05129728
0.08610831
0.14546488
0.22168799
0.23655142
0.36403614
0.20189160
0.35504314
0.23284742
0.30445567
0.36895075
0.33640471
0.23367383
0.17216265
0.22259322
0.18445477
0.35610527
0.23656885
0.15407228
0.24979448
0.25928119
0.25962114
0.20607227
0.31577149
0.13543858
0.07381374
0.20427951
0.16306543
0.17863503
0.16805515
0.08675703
0.06057997
0.23522484
0.23357160
0.18117814
0.26638669
0.27331302
0.23197521
0.14501864
0.18029381
0.10883937
0.17874025
0.24803671
0.16132428
0.12002563
0.14377868
0.17729977
0.13686821
0.08548039
0.15152664
0.13210370
0.25521088
0.20243323
0.23234499
0.16411236
0.13842908
0.05295378
0.17346171
0.07802276
0.13694482
0.14857225
0.16455781