0.08449510
0.13484997
0.11149748
0.12441364
0.14402218
0.17402349
0.16382770
0.17976578
0.07041304
0.15357828
0.16793269
0.11110646
0.14692947
0.11633185
0.18332016
0.09117952
0.12730299
0.09875353
0.12211742
0.10302044
0.19645457
0.13181823
0.11739625
0.10056134
0.18691051
0.18235022
0.16142152
0.07108404
0.17730735
0.07445231
0.04184926
0.21456097
0.17695358
0.23684460
0.10522179
0.10254523
0.07280744
0.07947271
0.05664014
0.10568455
0.06531207
0.14656332
0.13680463
0.17098661
0.13365972
0.12517633
0.14423008
0.01437891
0.08251590
0.11113984
0.06426082
0.08349384
0.10225668
0.08926605
0.12125997
0.15559094
0.06997649
0.17038468
0.09049606
0.05718431
0.11615528
0.19769627
0.11877205
0.02439266
0.23186316
0.10158698
0.19598414
0.11354516
0.19461246
0.13292444
0.09208675
0.10148783
0.20302945
0.07422450
0.18558441
0.08565231
0.06748827
0.11832245
0.11576445
0.13882340
0.15089318
0.08285311
0.04227392
0.07196730
0.05780570
0.14019720
0.12334609
0.15299760
0.14716831
0.12052100
0.15828653
0.19453688
0.09627601
0.14258999
0.12036164
0.12967782
0.19014864
0.08587494
0.12652870
0.16333391
0.08544407