0.04015391
0.11248367
0.14559063
0.12705266
0.05922743
0.08922411
0.09681636
0.13493791
0.04972480
0.05111691
0.06227841
0.06357496
0.01181756
0.12917411
0.08906612
0.01761821
0.17689373
0.08917270
0.02120331
0.07508865
0.14964275
0.02995560
0.09046014
0.16780624
0.03960543
0.15293831
0.04249268
0.16831267
0.08067132
0.04507216
0.12209933
0.03593197
0.08863503
0.12447578
0.10286729
0.06216560
0.05198952
0.09244145
0.12454342
0.09493910
0.07649254
0.14362289
0.06804610
0.13475782
0.07689109
0.15165386
0.11472958
0.06463426
0.02430530
0.12459597
0.12184544
0.18614733
0.08223230
0.06223767
0.12942031
0.10927513
0.04291206
0.08033133
0.08333308
0.13658743
0.11066034
0.06894848
0.06472144
0.13815570
0.08751605
0.09997810
0.09810259
0.08428459
0.12152109
0.04183484
0.02684625
0.12298679
0.09384815
0.09932382
0.16748196
0.13683024
0.07684575
0.10903120
0.08590267
0.09482748
0.04405093
0.20772095
0.07075381
0.05857989
0.13588054
0.11952864
0.04884809
0.08080025
0.12779021
0.06184081
0.07953037
0.04334967
0.17205790
0.09338856
0.13866927
0.12524399
0.09667073
0.08152018
0.16262475
0.09441410
0.07519536