0.07551902
0.05412550
0.09290739
0.09628626
0.05733505
0.09284425
0.02746885
0.14469361
0.05142479
0.10209431
0.12077843
0.05902873
0.11767317
0.13964079
0.06636847
0.18799314
0.05123356
0.05474220
0.09379227
0.06798892
0.08179317
0.10923010
0.16496031
0.06988323
0.13184211
0.08128712
0.12427671
0.04969149
0.16034003
0.12589528
0.11589969
0.08221697
0.11750699
0.06822077
0.04363743
0.12044570
0.11588891
0.15218607
0.09680387
0.10623980
0.14653353
0.09928128
0.13618463
0.16092622
0.05359694
0.04424984
0.07486349
0.09784228
0.11719339
0.04864191
0.06082979
0.15622471
0.09214765
0.11092537
0.10650034
0.08583366
0.09875277
0.06483529
0.05037737
0.06043805
0.05385651
0.03331293
0.06962072
0.06965960
0.09076457
0.03045009
0.10604988
0.09663612
0.03875097
0.03269296
0.07657811
0.07542711
0.04302863
0.11935165
0.09857836
0.21643659
0.06805000
0.12156823
0.04303757
0.11054081
0.12326550
0.09595333
0.09429195
0.11194647
0.14956060
0.14752831
0.05791038
0.04748757
0.13928473
0.16284774
0.06952573
0.02467602
0.11509447
0.08379653
0.08669552
0.07760695
0.06204722
0.08819713
0.05203551
0.10094461
0.03336282