0.13204351
0.91579211
0.93203509
0.89916611
0.94652694
0.94099844
0.92719811
0.93030530
0.92997330
0.93691081
0.92969459
0.92344111
0.91894895
0.93067992
0.90380186
0.93132430
0.92454386
0.92912912
0.93854547
0.92750663
0.94512504
0.93661189
0.90940773
0.93082774
0.92625374
0.88406289
0.90438211
0.91964644
0.92242330
0.92161107
0.91247946
0.92404914
0.94165152
0.92789549
0.91872686
0.91232800
0.92151022
0.92124259
0.92475235
0.91122574
0.91526300
0.92245430
0.92022133
0.93043077
0.94859523
0.94434983
0.91896319
0.93960905
0.94277728
0.94776636
0.93782377
0.92739081
0.93063986
0.94780099
0.93045962
0.92013025
0.92246306
0.93488747
0.93673414
0.92645150
0.90740532
0.93967050
0.94111937
0.93786025
0.93504441
0.91528344
0.90296996
0.93290925
0.92826378
0.94395590
0.93242037
0.93542975
0.92283064
0.91166610
0.92723078
0.92779648
0.93724418
0.91317731
0.91951019
0.91232699
0.93797255
0.91496867
0.91450113
0.93579322
0.92476678
0.92005789
0.94306833
0.92882216
0.94252419
0.92794400
0.92645484
0.92433709
0.93229020
0.92881471
0.90719533
0.94476205
0.94513649
0.94148993
0.92619658
0.91698974
0.93923491