0.11512381
0.09251599
0.09658939
0.07018444
0.09310931
0.15938097
0.15435699
0.08539905
0.12552719
0.12769587
0.06143153
0.09787760
0.14676960
0.09108540
0.22436464
0.19626780
0.06731942
0.06153652
0.11020985
0.09592832
0.08929697
0.10385739
0.08178475
0.11269199
0.10630669
0.10230010
0.09695294
0.08014325
0.09634041
0.04797791
0.08369501
0.09506518
0.04371723
0.05461852
0.09027007
0.08244107
0.07322090
0.08961956
0.11456388
0.06798831
0.08646779
0.12267831
0.09937675
0.15285771
0.07964161
0.07833073
0.06791362
0.07615398
0.08905831
0.10707739
0.08066130
0.12548514
0.03898638
0.12724568
0.10156113
0.09564981
0.13046800
0.14020018
0.11956154
0.07009038
0.12401464
0.09804878
0.09736937
0.02354460
0.01230730
0.07944071
0.14155994
0.01675485
0.09525457
0.04332178
0.10527955
0.14490648
0.06409904
0.04121216
0.08726661
0.10056008
0.13643807
0.09274547
0.04193213
0.11464895
0.08287785
0.11806574
0.13144583
0.02857834
0.04308788
0.14036156
0.12950863
0.02190903
0.06193644
0.16652897
0.08334894
0.15046932
0.08576328
0.06898493
0.05755116
0.04061101
0.10692322
0.11529758
0.14896776
0.11067510
0.11548618