0.11598152
0.62349468
0.61138558
0.67652452
0.61448038
0.49776718
0.68458825
0.54285699
0.55761296
0.68279368
0.57399482
0.64612776
0.71907824
0.71179307
0.71133322
0.61604410
0.65219516
0.75600731
0.70777804
0.58739358
0.55496305
0.67709643
0.53686219
0.65968156
0.74125898
0.71919489
0.64147544
0.54416925
0.47722954
0.61495394
0.71274763
0.44638932
0.55222261
0.80873215
0.76537305
0.73801821
0.71295470
0.75519270
0.71206021
0.78586960
0.75398666
0.81242979
0.80419648
0.61654574
0.60616326
0.59420711
0.80905777
0.80225939
0.77715129
0.74612534
0.70116043
0.64723128
0.69372660
0.64695287
0.58760482
0.80331004
0.73953271
0.77682680
0.56458753
0.69064254
0.61067021
0.68788230
0.81393021
0.66230941
0.77312803
0.81534904
0.78409547
0.72283888
0.69552755
0.66264403
0.79651296
0.68166941
0.54195172
0.62900692
0.82951754
0.66963607
0.70052779
0.86007851
0.72209173
0.82378989
0.82295477
0.85997713
0.78123057
0.75412661
0.79962188
0.74830377
0.79955703
0.77777040
0.80979729
0.74241608
0.76702118
0.69707465
0.79785895
0.61935252
0.71361274
0.70616227
0.64153236
0.51516706
0.52000898
0.62354088
0.75122470