0.05321941
0.91949546
0.93286157
0.91317934
0.92986739
0.94717360
0.94999141
0.93082911
0.95450234
0.95733178
0.94430214
0.96087998
0.95654070
0.95800561
0.93929273
0.94071943
0.94532394
0.93934494
0.95967209
0.95512235
0.93521762
0.94500130
0.94072700
0.94276869
0.96021479
0.95109457
0.93277436
0.92499739
0.93938386
0.95072383
0.94669950
0.95352310
0.94284940
0.94406450
0.91675723
0.86944097
0.93138260
0.91886675
0.86749560
0.89837891
0.93355143
0.93351972
0.93721807
0.88921285
0.92353761
0.93833566
0.90833741
0.93385291
0.93419629
0.94623166
0.95141929
0.93273973
0.94279569
0.91314405
0.94116724
0.92748964
0.91974902
0.90239090
0.90055633
0.92694390
0.90144342
0.92123055
0.94092077
0.93480444
0.93224585
0.94195783
0.94747132
0.92141730
0.95371246
0.93979722
0.94898301
0.96185946
0.95513266
0.95319450
0.93573380
0.95738113
0.93128783
0.94701314
0.90001571
0.93532640
0.94499433
0.94229889
0.93875849
0.95117980
0.92325866
0.93262434
0.93389916
0.96241593
0.94968790
0.93778539
0.92645526
0.95391786
0.95328939
0.92541170
0.92772055
0.92275697
0.94070989
0.95242280
0.96066684
0.96471983
0.95533681