0.06721490
0.03867035
0.18896368
0.10437265
0.06437554
0.09903369
0.05003506
0.16455576
0.18231358
0.11039158
0.15325071
0.03071092
0.13206330
0.07729704
0.28396091
0.11896751
0.14010227
0.06562059
0.18575649
0.23505236
0.09765502
0.03804969
0.17486386
0.12832804
0.12127080
0.04277526
0.12038608
0.10148913
0.14349359
0.17096685
0.09963253
0.05022243
0.10317639
0.05941095
0.10216182
0.06085182
0.04551711
0.07230199
0.12753448
0.20620380
0.17899767
0.08929079
0.11565577
0.12953344
0.16082771
0.16349487
0.03024995
0.04676706
0.11217624
0.05027207
0.06965645
0.18651992
0.06197403
0.12355736
0.30668330
0.14090410
0.13108701
0.03427096
0.09894469
0.11089462
0.07092820
0.18531124
0.11009596
0.10840303
0.22122341
0.11860684
0.15822977
0.17076290
0.13445199
0.11664487
0.10275664
0.19053492
0.09055666
0.11542571
0.10354806
0.13154349
0.06298878
0.08996776
0.11358070
0.13249926
0.04030039
0.06306087
0.11122223
0.05798314
0.15130593
0.09625788
0.10015568
0.21065684
0.06652621
0.11025520
0.02257097
0.11157257
0.06620927
0.10072681
0.03179266
0.11339753
0.04584186
0.10293762
0.10378040
0.09833432
0.13161038