0.06924482
0.17442991
0.09301546
0.16984922
0.12639137
0.11190739
0.19003914
0.29583338
0.10195106
0.12851433
0.18041740
0.06112008
0.16471009
0.15431520
0.21925934
0.10085134
0.07305813
0.20845644
0.14517584
0.16749305
0.24437842
0.23974966
0.19145909
0.23957628
0.28255618
0.19085087
0.28851369
0.44485611
0.23536906
0.11988202
0.16095500
0.18549359
0.19155082
0.37827516
0.25793770
0.06306300
0.20511523
0.23332597
0.29710916
0.26154143
0.19133776
0.12662005
0.13969736
0.25091752
0.29494384
0.32832894
0.38075680
0.40153748
0.22383511
0.24206263
0.17740135
0.11000944
0.09958673
0.22872753
0.33784026
0.33219948
0.15883976
0.23286581
0.25923863
0.26968801
0.27923867
0.24925438
0.05654616
0.04874410
0.11610620
0.23960724
0.25209209
0.27155870
0.16703326
0.22165075
0.27955475
0.37684634
0.38226819
0.30507654
0.15202810
0.20527276
0.26612028
0.09663364
0.18923721
0.29291150
0.27409470
0.34879452
0.32867035
0.15815964
0.17860794
0.18519062
0.21779144
0.04634105
0.30352515
0.08207162
0.11583130
0.15503898
0.18314144
0.18807207
0.35656694
0.34015933
0.28217152
0.19670880
0.34199268
0.31147259
0.31624880