0.05636942
0.05233526
0.11297727
0.09999748
0.08315155
0.10853522
0.18052055
0.21634021
0.19320251
0.25160101
0.03884003
0.13586457
0.08232409
0.13298358
0.08410642
0.08918063
0.05632763
0.10886063
0.04224711
0.09450611
0.13461882
0.24986206
0.02032165
0.08408070
0.07136232
0.14603658
0.11901541
0.11451676
0.05327521
0.10375088
0.10032348
0.21473403
0.08776757
0.09592947
0.00997046
0.05172105
0.20227711
0.22771442
0.06098214
0.00920870
0.08806303
0.07569889
0.13491665
0.10856018
0.04047142
0.10453440
0.09768384
0.18522091
0.12010776
0.17140120
0.14927651
0.15470050
0.11494404
0.16364215
0.14411269
0.07469762
0.09164885
0.16225216
0.05766597
0.11807667
0.11482716
0.15697986
0.20445836
0.08056265
0.04231025
0.07479386
0.14281613
0.08403294
0.13066114
0.08217178
0.10784301
0.13772754
0.07753116
0.10248471
0.10913961
0.13037688
0.12650986
0.11442354
0.08380231
0.05741825
0.07781740
0.16647965
0.16999005
0.17685053
0.06520543
0.15251119
0.05597852
0.16060555
0.13102046
0.14292219
0.13065991
0.05694959
0.09940548
0.08909425
0.18705767
0.11640637
0.13099362
0.14694479
0.18946525
0.15137093
0.19506779