0.16700435
0.12327038
0.18315706
0.15759955
0.10339989
0.10324936
0.07603775
0.14773323
0.21674190
0.10987289
0.18938312
0.08021797
0.16077989
0.21225309
0.13551544
0.20235161
0.10965664
0.12239723
0.17941841
0.07817151
0.10789791
0.03228060
0.13790193
0.19733775
0.12769514
0.14560801
0.11270788
0.03549354
0.21436426
0.14906892
0.10324212
0.10236894
0.19779326
0.11711779
0.10206953
0.15205029
0.03104580
0.21910229
0.10320514
0.19300522
0.04820409
0.17049499
0.06344762
0.17601648
0.15722078
0.13933788
0.04051854
0.10433917
0.13200401
0.14883035
0.10798898
0.14725368
0.08972535
0.06993210
0.17362157
0.16856167
0.08841412
0.10177819
0.08253089
0.21567264
0.14258072
0.22992724
0.20036192
0.18333475
0.12249288
0.13679411
0.13646005
0.10300294
0.14912274
0.20396847
0.15629312
0.10700779
0.12406299
0.17065240
0.03283568
0.14825331
0.16915894
0.24084079
0.19152547
0.18115295
0.07842810
0.21028915
0.08022320
0.26712963
0.17088366
0.11585664
0.23223054
0.05053655
0.07158125
0.10443763
0.11351014
0.09869385
0.11675964
0.14371857
0.22342797
0.24567647
0.17689958
0.11148597
0.17797458
0.16639128
0.18297599