0.19788478
0.09300596
0.07383310
0.20594449
0.11107252
0.10088173
0.19975647
0.08613999
0.07805891
0.12535062
0.10690322
0.16464439
0.10950620
0.08930694
0.02661584
0.10213514
0.08296524
0.05584751
0.07203338
0.01594818
0.07646997
0.06787980
0.09398483
0.06142560
0.16066429
0.07504921
0.12271982
0.08644757
0.11830944
0.09362426
0.09286199
0.12679899
0.04308674
0.07066269
0.14652200
0.10346938
0.12907448
0.06739731
0.14482516
0.12349820
0.02872563
0.20721056
0.02869997
0.08404184
0.14857903
0.05268979
0.05788872
0.10311665
0.10989638
0.15216441
0.05692279
0.11402750
0.06519920
0.10918977
0.18863730
0.13669677
0.09108009
0.12172885
0.09085222
0.15001796
0.10933597
0.04221502
0.15313382
0.12146599
0.10259299
0.15261903
0.07689194
0.03077936
0.15034936
0.08704425
0.08584614
0.10446991
0.15986887
0.07743096
0.05420610
0.06902847
0.05917195
0.13765024
0.09603582
0.09896855
0.09685547
0.02416316
0.07315349
0.06547510
0.05656169
0.09366373
0.08296346
0.04080945
0.14919913
0.08422092
0.07045592
0.09814756
0.09689808
0.07198595
0.07418921
0.16715068
0.06140031
0.04492353
0.14009899
0.06951641
0.06775262