0.12927887
0.15783370
0.07188078
0.10888308
0.10598042
0.06862107
0.20184331
0.22619556
0.20451833
0.22206600
0.06017098
0.13846169
0.08363306
0.18507521
0.14167403
0.14638363
0.12745196
0.05674040
0.05773051
0.21057190
0.15215081
0.08647835
0.15764114
0.10692315
0.11995152
0.17944907
0.13685846
0.09279074
0.21802834
0.16712290
0.09222598
0.22518530
0.15983596
0.16660058
0.15038230
0.03119577
0.06937487
0.08720545
0.11757172
0.14959657
0.07075551
0.10431235
0.23288992
0.21373223
0.18704635
0.08909933
0.13964084
0.13094236
0.17682882
0.23328073
0.27175647
0.12937339
0.10894728
0.11512154
0.20501946
0.20962788
0.16376203
0.19850284
0.13830334
0.10263596
0.07145813
0.20757613
0.18035555
0.14642332
0.10748246
0.09526328
0.12316778
0.10899278
0.07143856
0.10589617
0.06612568
0.13050361
0.16703878
0.20499107
0.13484116
0.17077060
0.15316413
0.10067159
0.19128090
0.07579918
0.05237148
0.10131165
0.11423970
0.11488859
0.14681821
0.17314361
0.12718707
0.20447451
0.04507684
0.16892353
0.13523561
0.17470968
0.15320221
0.14011054
0.09204902
0.13985115
0.12188779
0.20534414
0.11732933
0.08196583
0.16213471