0.14959984
0.04029461
0.09550686
0.08612855
0.19943959
0.14942592
0.05429574
0.14442153
0.12459557
0.12663703
0.06263676
0.09362040
0.22539520
0.07639957
0.04367147
0.15372084
0.16130811
0.15305616
0.13563018
0.11735020
0.11887573
0.09052219
0.16568410
0.12584470
0.06609216
0.09832122
0.04987535
0.07220556
0.04215364
0.12363169
0.07878067
0.05321076
0.12803251
0.07701028
0.13783690
0.05275050
0.15942708
0.07512115
0.07382905
0.08306521
0.16630957
0.12762934
0.08517831
0.10003897
0.14494054
0.12028071
0.15538257
0.21895063
0.02840799
0.14492762
0.16896929
0.15455417
0.10953531
0.19267043
0.13062231
0.07822964
0.04550782
0.13486515
0.03926341
0.14517775
0.19350050
0.17312744
0.18579933
0.08039220
0.20277849
0.10810252
0.17696095
0.12624869
0.14600150
0.06244309
0.10234208
0.07797038
0.23300439
0.12425483
0.03578592
0.04420862
0.10858512
0.03443033
0.12468427
0.12319517
0.09560464
0.10547499
0.15504512
0.11349498
0.10067607
0.20734376
0.09209916
0.20825645
0.11860429
0.12600780
0.12034790
0.18126725
0.11367460
0.08170966
0.12309477
0.11550778
0.19924700
0.03466628
0.11262049
0.07091279
0.14872196