0.04015391
0.10991849
0.14756100
0.11681060
0.08783423
0.06797664
0.02559738
0.08080801
0.06702575
0.06756315
0.08165905
0.08537534
0.14436859
0.08762109
0.06060887
0.14079648
0.19017678
0.03850882
0.13799807
0.09326584
0.10563615
0.16801289
0.09723315
0.06252095
0.14508979
0.12913917
0.13860446
0.11884172
0.15994053
0.11470475
0.07016642
0.04224302
0.13745198
0.08942338
0.17916359
0.13919045
0.15169601
0.13292688
0.11591478
0.04032726
0.08172612
0.10448261
0.03456151
0.12747864
0.13947907
0.14790595
0.10212068
0.21381815
0.12889975
0.06430215
0.12089606
0.13815245
0.18952957
0.12344627
0.04758266
0.07127248
0.10174159
0.07721561
0.08713201
0.11235444
0.05613000
0.03021491
0.06096914
0.09999499
0.06226293
0.06278086
0.07897360
0.11040804
0.07577631
0.10087740
0.19129831
0.18811135
0.10973319
0.11199547
0.05172234
0.10903361
0.04216320
0.11284371
0.01969875
0.18256421
0.16213040
0.13098726
0.05066720
0.06006365
0.21787502
0.10558117
0.09861448
0.05020801
0.04308367
0.14209232
0.11714020
0.05256554
0.05166837
0.16863970
0.06975999
0.13455635
0.04457510
0.04787135
0.05232625
0.12599246
0.08057331