0.09753011
0.05250857
0.10632382
0.08389064
0.16114609
0.01252440
0.07973386
0.03867304
0.09632196
0.03655706
0.11972380
0.05449747
0.07432561
0.14957969
0.07887998
0.09665585
0.05401129
0.06668957
0.11768501
0.04173301
0.07059319
0.08879470
0.09936074
0.16194215
0.04419836
0.06333642
0.11105797
0.14422977
0.02181134
0.12150730
0.08954917
0.08867703
0.13417096
0.07578328
0.15971762
0.12034431
0.02645191
0.05045190
0.06475902
0.08539113
0.16113243
0.05832309
0.08969777
0.12065819
0.08267899
0.01277986
0.15458347
0.07564025
0.09663046
0.01854610
0.17311479
0.06933925
0.07486588
0.05339244
0.17535651
0.11456360
0.09920862
0.09340227
0.07741031
0.03122358
0.13003695
0.09818311
0.04276178
0.16812466
0.14757174
0.13887447
0.04639404
0.06598829
0.09074813
0.05752562
0.04186938
0.09119439
0.09300797
0.14011726
0.05050641
0.06133551
0.05702482
0.16036279
0.02581733
0.15359174
0.08118174
0.09535442
0.10848407
0.07176863
0.08270365
0.09391842
0.08303136
0.07467362
0.16343132
0.06204804
0.09398510
0.08384652
0.04694417
0.03520857
0.10676718
0.13725571
0.05544778
0.12422271
0.07150453
0.07745537
0.12391773