0.08263827
0.12356304
0.09624068
0.07481820
0.08036201
0.07717633
0.11821455
0.11538941
0.07733777
0.12101234
0.03730180
0.05661781
0.15850285
0.07876281
0.06500456
0.02391742
0.09494243
0.12294026
0.10138739
0.12266391
0.05579461
0.03727756
0.11271003
0.06708723
0.14515977
0.07135864
0.13429222
0.13715966
0.04284540
0.07334526
0.09848060
0.06446084
0.05026964
0.10069383
0.04335877
0.07637083
0.09075408
0.01269082
0.12565024
0.15010370
0.06410966
0.03689976
0.04776837
0.12381505
0.04711087
0.08694475
0.13653423
0.10422561
0.15902232
0.09135203
0.08188470
0.08322120
0.16507177
0.05396241
0.16533890
0.11662832
0.15223829
0.04558836
0.06896482
0.06974283
0.06570835
0.14033483
0.09136543
0.11954316
0.08776226
0.09933383
0.10933249
0.13574475
0.05132045
0.03829395
0.08197611
0.12853728
0.05086733
0.07210682
0.07752976
0.18114735
0.04386692
0.07293741
0.15671806
0.06230363
0.01730582
0.04873662
0.10781816
0.08113661
0.05292971
0.09753671
0.05273185
0.11308773
0.18559413
0.15260586
0.05877299
0.10554661
0.07251198
0.09645100
0.18023899
0.07191692
0.05754950
0.09985631
0.08583722
0.09128212
0.08618940