0.05169185
0.12946795
0.05949266
0.09837154
0.04102833
0.06071718
0.20151219
0.13354141
0.08208138
0.06040250
0.09312739
0.09685240
0.08750056
0.11417846
0.10277688
0.10749695
0.05763093
0.10839080
0.08893811
0.03773594
0.08851437
0.15735987
0.07838217
0.07416065
0.08290429
0.14537583
0.12336401
0.07259879
0.10102078
0.13643089
0.11418006
0.06879295
0.11055196
0.09875293
0.12594225
0.12391628
0.08307928
0.08538157
0.14005685
0.09086563
0.13266492
0.05692751
0.11138140
0.11734097
0.06969859
0.09440850
0.08214310
0.06995203
0.12756756
0.08425137
0.05643271
0.13315122
0.09721831
0.11380473
0.07515287
0.07764204
0.04584561
0.06417887
0.09635975
0.11777667
0.16703610
0.10734682
0.16115440
0.03982524
0.09595278
0.09043391
0.08234061
0.10811684
0.15322140
0.07324581
0.09433790
0.08558816
0.10610884
0.06369002
0.08800997
0.14537191
0.07196417
0.11824291
0.13401365
0.03831609
0.07674000
0.06984206
0.11013222
0.07003961
0.11347233
0.07407568
0.11076740
0.09515762
0.06337013
0.11670529
0.10250191
0.09348308
0.11276099
0.08674719
0.12503357
0.01758900
0.11014386
0.05436302
0.17742600
0.10912630
0.04435402