0.08263307
0.55900651
0.64188576
0.65271604
0.74844140
0.76990598
0.57926351
0.66401362
0.69096160
0.72175705
0.55935842
0.61121821
0.60448211
0.59075117
0.44651568
0.65568572
0.76308912
0.80358922
0.67771989
0.69940025
0.64627266
0.75997680
0.72899950
0.69632536
0.73166168
0.79736441
0.73251039
0.68923295
0.76306325
0.53279507
0.39662659
0.35975960
0.40799478
0.51251221
0.68022591
0.63742614
0.70075536
0.40300232
0.67693985
0.68660301
0.71668297
0.75639743
0.74968457
0.66195136
0.81947184
0.68695933
0.71783537
0.71726722
0.72496271
0.60028625
0.45191005
0.45003092
0.52047765
0.65935647
0.80818909
0.71676272
0.81428558
0.81676209
0.65778112
0.63984770
0.79363531
0.66035432
0.68593812
0.71935731
0.62984711
0.67218626
0.64267468
0.60035598
0.77957505
0.63428044
0.62557006
0.69033933
0.78638959
0.72443855
0.72617412
0.79009086
0.71904618
0.82598114
0.76355827
0.75747019
0.71506411
0.63618433
0.59585327
0.79456335
0.60838461
0.74435514
0.56783104
0.82574630
0.75708890
0.79951209
0.80958360
0.73537558
0.85407853
0.78691858
0.74349618
0.71178716
0.63042444
0.63907450
0.63280708
0.76372248
0.76099050