0.13953310
0.79031473
0.79379755
0.83747894
0.86684769
0.87394249
0.87672883
0.90191633
0.81948549
0.89771646
0.86781359
0.86900741
0.86765152
0.89400780
0.86473346
0.84448546
0.84548372
0.88268638
0.87397432
0.87336218
0.89388543
0.87971216
0.81066537
0.86067802
0.87657118
0.84491175
0.83421344
0.82744986
0.87885886
0.84736717
0.90862525
0.86689013
0.86490828
0.90019280
0.85043627
0.89369887
0.85093147
0.88773835
0.89595228
0.87863511
0.87856209
0.88799560
0.86045593
0.89145488
0.86825210
0.88186491
0.87149590
0.86645854
0.85116094
0.83983636
0.85262144
0.88304025
0.81295556
0.85563970
0.85591894
0.89405799
0.89058328
0.89245003
0.85067260
0.86725038
0.84283900
0.85946745
0.83185309
0.88460386
0.75529081
0.84762543
0.86541229
0.85236764
0.88360626
0.88571477
0.88259298
0.85053480
0.85895377
0.84891313
0.82718694
0.90751290
0.87447238
0.82005334
0.82483810
0.85818219
0.86719519
0.87440115
0.90635788
0.80291092
0.86563909
0.89671516
0.90394574
0.87214416
0.90216047
0.88767105
0.86080480
0.90195918
0.88230234
0.85996419
0.87048340
0.83509934
0.77876210
0.83385932
0.84566635
0.85718572
0.87937576