0.08581891
0.12210155
0.12075844
0.09264883
0.05159453
0.10247269
0.09936848
0.10166746
0.07233161
0.17322199
0.09832498
0.10803452
0.05658930
0.11292356
0.09662694
0.10996535
0.12086485
0.07973604
0.14944641
0.03448655
0.05420718
0.11948273
0.07068285
0.07568788
0.06826913
0.07103109
0.15414740
0.15392491
0.02927041
0.17959313
0.09654631
0.11821354
0.13201967
0.07365376
0.09184274
0.09057862
0.08334037
0.04562581
0.04652609
0.09823077
0.08070163
0.11457405
0.03665059
0.12046961
0.13100454
0.15951000
0.06762338
0.05367695
0.07635640
0.05510420
0.03759310
0.03720024
0.06484595
0.07533199
0.03158896
0.05932037
0.08100587
0.10514310
0.06186956
0.08847120
0.07959796
0.08585689
0.04197346
0.07969996
0.13501525
0.08752149
0.07725914
0.10788693
0.06292661
0.06635150
0.13352029
0.08379790
0.04109665
0.13923238
0.10432969
0.03006900
0.15748850
0.06679484
0.12485062
0.09414496
0.03524750
0.08090533
0.03170304
0.06447411
0.03821209
0.10165439
0.07831052
0.07676382
0.11077969
0.09193753
0.07750419
0.11252111
0.05393212
0.16202204
0.06318454
0.08055316
0.10372438
0.08687082
0.16167428
0.06459592
0.09096484