0.03732009
0.72268486
0.84757990
0.88679975
0.89003509
0.82225835
0.87702560
0.89745635
0.89514899
0.86125427
0.89272934
0.86534911
0.87314093
0.85049254
0.89501733
0.87738419
0.88306063
0.87995142
0.87441289
0.90207297
0.90817016
0.89767969
0.86283797
0.85621244
0.90471548
0.87441134
0.90696228
0.89202464
0.88761687
0.86192441
0.86617070
0.87475425
0.89461398
0.87525153
0.84018171
0.88450593
0.88227880
0.84013098
0.82600069
0.84379309
0.87949044
0.85002249
0.85862714
0.82308888
0.82243407
0.85071343
0.86941600
0.72721922
0.55929661
0.71452349
0.83869767
0.86411530
0.82397997
0.77104110
0.83877039
0.73614043
0.86627442
0.83216864
0.86983180
0.82491839
0.86420602
0.84727442
0.77385783
0.78203005
0.72608644
0.84511405
0.87913394
0.82014763
0.86600006
0.89555281
0.91423535
0.84034538
0.90220535
0.85790771
0.78989816
0.83027577
0.85674149
0.89129639
0.81878924
0.83183938
0.86225158
0.87480062
0.81043375
0.79631287
0.79238051
0.80572963
0.64119363
0.82411683
0.67494261
0.73765534
0.75555968
0.81768912
0.81493914
0.71296382
0.73101407
0.71444082
0.80727905
0.77276099
0.76423997
0.68888617
0.66242677