0.08263307
0.09815342
0.10484541
0.08389173
0.02895015
0.08546263
0.15422100
0.03863581
0.05228233
0.05797165
0.08747175
0.09765600
0.07202641
0.09494277
0.07443537
0.06969788
0.07533397
0.12570767
0.11142989
0.07170551
0.09407020
0.05069145
0.01421165
0.04713655
0.10751344
0.06121094
0.17462975
0.14082287
0.07234711
0.02545011
0.06351670
0.15159677
0.10714039
0.11436916
0.10193388
0.06011164
0.14868353
0.06673154
0.11183292
0.09626877
0.12289773
0.04290282
0.09484644
0.08668824
0.07719630
0.04086412
0.06480657
0.12931953
0.08018528
0.11013287
0.16975853
0.07011168
0.08301394
0.08882022
0.08105899
0.11921825
0.07003696
0.07162574
0.15142477
0.16203699
0.06988181
0.03192010
0.05090686
0.12830850
0.06507185
0.09778541
0.07490184
0.10888302
0.06193967
0.08643501
0.10198244
0.13163820
0.06837953
0.09792933
0.07448704
0.09696276
0.09236440
0.12042098
0.04177007
0.08233193
0.08601648
0.08703663
0.10795151
0.14267187
0.09969765
0.06423300
0.05979104
0.10719877
0.08410199
0.13587797
0.13349760
0.08124805
0.19066191
0.04310380
0.06472569
0.13100366
0.08903673
0.06094790
0.06561317
0.09919617
0.04199462