0.14954217
0.94994897
0.93840784
0.91460538
0.94315094
0.94294733
0.94934380
0.95422137
0.93575037
0.94375509
0.89891756
0.94268572
0.94330275
0.92579961
0.90538961
0.90566707
0.91745412
0.91492009
0.92673677
0.92037958
0.90869904
0.91311240
0.92654002
0.91240251
0.93912750
0.93301409
0.90110135
0.94265807
0.92347449
0.92682481
0.94150305
0.90337759
0.92834783
0.89560539
0.89940381
0.90799558
0.88727325
0.86434960
0.87432891
0.88208586
0.90291095
0.87833947
0.88715601
0.89359069
0.90864855
0.93818748
0.91915548
0.91418403
0.86602283
0.92018837
0.90264434
0.89605528
0.92553121
0.92459714
0.92883271
0.91791916
0.90614527
0.94120270
0.92961097
0.91395646
0.90481436
0.91684741
0.85645401
0.89408129
0.89113891
0.87849122
0.88292259
0.88630128
0.89035600
0.88050765
0.92873847
0.87155312
0.90560812
0.89666522
0.85863161
0.90598589
0.90693444
0.93278611
0.92336309
0.88671416
0.90023804
0.90389913
0.91069090
0.92506689
0.90779251
0.90941209
0.89510995
0.81254077
0.90214503
0.92588472
0.86867625
0.93036461
0.91862136
0.87949395
0.90731287
0.90068173
0.88964200
0.91170233
0.87835675
0.82833529
0.86985618