0.10303149
0.83774137
0.83895469
0.84970260
0.83239484
0.82296020
0.80486792
0.83399081
0.84695166
0.81959796
0.74700874
0.79572701
0.83672303
0.72674906
0.77900726
0.80083203
0.85024500
0.82509565
0.77109820
0.84724069
0.81464404
0.79704863
0.80968928
0.82658875
0.78613520
0.82830858
0.81339812
0.87662339
0.83260208
0.82230818
0.73317301
0.74564832
0.80000740
0.85648841
0.82372177
0.72002876
0.82493782
0.84045798
0.79693323
0.85463059
0.84921682
0.85027343
0.78393579
0.78324133
0.80919212
0.72916847
0.84418786
0.77368075
0.70377809
0.74160463
0.71058220
0.81012613
0.84213740
0.81234473
0.73810303
0.72892386
0.82672918
0.68619245
0.73745865
0.87520391
0.74376923
0.65331596
0.81114358
0.81186849
0.74983591
0.76219225
0.74632853
0.77755564
0.74932146
0.79381585
0.76726860
0.78135127
0.77545094
0.81527448
0.80827284
0.76916862
0.73858935
0.63864452
0.75408053
0.70635462
0.81440926
0.81506777
0.77078050
0.78528523
0.79072022
0.81226617
0.76185489
0.74423981
0.82392710
0.80719650
0.78386605
0.79746681
0.82412076
0.74174774
0.80995387
0.79034007
0.74506873
0.74218261
0.79263228
0.78345841
0.84834665