0.08153112
0.11981902
0.09595735
0.16240436
0.15125179
0.07709218
0.06030697
0.18332550
0.01981914
0.11337645
0.07449169
0.11811420
0.09852920
0.14466430
0.08638858
0.08339760
0.04939352
0.14060536
0.08050136
0.07341571
0.06726997
0.05506457
0.07060339
0.05163680
0.06929503
0.17282593
0.08712565
0.08323665
0.13314052
0.07856228
0.15258020
0.16976485
0.15787113
0.12216057
0.08902744
0.11277945
0.07562497
0.10171206
0.13812143
0.05735300
0.11276922
0.12250332
0.13530372
0.19371909
0.09883693
0.16326982
0.11668687
0.03422941
0.09915429
0.01526289
0.03939743
0.14014308
0.10261372
0.07099114
0.06286526
0.12808989
0.05035295
0.05639374
0.12145860
0.05492847
0.07958924
0.07132822
0.16449903
0.03573241
0.12195596
0.10104363
0.06016764
0.11383280
0.17614393
0.09054357
0.06196453
0.14487286
0.21579188
0.17921957
0.10494971
0.07723414
0.15181294
0.11904225
0.10863906
0.13002580
0.22188118
0.14370832
0.06777405
0.12308870
0.07554354
0.10780062
0.06014463
0.11828340
0.13990980
0.06702609
0.11868194
0.04793710
0.09870419
0.06303570
0.10324728
0.15287565
0.13229370
0.11897141
0.10639599
0.09078102
0.20299083