0.09163785
0.07733335
0.12889674
0.10275186
0.14405224
0.22745964
0.22207861
0.12623364
0.09830952
0.22595440
0.15082663
0.15706731
0.17903432
0.15327871
0.18925625
0.19968402
0.08208966
0.13253869
0.15918776
0.31432599
0.24133967
0.21161337
0.18552427
0.15332034
0.17333207
0.24985267
0.24120712
0.35389414
0.28207704
0.27947259
0.06284923
0.11694726
0.09247241
0.18201141
0.13675304
0.18989666
0.08748487
0.14761496
0.19511387
0.24067873
0.24668157
0.29719001
0.33854985
0.34877509
0.29683968
0.36616161
0.22125463
0.16163445
0.13771649
0.24994388
0.17769335
0.09882201
0.13223906
0.10034598
0.21763626
0.27807269
0.16150488
0.17881767
0.13477828
0.08911128
0.19377972
0.16937622
0.28164443
0.26919729
0.17226262
0.17142917
0.16798700
0.32296240
0.24193585
0.21003966
0.20528546
0.28197896
0.21541485
0.18493795
0.20169708
0.24442932
0.16944721
0.15943879
0.19251102
0.11078459
0.07615180
0.16719162
0.15280280
0.20982027
0.12119547
0.16551311
0.26291433
0.26045746
0.13925919
0.19374779
0.42914400
0.33772823
0.21821479
0.06890344
0.17974444
0.23587166
0.38449979
0.18319558
0.12461954
0.15870942
0.21200636