0.10090737
0.93381041
0.93850356
0.94329476
0.95203573
0.95292121
0.93822592
0.94291925
0.92147535
0.92641425
0.90800214
0.91890407
0.94635183
0.91104537
0.93625569
0.94115794
0.93435335
0.94157571
0.94780821
0.92512250
0.92571306
0.93717986
0.95302582
0.91468996
0.94260961
0.95440352
0.89180946
0.91607523
0.92638618
0.93970823
0.93739325
0.93993437
0.88866669
0.89098501
0.91557139
0.90475053
0.91779321
0.88830978
0.91350883
0.92620164
0.91505158
0.88387823
0.92362893
0.92217988
0.92930001
0.93344378
0.93193799
0.91043228
0.92753768
0.94099504
0.91256493
0.93039185
0.95005852
0.96075201
0.94047433
0.92317420
0.93012542
0.93705869
0.87949502
0.92276198
0.93713224
0.95102388
0.94085151
0.94080907
0.94134855
0.94795656
0.94532377
0.89971405
0.96528715
0.93301356
0.94662750
0.92433798
0.92373550
0.94337291
0.90569276
0.91711158
0.93661630
0.93773085
0.93076372
0.92550170
0.89018965
0.90535945
0.93795943
0.89981890
0.88118911
0.91849375
0.89227438
0.89228731
0.85063857
0.92889261
0.88571733
0.91779006
0.91904175
0.89534920
0.90847582
0.91181374
0.91633737
0.89667183
0.92469287
0.90315938
0.93128806