0.08236460
0.18636021
0.06553611
0.16004978
0.09467731
0.15000798
0.12960456
0.14212430
0.22763145
0.18567765
0.15241502
0.18552285
0.16284388
0.21431588
0.28260273
0.24543913
0.17093472
0.14239153
0.26805553
0.25997078
0.27957880
0.39188206
0.32154828
0.28305972
0.22554545
0.25103235
0.16419002
0.13568577
0.21638905
0.20046011
0.21959026
0.27499881
0.34699178
0.34279519
0.35892203
0.53634799
0.52544796
0.46079659
0.43610889
0.39758706
0.44132408
0.43106896
0.41095954
0.56537986
0.39004323
0.32819217
0.34140164
0.20648704
0.26150694
0.20604195
0.24813174
0.34559724
0.23127970
0.30703914
0.34401360
0.35149992
0.29290476
0.28563851
0.13754003
0.32536122
0.31694520
0.22868663
0.31592578
0.35555714
0.40057689
0.33631614
0.39644367
0.47797391
0.34109595
0.37648255
0.23294421
0.08890805
0.21015528
0.26939103
0.28385878
0.12274087
0.17283615
0.17228365
0.18564159
0.05057764
0.26109600
0.25848442
0.16068020
0.20219217
0.09582328
0.20537975
0.26739457
0.25053689
0.20154803
0.28674468
0.24359971
0.19079489
0.08128779
0.10002133
0.13645934
0.04158090
0.19164237
0.13502732
0.11498501
0.21440107
0.29044446