0.19788478
0.92074233
0.91881365
0.89815682
0.91036981
0.93342787
0.92460632
0.91800416
0.90811372
0.89767504
0.92058671
0.94062263
0.93231010
0.92949712
0.90526408
0.91377866
0.92403120
0.92592818
0.92230713
0.92517829
0.91334760
0.91849017
0.92310786
0.91929555
0.91241473
0.92784065
0.91507477
0.92906606
0.91767478
0.93090606
0.92139989
0.92107713
0.91802734
0.93397164
0.93390572
0.93053955
0.93117815
0.92180467
0.90629768
0.91664255
0.91819304
0.93166280
0.91793078
0.92195624
0.92258990
0.94073653
0.91456854
0.94128972
0.92302763
0.89956945
0.91855723
0.91726989
0.91368347
0.93443406
0.92955095
0.90835470
0.91152936
0.93199921
0.91740906
0.92754018
0.93613183
0.92661130
0.92555183
0.91114026
0.92486989
0.92437279
0.91349828
0.89956224
0.91268921
0.89890718
0.93296194
0.92048460
0.90695953
0.92579728
0.92026061
0.93816656
0.92963362
0.91888011
0.92521977
0.93284106
0.92768502
0.91748506
0.92527086
0.92106771
0.92958283
0.91153479
0.92836672
0.93311149
0.92823005
0.92895162
0.93382972
0.92595595
0.92839658
0.91321152
0.90374029
0.92958504
0.91457731
0.93223709
0.92208046
0.91919410
0.93436921