0.11506237
0.05159057
0.04174598
0.06892619
0.10763254
0.14556295
0.09205082
0.09603998
0.02431912
0.05494709
0.09690019
0.10302787
0.05993543
0.02771698
0.07358396
0.12754764
0.07460567
0.16350655
0.11833572
0.13342915
0.09909708
0.17585014
0.09513277
0.08520760
0.05265304
0.11630759
0.18560001
0.04902898
0.09117003
0.12370330
0.04966545
0.05880967
0.09072371
0.07482971
0.18446028
0.03554650
0.07994004
0.11200473
0.13433926
0.03536328
0.07206356
0.12800528
0.04490746
0.05734922
0.11190035
0.07811087
0.12474271
0.08962590
0.11202791
0.06517457
0.02950046
0.03303299
0.07628424
0.12361608
0.15236019
0.14826567
0.02944004
0.10691064
0.09675480
0.03481537
0.06947199
0.10919213
0.10000904
0.07902846
0.06501650
0.16766451
0.13867670
0.10643978
0.16772735
0.17298871
0.14596097
0.09443008
0.10497036
0.12594408
0.15805781
0.03385373
0.10052571
0.18012245
0.05176125
0.11703611
0.08066790
0.04898386
0.18695125
0.07523149
0.09654256
0.08895138
0.09171990
0.10089272
0.08685875
0.15290612
0.13595825
0.09600455
0.11255371
0.08511645
0.06505749
0.07838263
0.19669232
0.07685900
0.13815033
0.03933112
0.06737190