0.11506237
0.93603384
0.94271028
0.94594312
0.95046347
0.93884224
0.93941629
0.93733335
0.93260926
0.93068087
0.94310850
0.93863618
0.91962290
0.91384417
0.90032297
0.92482698
0.92036897
0.92313820
0.93556672
0.90396905
0.92441422
0.93322188
0.93859559
0.90636235
0.92651594
0.92004043
0.93914795
0.91769546
0.92050987
0.92952466
0.93239921
0.94988662
0.92358309
0.92570966
0.93933159
0.92123276
0.91976136
0.92774689
0.93617368
0.92107558
0.91242033
0.93459159
0.91974747
0.92619205
0.91859895
0.93135989
0.91339302
0.94110835
0.93482125
0.92106056
0.94933873
0.93968058
0.91144180
0.91385531
0.91964614
0.93341357
0.93466073
0.93372774
0.92711699
0.91259366
0.92074692
0.92955285
0.94389510
0.90403014
0.90966940
0.92669165
0.91532022
0.91262960
0.92442834
0.92076564
0.93669915
0.90765971
0.93044907
0.92558932
0.90892005
0.91918945
0.93950135
0.93587923
0.94666916
0.93059492
0.93550050
0.90652525
0.94125754
0.93858999
0.93698430
0.91628736
0.92238367
0.92400604
0.92348969
0.92156821
0.90492034
0.88913482
0.90875661
0.91366708
0.92597967
0.91703588
0.91932470
0.92097300
0.91754174
0.89136308
0.92462516