0.10973397
0.92928582
0.92441607
0.93449599
0.94358289
0.94873214
0.96322149
0.95732445
0.94185942
0.93982714
0.94789678
0.96328759
0.93709391
0.95199555
0.93500537
0.94366693
0.93016642
0.94176185
0.94317329
0.95317960
0.94331878
0.94985414
0.93795377
0.94331169
0.91532320
0.91235274
0.90208930
0.88903952
0.91436177
0.93549562
0.92328787
0.93017888
0.92515671
0.93083519
0.94056213
0.94312263
0.91788232
0.93714631
0.92992753
0.95391732
0.95601034
0.95554626
0.95610857
0.94909090
0.96706891
0.94167197
0.93432337
0.96566397
0.95785731
0.95373231
0.93353635
0.94011414
0.95588297
0.91072077
0.92569804
0.89941621
0.90111333
0.93233573
0.93730974
0.95082206
0.91331995
0.93780953
0.93620872
0.93895632
0.92314577
0.92212343
0.94223291
0.91882932
0.90014136
0.91560221
0.92809916
0.90759677
0.93265617
0.91827440
0.92274880
0.89407068
0.90471482
0.85291886
0.92157739
0.90921396
0.93819189
0.93850708
0.93437856
0.89782244
0.93812937
0.94881600
0.94072485
0.91840142
0.93997443
0.95144582
0.92756981
0.91692704
0.92264962
0.86769289
0.91783690
0.90824479
0.93712485
0.92231864
0.91609246
0.90025687
0.92594963