0.11421080
0.07228261
0.10676717
0.23213170
0.31579125
0.23981489
0.21901417
0.18585122
0.17946965
0.28069201
0.21217620
0.15037684
0.15015796
0.11616432
0.16319788
0.20762709
0.10311776
0.15174456
0.23340656
0.30227917
0.20322900
0.19373566
0.17444113
0.17731164
0.20896243
0.24550848
0.20010763
0.14137198
0.18264864
0.34539726
0.07127201
0.17410988
0.14090738
0.11848021
0.25743392
0.37679422
0.27301872
0.20049149
0.19350070
0.32835186
0.34477815
0.31395486
0.35012549
0.33588713
0.38601968
0.34858674
0.28493106
0.17326428
0.22448833
0.27601460
0.24300669
0.26298293
0.07566638
0.13070445
0.17385572
0.20289496
0.18428160
0.22886500
0.26030752
0.15447573
0.15239812
0.23282567
0.31916001
0.24793872
0.17472205
0.12195195
0.20994642
0.28919980
0.51807714
0.47028905
0.38926780
0.33117753
0.37413797
0.29767764
0.30154082
0.32975647
0.42520821
0.34261230
0.27390209
0.42320561
0.32425654
0.31120461
0.24486226
0.28688610
0.31552529
0.34645763
0.30965731
0.33164859
0.26386869
0.23723209
0.22978163
0.25773418
0.21411492
0.13546152
0.17930269
0.07958929
0.20561482
0.19813102
0.21642128
0.10075232
0.15647069