0.13413607
0.06752358
0.06275572
0.07413682
0.03067922
0.03562341
0.12636197
0.06512803
0.10653707
0.12160074
0.11303131
0.10182021
0.13018110
0.08234239
0.15997706
0.09780680
0.06893266
0.09545550
0.07140958
0.12234453
0.06824036
0.08839853
0.05106486
0.06980006
0.07670732
0.11584636
0.16396576
0.11761791
0.04320280
0.08806144
0.06625785
0.08386071
0.06553487
0.08823064
0.02383657
0.01605064
0.07934921
0.10134452
0.08696450
0.12968481
0.13855329
0.06836504
0.10486589
0.19283879
0.08880391
0.19034567
0.03596816
0.18973045
0.15922278
0.12911242
0.10107890
0.07543527
0.08554931
0.07834423
0.08188538
0.15387562
0.08057886
0.05706254
0.13967703
0.05255345
0.10671279
0.16997294
0.03782765
0.14861307
0.02561739
0.06600037
0.07003796
0.11722625
0.04040373
0.08645840
0.10629555
0.08911774
0.07097223
0.08892246
0.12333667
0.05402096
0.11417686
0.09944221
0.04731390
0.13834478
0.06009099
0.11295693
0.02914569
0.12119289
0.10671135
0.05436932
0.10363510
0.14156322
0.04923052
0.04252858
0.07198546
0.14445029
0.18748885
0.07780311
0.11886150
0.14512640
0.10146806
0.05075746
0.02252385
0.09538791
0.09528729