0.08686347
0.12327752
0.03801058
0.06963710
0.11260924
0.06063285
0.05490202
0.05593291
0.12275247
0.05855536
0.23085527
0.10157847
0.12711897
0.09011310
0.09662617
0.06559917
0.14463358
0.09538982
0.18989082
0.08952779
0.07342602
0.15819933
0.12371346
0.06400058
0.09872710
0.20735385
0.13262412
0.15173924
0.06575649
0.02253945
0.04853360
0.06855686
0.04543484
0.05818216
0.05601479
0.12682785
0.15536298
0.09177658
0.10788867
0.03056347
0.10775720
0.12681231
0.05200860
0.10286375
0.18709837
0.12413651
0.16196212
0.16231477
0.05599428
0.09023482
0.11227603
0.19035952
0.02749743
0.07752443
0.08023860
0.08626288
0.06346148
0.14389509
0.01859007
0.09455623
0.08780889
0.12051812
0.06722745
0.11818767
0.15368097
0.07876387
0.12005212
0.09939967
0.10098054
0.10561769
0.05926970
0.11049863
0.08062067
0.12686042
0.11513802
0.10757208
0.17084937
0.11441633
0.07499885
0.06640166
0.16455610
0.12587672
0.08373025
0.07775447
0.10434809
0.10168066
0.11296488
0.14884757
0.02430209
0.12943797
0.11749520
0.09175665
0.06558783
0.09580230
0.19954687
0.08161740
0.07139770
0.13399324
0.09721067
0.08079070
0.09471194