0.08586100
0.06589017
0.06063721
0.14999688
0.10031815
0.13667083
0.05340183
0.19977944
0.08066013
0.06473920
0.09355521
0.13089570
0.07327058
0.11970869
0.09765234
0.11741083
0.10376076
0.04831623
0.10406967
0.08836532
0.07101826
0.19110350
0.06366814
0.10417474
0.11422938
0.11971950
0.07685415
0.10317548
0.05505977
0.06815621
0.08838290
0.06027342
0.15269785
0.13231000
0.08044566
0.15924135
0.09682005
0.16154903
0.05339263
0.05535472
0.20362216
0.05235177
0.09567676
0.12486060
0.11694891
0.05387203
0.17040342
0.05179641
0.06318239
0.11212406
0.08974981
0.15202922
0.19130021
0.07416928
0.10090149
0.13485451
0.08201931
0.05531382
0.08166435
0.06565265
0.09432073
0.18572780
0.13100490
0.22716507
0.07752070
0.16520990
0.07728164
0.10663213
0.12126820
0.08044063
0.11307083
0.12472828
0.04922613
0.08261885
0.14397754
0.08216463
0.06392091
0.14055677
0.06621041
0.09367748
0.18036422
0.06168437
0.10453531
0.06927612
0.18206011
0.08729284
0.04299621
0.09785779
0.04965544
0.07465050
0.10366736
0.19694942
0.16159126
0.05550692
0.08125658
0.09482247
0.02519961
0.08621847
0.04077196
0.13169791
0.10159209