0.02160217
0.66642380
0.73954880
0.83644849
0.82441747
0.85253876
0.78418905
0.68025833
0.86065614
0.86236346
0.83011901
0.74703252
0.83393335
0.79246002
0.79009855
0.79862535
0.81829733
0.61719596
0.84368724
0.71437991
0.77987349
0.84942102
0.82565278
0.72484314
0.65467775
0.75852466
0.85778528
0.81984520
0.78391564
0.81435883
0.71917391
0.77783775
0.76682037
0.77179056
0.80072027
0.80216217
0.78554416
0.76397491
0.87884223
0.78530931
0.72667551
0.72032332
0.80960023
0.78149772
0.86151266
0.82022941
0.79569519
0.78016603
0.76016915
0.63588136
0.60036945
0.85199118
0.82188624
0.79632986
0.81096917
0.82871336
0.83264440
0.72504050
0.62389511
0.69705617
0.83404404
0.84583426
0.81144834
0.81804448
0.67002928
0.80378604
0.77485567
0.76360130
0.83856654
0.83250564
0.86390322
0.81404388
0.82616335
0.76765406
0.83799016
0.84565324
0.90506142
0.90665895
0.80817485
0.82834440
0.77096182
0.76459295
0.80670387
0.74141097
0.70500219
0.62192070
0.75919831
0.76756006
0.87734294
0.89440107
0.87920600
0.88777643
0.83638167
0.84068429
0.83332336
0.69187760
0.78346515
0.81016469
0.87641579
0.76104081
0.88979745