0.06924482
0.04929904
0.06006336
0.04444443
0.08374722
0.06834707
0.08588023
0.07176526
0.02129285
0.06236748
0.10083233
0.12376425
0.05757857
0.19627042
0.06052612
0.07813225
0.07466234
0.12809916
0.06092344
0.10899136
0.12789465
0.06172405
0.07586964
0.16501452
0.12335120
0.09277037
0.07652837
0.14060563
0.04868402
0.10069197
0.19816676
0.11892149
0.11609742
0.09823518
0.00839933
0.02927191
0.08568141
0.06063268
0.02804985
0.06558855
0.11881527
0.09347210
0.15643182
0.03897176
0.02210362
0.11034118
0.22036180
0.06032525
0.06395790
0.12595370
0.12472918
0.02547192
0.12152205
0.08705202
0.06704583
0.13508077
0.05903201
0.24108186
0.05723628
0.07764268
0.12624775
0.08580811
0.12386587
0.07726382
0.06913110
0.15828727
0.13917580
0.07836559
0.10902288
0.13322659
0.03254834
0.03277351
0.06000402
0.10012883
0.07286434
0.07427666
0.06762625
0.04617954
0.04380292
0.15386277
0.11108137
0.13151501
0.11409171
0.04996006
0.06765918
0.11378563
0.10718118
0.09248298
0.08937648
0.10305218
0.16626042
0.18587843
0.04628259
0.04649738
0.08357197
0.05483835
0.13233943
0.15685734
0.03998719
0.08749142
0.07854855