0.11421080
0.06411597
0.07557005
0.08294701
0.16236535
0.11973862
0.04877780
0.08921064
0.03797649
0.07318846
0.07821595
0.08709066
0.13755323
0.14747880
0.09484062
0.13815996
0.07999355
0.04472311
0.06444465
0.08452265
0.14187033
0.13335711
0.06717143
0.10920691
0.07745726
0.14048003
0.18921728
0.05115406
0.06899990
0.06213516
0.11460414
0.03928478
0.09200362
0.06439341
0.05224616
0.09014695
0.08213833
0.07779298
0.07145197
0.10158446
0.05203141
0.09853882
0.11513259
0.06876361
0.10347601
0.12784980
0.16608703
0.05146436
0.06061192
0.16449930
0.05455745
0.05854716
0.19491345
0.10506409
0.08315025
0.12908429
0.08051413
0.08085564
0.05914749
0.10791221
0.09021653
0.11229228
0.09048626
0.05211693
0.12404379
0.05940738
0.08537892
0.07498558
0.08359099
0.10823145
0.11789294
0.06689322
0.10584546
0.03951170
0.07077106
0.14988011
0.14315872
0.06629918
0.15812358
0.18223478
0.11941701
0.18321258
0.04607107
0.07190660
0.12630108
0.14125653
0.09893885
0.06101973
0.10991008
0.12567179
0.08774766
0.08831596
0.03934603
0.06452808
0.08484105
0.15864176
0.09897993
0.05066012
0.10046632
0.13605338
0.03574232