0.09256493
0.09900972
0.08184618
0.07073743
0.08767235
0.03768536
0.04787363
0.08280317
0.05896685
0.05835032
0.11079419
0.07298085
0.08055581
0.09902013
0.04173155
0.03910189
0.16201964
0.08169252
0.14378971
0.04912525
0.04824409
0.13231139
0.10626310
0.02857746
0.03006546
0.05427553
0.11247110
0.12766141
0.03799663
0.12670393
0.09933410
0.14976954
0.09064535
0.08393472
0.14942852
0.04285904
0.05457671
0.06642809
0.01990186
0.12840773
0.06589697
0.19399643
0.05093038
0.13347791
0.10667916
0.07603449
0.13387306
0.07563732
0.07942289
0.05993705
0.03876474
0.11860345
0.10708226
0.07855611
0.16490608
0.13445346
0.07109925
0.11733681
0.07605025
0.15394811
0.08207300
0.08916885
0.02025431
0.14557567
0.11045027
0.15288997
0.05795725
0.07354441
0.14837924
0.09490738
0.07119995
0.05099290
0.05717501
0.04560595
0.04559420
0.05344156
0.05568998
0.06779514
0.17978221
0.08854073
0.04879288
0.09102497
0.04588059
0.04872162
0.04707592
0.07126758
0.08492674
0.13334215
0.13027418
0.07771943
0.11034822
0.12822305
0.01540760
0.07187223
0.05612890
0.09588896
0.07760571
0.11212602
0.14115214
0.06861858
0.16586666