0.06721490
0.07332505
0.08005042
0.07522862
0.13416393
0.08506935
0.10879210
0.09312751
0.08553138
0.09681575
0.13860710
0.14202978
0.11330894
0.09645836
0.10770188
0.14631715
0.10388248
0.14464591
0.02938959
0.09456427
0.08668470
0.15299550
0.08325042
0.10183105
0.08857408
0.07214646
0.03660590
0.12808785
0.08340744
0.09171178
0.02245250
0.02319929
0.08008296
0.07371482
0.11138257
0.11749762
0.11228000
0.08691302
0.07231738
0.09592690
0.07526355
0.11465311
0.10971412
0.05658064
0.12191889
0.07229355
0.04689338
0.13705787
0.13514055
0.09585295
0.09557445
0.06260202
0.09309196
0.14335610
0.04498471
0.17709336
0.08238290
0.10432586
0.06250767
0.10191783
0.10258773
0.06551517
0.11107363
0.08731395
0.13431381
0.03903801
0.05835448
0.16615018
0.11173442
0.10503932
0.02696451
0.02782226
0.03857363
0.10749832
0.06089462
0.08251305
0.07487705
0.16043638
0.09205243
0.09666916
0.07084478
0.08123625
0.08737533
0.15701950
0.13457274
0.07371698
0.09158019
0.05505313
0.06187291
0.11363526
0.19287485
0.13815990
0.03676280
0.10138484
0.07629295
0.04631158
0.10537636
0.21383035
0.12679186
0.11310241
0.05214371