0.10557246
0.07581187
0.24784799
0.11940316
0.21017379
0.17184946
0.20016658
0.18433672
0.16931127
0.27519488
0.13791089
0.20114626
0.10327765
0.14114848
0.24549915
0.13879023
0.12083208
0.26656392
0.08899337
0.10003293
0.15059033
0.20390216
0.08433468
0.03351549
0.23816782
0.30866405
0.28310469
0.45294473
0.31953424
0.21495886
0.13783450
0.23473585
0.20203047
0.19663158
0.21755943
0.12731710
0.19820352
0.11807476
0.15082034
0.10040268
0.32413158
0.38757640
0.30996826
0.28363460
0.26728770
0.17788507
0.21626206
0.24037887
0.14844860
0.16937356
0.18488008
0.10188572
0.11778263
0.21969953
0.08740827
0.21958826
0.24040006
0.17134871
0.15103596
0.21026698
0.23313434
0.28094795
0.22781050
0.16566795
0.19398595
0.27291435
0.28001058
0.09511945
0.12979411
0.31672370
0.29224259
0.31973231
0.08493681
0.08141372
0.08338089
0.16303547
0.11743727
0.12273461
0.10324908
0.18139292
0.25193936
0.27970073
0.23296617
0.30276597
0.33762226
0.14961630
0.15544917
0.13590784
0.05244714
0.27087772
0.29159099
0.27526510
0.13341746
0.11736213
0.16012830
0.14543828
0.20505482
0.17644563
0.32080796
0.19980736
0.06206182