0.13953310
0.10077019
0.06866130
0.13074058
0.10675053
0.08219116
0.05698102
0.10395172
0.19113325
0.10037530
0.05533203
0.12595077
0.16293617
0.14165205
0.05388948
0.13060173
0.03558140
0.04579760
0.11365348
0.12194585
0.15674525
0.11666428
0.01838416
0.09118216
0.15285547
0.05465326
0.18201405
0.12774003
0.13138387
0.18126751
0.06460590
0.05368353
0.06949846
0.18750803
0.14580648
0.19406743
0.09799550
0.11739805
0.08727936
0.10452954
0.13077968
0.12651610
0.07693688
0.07394002
0.14032781
0.05579996
0.13240597
0.16263129
0.08055786
0.06308375
0.07477671
0.15370046
0.08699818
0.08603931
0.15404327
0.08267239
0.04563105
0.12071299
0.10386480
0.07265657
0.07966553
0.11970595
0.05635605
0.07470117
0.05932178
0.04808913
0.14579526
0.03100933
0.11412852
0.06528936
0.04826882
0.11117144
0.11303069
0.10509986
0.04050583
0.01603097
0.12682110
0.09780537
0.07383520
0.13265230
0.10574490
0.08730674
0.05765339
0.07145438
0.03012539
0.06169847
0.15651327
0.13568427
0.08296455
0.04940170
0.07739082
0.05242650
0.14489931
0.08287228
0.05034842
0.06196047
0.14199001
0.07637471
0.13213760
0.14100876
0.11445423