0.08581891
0.13201590
0.13229580
0.09384487
0.13909477
0.07094274
0.19004019
0.08160248
0.06694937
0.06059943
0.09030326
0.09741292
0.07340223
0.11113578
0.04853962
0.06622445
0.11060288
0.07021146
0.09434333
0.08608429
0.10002093
0.08601268
0.03632962
0.06306931
0.04616921
0.12430996
0.18860853
0.05481609
0.07709064
0.22115012
0.05715057
0.07870524
0.09965379
0.07953861
0.13433838
0.07927960
0.14982893
0.08316658
0.09653310
0.12643044
0.04308852
0.07827756
0.04354191
0.04316456
0.06083485
0.07656696
0.10474034
0.07367612
0.07119031
0.06227230
0.05845406
0.10723957
0.09701099
0.06133972
0.05539041
0.11686467
0.13215278
0.03361743
0.03618667
0.09116142
0.10110062
0.13368769
0.08777124
0.08897554
0.03244849
0.15582533
0.03165405
0.12596053
0.06905375
0.15586060
0.05122464
0.08605395
0.09752125
0.11011894
0.04376633
0.07319506
0.12079501
0.12133972
0.14305739
0.06807882
0.08316865
0.05573627
0.07918982
0.12791756
0.12455639
0.12180001
0.14723663
0.12003848
0.06297857
0.09249657
0.10642685
0.13043514
0.12475348
0.08117037
0.15231201
0.09425707
0.13469498
0.10458235
0.13457654
0.05401210
0.14037842