0.19788478
0.09457368
0.05148597
0.03675696
0.04710438
0.09646316
0.11641243
0.08502150
0.03524552
0.06839691
0.23763961
0.05506843
0.04446952
0.11093721
0.08573097
0.10650082
0.14877389
0.03132247
0.07839814
0.10410467
0.06696242
0.07930104
0.11261053
0.11404189
0.09127810
0.11325121
0.07488889
0.08231606
0.05293934
0.01448483
0.09001160
0.12253614
0.07936818
0.13417630
0.08508400
0.07127178
0.06002736
0.10245020
0.09358270
0.10753098
0.05997314
0.03834609
0.05605396
0.11325869
0.07156470
0.10719516
0.05300400
0.05794585
0.13219392
0.10144982
0.04624651
0.05520878
0.08000538
0.09995671
0.07314662
0.17267781
0.04797566
0.08582501
0.10896692
0.14381874
0.13008228
0.12131902
0.05646346
0.11524048
0.11075632
0.18049657
0.10064867
0.06289580
0.09599380
0.09373730
0.07468741
0.04996703
0.07649565
0.04410649
0.06885672
0.10664715
0.16235040
0.07082128
0.16394424
0.18534774
0.11771033
0.06793129
0.05891391
0.03473433
0.04681553
0.03493668
0.15110075
0.11420070
0.10346068
0.09381665
0.05435150
0.14479680
0.09671944
0.17768574
0.07086992
0.13704138
0.04504782
0.08822941
0.13540655
0.09802595
0.12977162