0.04952200
0.92094308
0.93128467
0.91001260
0.92746329
0.93088067
0.92879397
0.93557060
0.93158621
0.90910894
0.95466578
0.94982994
0.93745524
0.91871864
0.87028855
0.92971957
0.91871560
0.90569383
0.93888122
0.93565178
0.94544160
0.92721075
0.92528760
0.94399774
0.91194868
0.92665917
0.93490946
0.92077196
0.93162650
0.89038813
0.93070406
0.93489385
0.92555213
0.92872268
0.89382398
0.93662101
0.93056273
0.91587031
0.87803286
0.90751535
0.91878211
0.89923292
0.92922646
0.92498583
0.93177992
0.92109019
0.94006056
0.94190055
0.94308066
0.95415121
0.95042574
0.92721796
0.92749441
0.91472316
0.91902810
0.92614883
0.94997787
0.93378127
0.92101693
0.92952681
0.92310846
0.92612076
0.93658251
0.94951797
0.94793022
0.95669806
0.94072616
0.95723611
0.95037085
0.96200103
0.94907755
0.95970619
0.95968467
0.94529700
0.94083780
0.93585157
0.93600976
0.93328977
0.91832370
0.95258689
0.93085790
0.95978516
0.96299100
0.95216149
0.89053696
0.92386496
0.95063341
0.95651299
0.95064771
0.93544626
0.94271761
0.93746233
0.95026231
0.92818528
0.95229810
0.95206815
0.95960134
0.95096427
0.94057465
0.95233130
0.95555723