0.09753011
0.10078958
0.06812202
0.05529145
0.16179229
0.14321008
0.12693805
0.12994191
0.07420471
0.11733831
0.09256333
0.16849570
0.16811025
0.18561143
0.11780125
0.07205818
0.16152301
0.07345080
0.15892810
0.16763066
0.04539942
0.12087101
0.14353921
0.04450412
0.12406349
0.16364896
0.17305264
0.12080494
0.12068494
0.07279220
0.19577987
0.11239389
0.04249518
0.13513909
0.10032866
0.08429026
0.16548854
0.23070072
0.09030777
0.17088179
0.07640591
0.09039929
0.13289364
0.10760610
0.13124745
0.09644235
0.10703520
0.17712754
0.09569913
0.19322482
0.08163373
0.09048805
0.24792771
0.07929690
0.10135789
0.16648768
0.18622434
0.11931090
0.11362496
0.10462355
0.16010545
0.13839209
0.14675155
0.20399639
0.08446623
0.09713344
0.13264138
0.15504286
0.09494888
0.14509720
0.10371923
0.13601647
0.05362885
0.15298909
0.11725024
0.05723987
0.11662307
0.17435190
0.12406591
0.13346659
0.08520317
0.02908896
0.04995737
0.28258866
0.16906375
0.14634788
0.10620532
0.04433965
0.08229875
0.10576416
0.08186546
0.13619123
0.18394063
0.10665444
0.09889054
0.16061068
0.08195101
0.04929779
0.18794148
0.11178477
0.15525718