0.12501109
0.10255148
0.11057319
0.07828200
0.15869126
0.14175975
0.14498933
0.17482977
0.09428076
0.06203436
0.06325860
0.06972571
0.09907813
0.11875861
0.05395096
0.07643819
0.08443225
0.14256389
0.11160213
0.06565321
0.09216277
0.11457514
0.12349126
0.03940183
0.09898558
0.08848756
0.05337306
0.07787474
0.08434863
0.11965356
0.09507581
0.17858227
0.05399425
0.05729672
0.09062112
0.14148356
0.07153864
0.11603344
0.13364813
0.10163622
0.18051660
0.10318084
0.05239116
0.09039842
0.14197546
0.08939852
0.09078507
0.05037856
0.06999841
0.06826493
0.10068588
0.09218617
0.03864409
0.09038147
0.04496261
0.09957144
0.18392460
0.05528269
0.01461008
0.07424206
0.09525858
0.12335204
0.14136223
0.06540096
0.10801932
0.05540136
0.09800625
0.09817100
0.13561244
0.11683264
0.12178608
0.04044049
0.06178918
0.06092630
0.04268843
0.05187403
0.09303317
0.10553938
0.07234496
0.10580304
0.16797586
0.02009789
0.10094601
0.03837695
0.07647107
0.12231847
0.13567153
0.10592623
0.09460841
0.06052893
0.05463684
0.11441460
0.11882287
0.12343144
0.09733722
0.15788627
0.11375559
0.08367404
0.02550706
0.11873007
0.08107299