0.10072691
0.30554107
0.11233480
0.05937670
0.09146357
0.23734216
0.27924064
0.30372944
0.19078606
0.19024318
0.20648499
0.23356247
0.10076328
0.14505775
0.34588134
0.07657501
0.26588312
0.17083541
0.23426901
0.27922708
0.09956524
0.16627885
0.46880656
0.44485939
0.31993243
0.41432214
0.42725635
0.29262036
0.32779396
0.14129886
0.13010842
0.25069737
0.31123403
0.15858866
0.26428553
0.18997009
0.11135949
0.20797125
0.37275746
0.32066089
0.32685331
0.34913325
0.21627039
0.28118271
0.17739658
0.10543470
0.19498472
0.27148879
0.22488371
0.15005285
0.10717724
0.10364133
0.16675425
0.21387991
0.09322260
0.14715494
0.42253348
0.31317690
0.48196340
0.51326138
0.51654482
0.32923046
0.59521055
0.32035100
0.35393962
0.13773970
0.36941251
0.36909416
0.35162923
0.44874433
0.07510302
0.23151675
0.18472134
0.17696524
0.17678005
0.24412395
0.32817987
0.25687829
0.26285502
0.34007409
0.36574954
0.43311059
0.26944771
0.23117851
0.27118692
0.21920322
0.33211127
0.29188254
0.15783551
0.44971198
0.31616631
0.32756910
0.17866661
0.22238791
0.26780933
0.29081461
0.31831372
0.36693004
0.35653391
0.14026316
0.29621285