0.06709162
0.14931686
0.10839970
0.09427906
0.07242429
0.17180063
0.08851579
0.12679435
0.18881327
0.08715945
0.06050267
0.17272675
0.06962478
0.09600367
0.05967278
0.09704767
0.10394835
0.05716176
0.04496339
0.06579839
0.11509491
0.03930768
0.16121465
0.04031696
0.10147152
0.08008474
0.03322762
0.09635696
0.03538918
0.01219664
0.04089921
0.07989290
0.09275500
0.03812030
0.07238239
0.09374587
0.08502875
0.03118869
0.19823503
0.20282298
0.07325006
0.04886234
0.13641645
0.04624256
0.01135837
0.06649797
0.05094642
0.05316391
0.06002597
0.04267390
0.09633269
0.11820939
0.10310867
0.05287014
0.05445143
0.06120663
0.02608508
0.06874567
0.13989772
0.09634762
0.10989046
0.12533338
0.11252046
0.10829712
0.11413710
0.09303481
0.14160743
0.09289560
0.03123208
0.04186016
0.06404138
0.10135961
0.07016872
0.04542652
0.10403549
0.09057010
0.20456196
0.06899717
0.07248154
0.02731722
0.12611590
0.07358382
0.10465199
0.06809480
0.04223515
0.09223697
0.13782731
0.09535190
0.15539382
0.11317392
0.08402728
0.03984333
0.06934242
0.11887080
0.04643762
0.07212082
0.05749151
0.14282876
0.13150479
0.06847634
0.04190200