0.09369902
0.13280354
0.08988473
0.08330593
0.11384992
0.11444104
0.05697088
0.08818166
0.05163942
0.05618734
0.15839295
0.14683768
0.13638344
0.07464077
0.20611526
0.08070077
0.10729981
0.06801424
0.17845881
0.11089787
0.10621429
0.06638614
0.12031373
0.11490485
0.09280961
0.12684143
0.08221821
0.07086977
0.12040165
0.09495510
0.08652608
0.10180355
0.06379936
0.06486119
0.06974073
0.13905464
0.10562683
0.10379075
0.12196928
0.14364444
0.04128709
0.11588924
0.15132575
0.06539294
0.05150560
0.07441960
0.08826342
0.06362628
0.24345665
0.09605894
0.16628669
0.14413202
0.06848694
0.11547871
0.04852913
0.04010611
0.10136115
0.13631403
0.07159236
0.08589435
0.13712336
0.15222278
0.23059398
0.12883087
0.12442712
0.09369539
0.08816667
0.13506523
0.06911054
0.08356948
0.02622070
0.07068869
0.03414415
0.16094042
0.14247045
0.11386860
0.09386113
0.04525850
0.07906507
0.10320428
0.02584982
0.10942220
0.07207160
0.07119876
0.15920211
0.06675624
0.13754342
0.05698456
0.07328887
0.06042868
0.16913816
0.08988489
0.20380931
0.09076168
0.11054683
0.06345890
0.08776928
0.11234810
0.10223865
0.09422384
0.14363168