0.09256493
0.02972878
0.04171337
0.15183061
0.06574582
0.17385539
0.10277057
0.05160384
0.03203635
0.06856173
0.08490568
0.11532396
0.15657593
0.11434288
0.07669690
0.12005854
0.07017010
0.08476816
0.07619843
0.13338555
0.10412827
0.09950674
0.07796378
0.05139133
0.03707396
0.11782611
0.08240450
0.11407553
0.10043378
0.12908179
0.12411848
0.05600429
0.04762104
0.13334878
0.04766497
0.08664700
0.02309932
0.07008149
0.14996772
0.16510418
0.08346937
0.05689994
0.06671663
0.07934859
0.11390090
0.04517212
0.05568270
0.08096486
0.13086590
0.08497587
0.08553412
0.07279234
0.13251653
0.10375347
0.13343504
0.08130744
0.11755739
0.05077939
0.02491014
0.11161453
0.11572126
0.15097106
0.06659392
0.21773657
0.10874676
0.11305805
0.05859162
0.06032660
0.09373885
0.13422455
0.11560791
0.06582508
0.12456606
0.10247725
0.14598535
0.09964455
0.09299872
0.04987720
0.11989495
0.12438254
0.08498373
0.09945935
0.09932411
0.13771304
0.11067729
0.10469171
0.08336982
0.10871597
0.15483698
0.13101408
0.06052005
0.07937074
0.12206583
0.06455608
0.11080148
0.12237535
0.15018246
0.07065947
0.08680844
0.11304878
0.08577558