0.04952200
0.21145846
0.16864057
0.11804046
0.15668976
0.08315533
0.06360667
0.11505805
0.18409733
0.16788416
0.11986211
0.12179412
0.08452383
0.07500173
0.14865641
0.14601038
0.10542045
0.16447610
0.05200703
0.06753851
0.22230290
0.12792709
0.07076933
0.18699242
0.20104057
0.07182296
0.07962302
0.08530584
0.15998264
0.11966957
0.14486605
0.25149921
0.12878762
0.11475477
0.17596893
0.08131068
0.13872696
0.06627959
0.13261086
0.07735820
0.04843491
0.13948606
0.17087609
0.10546895
0.15822679
0.13695335
0.20783310
0.15261912
0.10778764
0.19102608
0.04472889
0.06637214
0.18783054
0.21693181
0.14713936
0.06660709
0.22689974
0.15620685
0.12194749
0.23688546
0.14292294
0.12087350
0.09555252
0.24964347
0.07368613
0.10601602
0.18004885
0.10282670
0.10993230
0.14266236
0.11937427
0.13506281
0.13271970
0.10201409
0.14521804
0.07458594
0.17309937
0.12521505
0.14697176
0.10380673
0.18061285
0.07455020
0.19784272
0.14907913
0.17538956
0.06997447
0.13137287
0.10029677
0.13346156
0.17444009
0.23407307
0.15002182
0.14861237
0.01747341
0.17208999
0.08532312
0.17992526
0.17618829
0.16090481
0.09584840
0.11379328