0.08581891
0.06606996
0.10080055
0.13659470
0.09597312
0.11722335
0.03082994
0.09802992
0.19626762
0.08392631
0.11503474
0.14437282
0.04771686
0.19167396
0.19305615
0.11085373
0.09407540
0.11744098
0.17871569
0.14259788
0.09490690
0.10373569
0.16652697
0.08698668
0.21223298
0.17173272
0.11033379
0.08353875
0.19201508
0.19505133
0.17738321
0.20748062
0.13612361
0.25902322
0.18137014
0.15746540
0.19919214
0.26589841
0.15300499
0.23300213
0.11216452
0.17194511
0.21495600
0.14013466
0.15168682
0.17073651
0.12740804
0.14243025
0.11505918
0.03705176
0.11791733
0.13619314
0.18460616
0.03814265
0.15273951
0.15445629
0.17273469
0.16416714
0.18738739
0.19757310
0.01633025
0.09401572
0.22221246
0.10681753
0.18281795
0.15616129
0.10019697
0.16651039
0.22193059
0.07115884
0.17627096
0.02771043
0.15370858
0.09726061
0.14342363
0.17558904
0.11289757
0.23596768
0.14913042
0.13540724
0.10121030
0.16953903
0.14430079
0.20938140
0.08062400
0.11113565
0.09213680
0.07384504
0.04232609
0.15799066
0.17735365
0.06313597
0.09925722
0.02000084
0.15512572
0.08195244
0.04421617
0.02720456
0.11623933
0.16608815
0.10869449