0.06375539
0.08591753
0.02331235
0.09133449
0.12278084
0.06954960
0.11254453
0.08652356
0.16522001
0.16586229
0.08798221
0.13382457
0.04866518
0.04193256
0.05601075
0.07330449
0.12276126
0.10068846
0.08145323
0.11423796
0.05415756
0.15717137
0.07131305
0.10242312
0.09514727
0.12585407
0.03725608
0.08604847
0.11262954
0.13338417
0.11967291
0.08410583
0.11551829
0.07886235
0.10664894
0.07113974
0.11463318
0.13481601
0.09150001
0.07335877
0.12660594
0.06007847
0.12508951
0.04834998
0.09760414
0.09250207
0.12524675
0.16855858
0.10330174
0.05625965
0.09821560
0.09511060
0.07186188
0.12696502
0.06069267
0.08247396
0.12820774
0.10809942
0.12281591
0.06100864
0.10695995
0.07342196
0.13644227
0.06627982
0.03115233
0.13623658
0.08454036
0.04209429
0.08673918
0.07951212
0.17129354
0.06023268
0.06929547
0.03133322
0.17460129
0.06450465
0.11202234
0.11827493
0.08592638
0.16899174
0.10511637
0.16471837
0.11359769
0.06511053
0.07260013
0.10291086
0.06216331
0.10076206
0.03538768
0.06823760
0.08470339
0.14011861
0.07029934
0.08184525
0.03971719
0.09903776
0.05930864
0.07645607
0.15597944
0.10871641
0.08264712