0.02160217
0.44986689
0.79707575
0.78138947
0.79801941
0.88782823
0.84933805
0.86037248
0.71123308
0.83982933
0.77052408
0.84862047
0.85011107
0.80850869
0.79745620
0.84421080
0.83801252
0.81894857
0.86621696
0.89234239
0.80938995
0.86053538
0.86336112
0.79587317
0.86174506
0.85788327
0.83258110
0.79494989
0.72678190
0.80835831
0.84062058
0.86743426
0.86171359
0.85480332
0.77296537
0.71785736
0.73842210
0.79922378
0.86116618
0.78273231
0.69222099
0.73320889
0.73336607
0.74227089
0.78785574
0.85278940
0.79146773
0.80419737
0.79474741
0.79594374
0.85595185
0.85883254
0.83104998
0.81028783
0.82961082
0.85496360
0.78216916
0.80052620
0.86073273
0.84219599
0.84705579
0.68551612
0.91863215
0.87343794
0.84516960
0.84719795
0.84276670
0.86792761
0.82147300
0.88649619
0.85250634
0.80719781
0.83170968
0.75982702
0.82538736
0.75241143
0.76317805
0.83938807
0.82947218
0.85232133
0.84250128
0.85797614
0.86268419
0.76543325
0.69922554
0.81070220
0.81993622
0.75168014
0.82941037
0.85106200
0.71567750
0.67312247
0.77577710
0.84202170
0.89225847
0.83600748
0.82599115
0.85996825
0.83096200
0.84003466
0.81601602