0.07450834
0.16171470
0.13220400
0.18969500
0.14690427
0.17876412
0.17612375
0.15671517
0.07289770
0.16426072
0.22524732
0.23742184
0.20506173
0.14764920
0.27276105
0.43748054
0.45098403
0.33178604
0.31305006
0.12940224
0.05976437
0.27435258
0.10101965
0.14529759
0.08271173
0.15408228
0.17012155
0.17148080
0.09664890
0.18102255
0.22608116
0.32980779
0.24491732
0.34322524
0.34164727
0.42980367
0.43329006
0.53291219
0.41438639
0.45241684
0.33305499
0.25380328
0.25617579
0.21421134
0.24039595
0.33817226
0.25216725
0.27521440
0.43787915
0.38659078
0.32612312
0.33374402
0.41386470
0.36322486
0.43055943
0.34346122
0.35159272
0.29151765
0.11508708
0.09763214
0.24714938
0.34849492
0.27751228
0.20186929
0.32816836
0.39736217
0.23373896
0.19523524
0.25743040
0.22059964
0.27713698
0.07519014
0.06639848
0.13273296
0.22715017
0.18096538
0.20537601
0.15596129
0.10434444
0.17846484
0.09878929
0.22614957
0.13180353
0.18477775
0.20681851
0.16773421
0.14857793
0.11329031
0.14092201
0.19538565
0.28378960
0.18824883
0.16617897
0.23353998
0.17540865
0.14686681
0.17016947
0.21037075
0.21736000
0.15818079
0.36128017