0.09254986
0.11903292
0.14119014
0.20572445
0.15435533
0.08703186
0.14402494
0.12011579
0.09957593
0.13990773
0.15243927
0.11852206
0.20749584
0.24809805
0.15766162
0.23559749
0.30105686
0.45649892
0.44914106
0.51499510
0.45165962
0.46045479
0.58178526
0.47898296
0.37553567
0.42701057
0.34271467
0.30511132
0.29196066
0.31679252
0.42762280
0.22311155
0.28467378
0.19055916
0.24346830
0.31232587
0.36302415
0.47822431
0.46831059
0.33975562
0.35101083
0.20436656
0.29641828
0.44533172
0.37863323
0.37520412
0.43048066
0.41175553
0.35537171
0.47790417
0.48634326
0.43377578
0.46586809
0.40881217
0.40044743
0.31294465
0.21337037
0.14252248
0.26568049
0.29482201
0.39632195
0.37614822
0.33482361
0.20907775
0.24852298
0.27590495
0.19765890
0.10584047
0.25836745
0.30695108
0.40847161
0.44528890
0.30810806
0.38088432
0.38385746
0.44177735
0.37934554
0.35946712
0.30031800
0.32281932
0.24041294
0.32022667
0.33399215
0.38715440
0.31692895
0.20163816
0.18289034
0.24953903
0.23114815
0.19066012
0.22155039
0.21190502
0.08834589
0.08195894
0.17493999
0.10781493
0.17611638
0.07953762
0.10251216
0.12221152
0.27224147