0.08153112
0.09771454
0.08949991
0.10441706
0.06096531
0.08040243
0.17462072
0.14536233
0.10640975
0.14610229
0.08397866
0.09858052
0.11261170
0.04186428
0.06545793
0.11945956
0.08188545
0.09012886
0.14881742
0.10370617
0.12255333
0.08972297
0.08222708
0.06373581
0.04861009
0.09545434
0.12119702
0.05413162
0.03710438
0.13418587
0.05744847
0.05328370
0.12228683
0.11937854
0.04422279
0.12724428
0.07809625
0.03821912
0.13879810
0.09631003
0.10276113
0.14392003
0.09893406
0.02907289
0.04759329
0.11842667
0.10459880
0.08575024
0.10627502
0.07212012
0.05694026
0.11200162
0.10190743
0.16039276
0.09118139
0.11997100
0.09025563
0.17682192
0.12922476
0.02541248
0.12009548
0.06453632
0.14393787
0.06903028
0.12554748
0.07586987
0.06447256
0.08318677
0.17015782
0.10214327
0.04185896
0.07379112
0.06548899
0.00947594
0.13917734
0.05385670
0.09492855
0.09423767
0.08696484
0.12702224
0.15494297
0.07639133
0.10065341
0.08472851
0.13249595
0.07751969
0.03403142
0.12604225
0.14061436
0.12126783
0.09802616
0.07043373
0.10023031
0.10033685
0.07777824
0.04358416
0.15711425
0.11323090
0.14254433
0.08616426
0.04590781