0.06360167
0.07041607
0.11954429
0.04972946
0.10218777
0.08133240
0.09175240
0.11397410
0.10920562
0.07655638
0.08156933
0.06808636
0.12199653
0.14996246
0.12077682
0.06684288
0.07031588
0.10848576
0.04709993
0.07648196
0.11385996
0.16993101
0.03921025
0.15938058
0.06640550
0.03132752
0.04216396
0.11807989
0.08396303
0.07216418
0.16755995
0.05379539
0.11466925
0.06520703
0.15105876
0.20208420
0.06581162
0.03018411
0.03961740
0.08866107
0.05838287
0.09008439
0.09507141
0.08451241
0.15828879
0.10855144
0.12118039
0.17482814
0.08410838
0.13918711
0.07927901
0.05042323
0.01769451
0.11139551
0.07957868
0.14123970
0.09470712
0.06322947
0.11149283
0.10732311
0.02574375
0.04031372
0.04495322
0.06180513
0.13619623
0.05844441
0.09801676
0.09677592
0.10504279
0.10841744
0.06904238
0.10646492
0.06466621
0.10302786
0.02840862
0.22139150
0.11585596
0.05910904
0.10502515
0.04814977
0.08330942
0.08824621
0.08131036
0.09777321
0.13698229
0.05845295
0.04287427
0.07997536
0.11861853
0.07039355
0.08076937
0.10948257
0.03657234
0.08162481
0.02080443
0.06221747
0.12591521
0.06200278
0.07556535
0.13388810
0.03242736