0.16700435
0.91088814
0.93515068
0.93026614
0.91512084
0.92815936
0.92794198
0.92524457
0.92503774
0.92529923
0.93386185
0.93111283
0.92097741
0.93506384
0.92357194
0.93275380
0.93556756
0.93619776
0.93614167
0.92842412
0.90508896
0.92191809
0.93441850
0.93177533
0.93422395
0.89201164
0.94146401
0.94518834
0.93964797
0.93826950
0.92342949
0.91403383
0.86656463
0.91874033
0.94243264
0.93914664
0.93306893
0.91471726
0.93694872
0.92957395
0.93541342
0.93737960
0.94262147
0.94908714
0.91899270
0.94109267
0.91294867
0.89604521
0.93128812
0.91486740
0.92439216
0.91031861
0.91419595
0.93791288
0.90508270
0.92379999
0.86528146
0.93340796
0.93608040
0.92491454
0.94639730
0.94062197
0.90653318
0.92216676
0.93163037
0.93658102
0.92650068
0.93119270
0.94521338
0.93043053
0.92838311
0.93144035
0.92210025
0.93487585
0.91581345
0.92482394
0.91948998
0.92745203
0.92182571
0.95002007
0.93817252
0.93923467
0.93721396
0.90256530
0.92602766
0.92321467
0.93623078
0.90754133
0.92109650
0.94035238
0.92844576
0.92924249
0.92943847
0.92722887
0.93150085
0.93747503
0.93402588
0.87710136
0.92307860
0.92824256
0.93458879