0.05855872
0.06310216
0.14269122
0.03975645
0.06844989
0.05615002
0.07502319
0.09386782
0.09130625
0.09485704
0.08754554
0.05651075
0.14879613
0.06984328
0.12203245
0.11510357
0.09784056
0.07595554
0.05422507
0.07334091
0.17220633
0.11741038
0.16280445
0.02891884
0.10606605
0.09053507
0.09361155
0.07909618
0.15436801
0.14082888
0.09885338
0.23319632
0.08248775
0.05577992
0.04408670
0.09518040
0.09484819
0.08388571
0.15345973
0.06935432
0.16005243
0.10910749
0.04053075
0.07605593
0.04222675
0.21559300
0.04991895
0.11025617
0.05823393
0.07491942
0.06050256
0.05337921
0.07058856
0.12644359
0.11455493
0.05831659
0.10466071
0.07368842
0.09707697
0.04155665
0.14254937
0.11676752
0.09081668
0.06599405
0.04777103
0.12785481
0.09285321
0.13678879
0.09075857
0.08351722
0.01194173
0.04595718
0.09566446
0.13974960
0.09021794
0.10193306
0.08027036
0.09842318
0.02820186
0.12705204
0.07198645
0.08277776
0.12537713
0.10070905
0.02287878
0.12339848
0.09586123
0.07832906
0.12880829
0.14351556
0.04686468
0.07175431
0.04421868
0.10499376
0.09148955
0.05089254
0.08564688
0.14302148
0.16267748
0.14631645
0.13038017