0.08236460
0.16417380
0.13993216
0.12284012
0.08153233
0.10870171
0.03202857
0.08991456
0.11214688
0.04261427
0.07969026
0.01521675
0.12690017
0.11667310
0.08605088
0.10738792
0.17651497
0.13732512
0.15596944
0.05867803
0.07288621
0.11854049
0.06978903
0.12741628
0.05833268
0.09499916
0.05899136
0.05823451
0.18635464
0.11784616
0.15837416
0.04563342
0.11465004
0.08504921
0.15054803
0.02972286
0.10513064
0.09820871
0.13792711
0.04980106
0.10086454
0.07253557
0.11381970
0.12441902
0.10045328
0.09694805
0.15426682
0.05394911
0.07247617
0.10580915
0.13358632
0.03751226
0.09679638
0.07627776
0.16287023
0.02308315
0.06247019
0.07327194
0.09596057
0.05421520
0.14775209
0.23092218
0.03300939
0.08673079
0.09389768
0.04825538
0.05740617
0.07986079
0.12727973
0.07976118
0.02659663
0.08999258
0.08849566
0.07435785
0.14025065
0.06348402
0.09613661
0.11568198
0.15519924
0.10596905
0.04228764
0.05791420
0.02321582
0.10510614
0.05120253
0.04582002
0.15652001
0.12188096
0.08438849
0.10163138
0.15183744
0.03659758
0.13607606
0.07217108
0.05510862
0.10182621
0.05456432
0.11763356
0.06823370
0.17337300
0.05238466