0.07788720
0.12474728
0.07908717
0.06720263
0.10124476
0.08370200
0.10630716
0.05261200
0.09078167
0.07296059
0.17578150
0.06491373
0.08386341
0.06033907
0.08687257
0.04306101
0.07835083
0.13192540
0.08666307
0.08893155
0.05365460
0.13951235
0.01912900
0.13143824
0.01938542
0.17846176
0.03916596
0.09469550
0.14013588
0.07909617
0.11164983
0.04621540
0.07782948
0.01950104
0.09501908
0.09226266
0.14991695
0.10870995
0.10563149
0.06578327
0.11244255
0.12575823
0.07812552
0.04923475
0.07504826
0.13830929
0.11734044
0.07821348
0.14302893
0.06229751
0.09402242
0.11676241
0.17422614
0.13203593
0.09625980
0.08029448
0.04510786
0.07087447
0.16555053
0.07248390
0.09681991
0.08325312
0.03001206
0.14931278
0.11989822
0.11243436
0.13176055
0.09060532
0.09169088
0.08080512
0.09474648
0.14683953
0.14087528
0.01591738
0.18808237
0.16799098
0.07890653
0.07243180
0.11294066
0.05494064
0.14103618
0.06095073
0.10272928
0.05577347
0.15526953
0.04504858
0.05027734
0.15824170
0.06587932
0.10809398
0.10388650
0.10640574
0.05644736
0.01283558
0.06476840
0.06032818
0.08686573
0.07389821
0.07816656
0.02578192
0.04917456