0.07852264
0.06885434
0.13896318
0.16833648
0.10549059
0.08737665
0.14982849
0.07688668
0.12973313
0.13712025
0.14641313
0.08044018
0.16828626
0.14845322
0.13156310
0.18177593
0.24772547
0.18655223
0.12952037
0.20758848
0.19469723
0.32473114
0.11792234
0.18809502
0.18744750
0.12549104
0.17615177
0.27699018
0.14864382
0.22097437
0.24941921
0.18000963
0.19078036
0.16957793
0.19494352
0.09604536
0.21290947
0.10072351
0.10755251
0.14340869
0.08575216
0.16604541
0.21973474
0.07399397
0.27148700
0.16737209
0.13345951
0.26501039
0.14878510
0.24314064
0.25215939
0.24149893
0.07255014
0.12085784
0.18806724
0.17736544
0.21065752
0.22755356
0.28705007
0.39234340
0.10328508
0.07377765
0.20436089
0.15388994
0.14348540
0.16650066
0.08166978
0.11696839
0.07177685
0.10373857
0.25453317
0.33734173
0.06304440
0.07431410
0.24261972
0.14862104
0.24932916
0.20964311
0.15620822
0.19100660
0.08911226
0.06025339
0.19307703
0.25699928
0.24166562
0.13850938
0.29704180
0.09506504
0.16450910
0.09031329
0.08656877
0.15871161
0.17020056
0.09766167
0.23368813
0.18922874
0.07851812
0.30350858
0.18133764
0.22526728
0.14301403