0.08533442
0.06462253
0.17844890
0.14028610
0.10899087
0.15652303
0.15965407
0.16969708
0.18369254
0.18597004
0.15730035
0.13899927
0.15686359
0.08103824
0.21706317
0.27947196
0.17344551
0.12673628
0.08547928
0.19189937
0.16549778
0.18379629
0.09082201
0.19275279
0.09245909
0.06580664
0.15177858
0.19799116
0.15608598
0.21677727
0.16927589
0.32192326
0.30788562
0.13389735
0.12438355
0.11831366
0.16106978
0.30293646
0.16865057
0.13517040
0.10474759
0.13364756
0.23346554
0.27875245
0.17937748
0.13409393
0.08781682
0.16538639
0.30971286
0.19770674
0.16588892
0.14343764
0.08551148
0.22514011
0.17589678
0.13393569
0.00912369
0.19071315
0.27543738
0.13453440
0.18612215
0.23069681
0.13932487
0.02053302
0.24805853
0.19574335
0.23206635
0.22341645
0.19130871
0.19230987
0.16617055
0.14117584
0.35913539
0.13169083
0.21797714
0.21152259
0.09306171
0.26896632
0.25293186
0.22633892
0.24452119
0.14654218
0.14241163
0.27656361
0.13290618
0.21759307
0.17208715
0.15422891
0.09340311
0.17546308
0.24121624
0.15404549
0.11293077
0.33117345
0.12397193
0.12341585
0.15089853
0.03429343
0.07736918
0.14508325
0.09231769