0.14341784
0.12435573
0.19875202
0.18743762
0.17856869
0.09068372
0.17664692
0.08044566
0.30833209
0.27178428
0.27603784
0.29700628
0.27801463
0.28120869
0.25854814
0.21402657
0.27077243
0.12524042
0.16732906
0.10504836
0.19880079
0.12827732
0.22286075
0.32512560
0.26477712
0.14496639
0.15397298
0.22746027
0.26704618
0.29141718
0.29921141
0.29334369
0.28001413
0.27228680
0.37539282
0.40938404
0.41591710
0.29770881
0.38965720
0.43850616
0.37344015
0.31665033
0.33625340
0.26702538
0.25612405
0.19090168
0.18351623
0.15202664
0.15407477
0.21813734
0.04887494
0.09314388
0.05351864
0.15812692
0.16501428
0.18647335
0.31005877
0.19656888
0.13662037
0.24498862
0.20050517
0.27614561
0.12912221
0.23974741
0.28994149
0.17777196
0.19868742
0.14029379
0.18645492
0.10627587
0.15941586
0.16497102
0.37305835
0.31222022
0.26759166
0.33367443
0.28323162
0.28241837
0.19987874
0.18674062
0.11493936
0.07907708
0.22545193
0.20595825
0.17166398
0.24858159
0.15581852
0.21028276
0.16803533
0.27829260
0.07172156
0.12490205
0.11352596
0.25124317
0.15692270
0.28592548
0.26419920
0.16724850
0.16852266
0.24180517
0.32046619