0.06360167
0.05748883
0.13027017
0.08398053
0.05716871
0.03407367
0.09180234
0.10655499
0.06764779
0.04719813
0.02193190
0.19983006
0.05029526
0.07726634
0.09156039
0.09946697
0.09957851
0.08781722
0.06774515
0.10402701
0.12203468
0.08970699
0.09590426
0.14477038
0.03828074
0.09520113
0.11697810
0.14749613
0.17436765
0.10754497
0.05142355
0.11548366
0.08262590
0.06708657
0.06359897
0.11084975
0.14739025
0.09529062
0.07460005
0.08696661
0.06851841
0.08281584
0.05553459
0.08042030
0.08535162
0.08808650
0.08366322
0.05837350
0.18607144
0.13359949
0.08704077
0.15457703
0.08428062
0.07320672
0.07477661
0.15452693
0.10415762
0.18176195
0.09560542
0.14032447
0.13498299
0.15961462
0.08014795
0.01705939
0.12380104
0.04254296
0.08846861
0.10605939
0.07865092
0.10005399
0.13021436
0.08012103
0.12712932
0.11669680
0.02132920
0.12998199
0.10452212
0.07658387
0.11680950
0.07988072
0.01085246
0.09793751
0.03995351
0.05255296
0.07383900
0.09192818
0.05668743
0.12088954
0.11590181
0.11682368
0.07673751
0.06132691
0.07731581
0.09479319
0.05818936
0.13621831
0.02961142
0.15463351
0.14854756
0.08289696
0.12972033