0.19788478
0.83962339
0.80971503
0.73194075
0.81575608
0.83051962
0.86687380
0.77806765
0.81408930
0.80428433
0.78063339
0.88934636
0.84248382
0.86613482
0.80065161
0.77700120
0.82179171
0.84008187
0.83077395
0.80828232
0.85179853
0.84289449
0.84647822
0.84251094
0.85981452
0.78013742
0.82849723
0.82578439
0.84445262
0.81421316
0.79966050
0.79922479
0.79429001
0.85350496
0.83343118
0.82590544
0.87370390
0.71415991
0.81186968
0.85971117
0.79965436
0.84337229
0.79674906
0.75917643
0.82824689
0.79843640
0.78676695
0.86484075
0.84507513
0.73726511
0.84397292
0.84228706
0.82078207
0.80321372
0.86702710
0.82849693
0.82858139
0.83544928
0.84552026
0.83843362
0.80542237
0.75924444
0.85352594
0.82628518
0.76581627
0.83866119
0.76596117
0.79031479
0.81125903
0.64567178
0.73234034
0.81726050
0.77838838
0.73692352
0.85217959
0.81548482
0.77590919
0.72176629
0.73122710
0.81775850
0.76380485
0.80982339
0.79245967
0.79371572
0.68171960
0.74873710
0.70475632
0.80435675
0.83645004
0.78292924
0.82911527
0.82835901
0.82196599
0.80021566
0.81210428
0.84186316
0.85275996
0.84908885
0.77147108
0.78143865
0.80083662