0.08686347
0.10470144
0.09945083
0.07813703
0.04853944
0.06622862
0.09533703
0.08502623
0.12261912
0.08348819
0.05680890
0.07153836
0.06391004
0.08324085
0.11633597
0.07709558
0.15048961
0.05911935
0.11311705
0.07989963
0.13957575
0.13004181
0.06786987
0.06940339
0.03331428
0.06557117
0.14769879
0.14050932
0.15480483
0.08417787
0.14527725
0.09252024
0.16859584
0.06935610
0.11909051
0.06577262
0.09615985
0.16676529
0.11141955
0.10148582
0.05689523
0.08140633
0.05324306
0.07888028
0.06412004
0.06112225
0.12040357
0.03117895
0.06493007
0.07982273
0.08650623
0.08957441
0.11839399
0.05619362
0.06443248
0.09549352
0.14631127
0.06964199
0.03889943
0.09395122
0.12342869
0.04506602
0.08166214
0.10797170
0.05979712
0.09464822
0.10211439
0.03361091
0.13520446
0.03273658
0.04249415
0.08186961
0.11483581
0.15641177
0.08407194
0.13329382
0.04926983
0.03433619
0.05124258
0.09837060
0.12815300
0.01849823
0.08272538
0.03711428
0.03730018
0.06297336
0.12003198
0.09833217
0.09006884
0.05030634
0.03496128
0.10160755
0.06704035
0.11247408
0.04961923
0.12403961
0.17255029
0.04459784
0.10239461
0.13211724
0.06798457