0.09254986
0.92699903
0.92991757
0.95150667
0.94789243
0.91029990
0.91671646
0.92540854
0.93856376
0.94902307
0.90857428
0.91530442
0.95310974
0.91772658
0.93557650
0.87359637
0.95000631
0.93226957
0.91491854
0.86368257
0.94147635
0.93330771
0.90871263
0.90390122
0.89557248
0.90325624
0.93871111
0.92783272
0.90807909
0.94418740
0.91594338
0.90427709
0.90841001
0.88464463
0.95443642
0.95260137
0.94095439
0.94977260
0.95626253
0.84774923
0.95998108
0.88646054
0.93375170
0.90940583
0.94686943
0.92250282
0.93220246
0.91465461
0.92920202
0.89810526
0.91301954
0.92639297
0.83546847
0.93320119
0.92586184
0.93260527
0.91988397
0.92504007
0.93311781
0.91242689
0.94329619
0.92729151
0.92463440
0.92389566
0.93274045
0.93796980
0.91470289
0.95151037
0.93666917
0.91731775
0.94745517
0.91426712
0.93602008
0.93221182
0.87968850
0.92898864
0.93776590
0.92620546
0.92154169
0.91873777
0.91225946
0.88722503
0.93371439
0.90018499
0.93519229
0.90152121
0.89653152
0.94927478
0.94478726
0.95818359
0.91562438
0.94162810
0.95307660
0.93583536
0.92272758
0.90615922
0.93858415
0.93998128
0.93661803
0.94547576
0.93014151