0.14341784
0.08149883
0.03849003
0.16316979
0.15796968
0.08106695
0.19655290
0.10417891
0.19686647
0.20036143
0.12461162
0.12151239
0.13547659
0.14916027
0.07187472
0.20369156
0.07421114
0.16868958
0.07627763
0.09252123
0.06604173
0.10308059
0.10970300
0.03697587
0.15625207
0.16908272
0.03671129
0.18083967
0.15351501
0.16721366
0.10952663
0.13462201
0.17583355
0.16273750
0.05133855
0.08378305
0.13211045
0.12717518
0.04680246
0.10749705
0.11590294
0.05130187
0.06895111
0.13974892
0.13445479
0.08111431
0.11752969
0.10219271
0.21351324
0.11819305
0.11614459
0.08190076
0.07749064
0.08581542
0.09590530
0.19885977
0.05538950
0.06954271
0.06237722
0.10451702
0.11206108
0.13450685
0.06210484
0.07821084
0.11357512
0.11641548
0.09796983
0.12112238
0.15229788
0.03257343
0.03722332
0.06889176
0.07225126
0.06954107
0.10727335
0.08214042
0.08049045
0.14920188
0.08111501
0.04375819
0.13294569
0.08121504
0.16914387
0.21953483
0.21102162
0.17796923
0.12257008
0.15745594
0.14486010
0.07884548
0.12767343
0.04191724
0.18583429
0.17054003
0.11194178
0.08954836
0.15951958
0.02885868
0.11771815
0.12213615
0.03983252