0.11506237
0.17358202
0.11621833
0.06440677
0.10336291
0.09953476
0.08225969
0.12349173
0.14612374
0.15802389
0.10187823
0.10144829
0.05200475
0.15238053
0.09494834
0.06390049
0.20779389
0.03933885
0.09404495
0.12731381
0.18172760
0.03236978
0.20422998
0.17481442
0.16160405
0.11552565
0.03691686
0.18603374
0.12948650
0.18018034
0.12201013
0.16468868
0.08559807
0.11041328
0.05464106
0.10201214
0.21354693
0.14151661
0.05697102
0.14380273
0.14873928
0.15331632
0.11957374
0.10643452
0.10697132
0.03475737
0.10172632
0.11338795
0.16762096
0.05466367
0.11761867
0.15074673
0.13728637
0.05718480
0.13487153
0.10614248
0.11458696
0.13977696
0.18273368
0.07016172
0.09565525
0.19285125
0.29451665
0.14614446
0.16728453
0.12020278
0.07702424
0.19106054
0.05752704
0.20118938
0.13654138
0.05607853
0.11231504
0.13907129
0.08475508
0.12223366
0.11273617
0.09734676
0.06327481
0.12216553
0.16279984
0.04438528
0.12622061
0.12899773
0.04664876
0.21672934
0.17002812
0.10149653
0.04273065
0.11457580
0.12192070
0.10227742
0.15155321
0.09064402
0.07340977
0.11682090
0.15905125
0.14733277
0.16134159
0.19519293
0.13282086