0.11078583
0.04957370
0.09675030
0.10993955
0.06456877
0.07089682
0.06223956
0.08689304
0.08604761
0.03969116
0.08759417
0.08177123
0.07902429
0.08393059
0.07843471
0.15143329
0.12474907
0.06073811
0.07455395
0.04710080
0.14386992
0.08692310
0.05552180
0.17378929
0.09904883
0.04896493
0.07550901
0.15712197
0.04438794
0.05805641
0.13109890
0.13802859
0.09741820
0.10615523
0.10433093
0.08002304
0.07403423
0.15864098
0.02489541
0.13316987
0.10940722
0.03394111
0.09906170
0.05507597
0.16909933
0.07355235
0.03246934
0.07377753
0.16169067
0.10263024
0.08642151
0.03727935
0.08157420
0.09999587
0.00638534
0.04875281
0.11711271
0.06201928
0.09285665
0.11626053
0.06427550
0.08001152
0.11782472
0.04281754
0.04314657
0.07675871
0.04262117
0.14770320
0.04505236
0.02718190
0.06240856
0.03573613
0.05921358
0.09895839
0.03265994
0.09882843
0.08191111
0.11083328
0.10035671
0.05362498
0.07032140
0.07197172
0.13233294
0.11219495
0.06847304
0.13253748
0.09698543
0.11478087
0.09368546
0.05737771
0.17746648
0.06221113
0.07577550
0.14514908
0.06706607
0.13699690
0.05215337
0.09773206
0.16657759
0.11529177
0.11697804