0.03719526
0.08153415
0.22834942
0.19476578
0.28758761
0.31140965
0.14510505
0.13954118
0.15076779
0.21774095
0.19716696
0.32121736
0.22474147
0.22369713
0.17096841
0.13803472
0.15418592
0.22226030
0.24049649
0.16909935
0.30755198
0.28662413
0.12562177
0.09044898
0.11126662
0.23676687
0.17540923
0.16223997
0.25452474
0.12674944
0.20084706
0.12931281
0.14862557
0.16124846
0.17461988
0.18486951
0.20418046
0.20914911
0.22721659
0.11300106
0.12412507
0.05708696
0.04354398
0.12213595
0.06945973
0.21432474
0.22074516
0.30665386
0.38618556
0.29673240
0.32578900
0.11892948
0.22703598
0.19146158
0.17537585
0.18291274
0.13575286
0.13417108
0.15736265
0.25278530
0.19925272
0.38414618
0.07637367
0.13111407
0.20088127
0.19819942
0.25902814
0.28502366
0.12253996
0.23738465
0.34959853
0.15239264
0.17955717
0.11338991
0.23125094
0.26716265
0.18858595
0.15281993
0.22433436
0.10066495
0.07632551
0.05324188
0.10114914
0.12287487
0.31486985
0.19148211
0.08815165
0.39991266
0.45561495
0.45047379
0.23994909
0.27986369
0.35945895
0.26142129
0.41732818
0.45310622
0.33946967
0.31695005
0.24536023
0.16085093
0.04615201