0.06721490
0.14228240
0.07225890
0.06558374
0.17622742
0.10107217
0.03666653
0.10334035
0.07998724
0.04740422
0.11723948
0.15551034
0.14943303
0.17248851
0.09675641
0.17059468
0.13978694
0.06262276
0.13628548
0.13780877
0.15495813
0.08901125
0.22367831
0.12221263
0.15876888
0.02980860
0.11492968
0.09087835
0.12598956
0.07002431
0.14309855
0.06776295
0.16557476
0.13313703
0.09333897
0.15557130
0.06457567
0.20478161
0.14493446
0.12409902
0.05307969
0.06698120
0.14930478
0.10941389
0.17135745
0.08730649
0.09512366
0.16292091
0.18985747
0.08591786
0.14310579
0.19589731
0.15620624
0.06076068
0.12835005
0.05124367
0.23622215
0.17299476
0.15472040
0.16631441
0.09578640
0.13622725
0.06503315
0.14294398
0.20602606
0.10561743
0.08108140
0.03373297
0.13272475
0.07387769
0.06388095
0.10996577
0.04915398
0.14630349
0.09908442
0.04776943
0.13739508
0.20316239
0.13596711
0.11438385
0.12740725
0.21950544
0.09768797
0.04520835
0.06522426
0.09650484
0.13097708
0.05651143
0.12593487
0.08721612
0.03220286
0.23677713
0.05907614
0.09911408
0.12509546
0.08277559
0.04798524
0.10350633
0.10370459
0.12550667
0.14877209