0.03719526
0.05910516
0.09827647
0.04983374
0.17855439
0.06105938
0.05763267
0.10628335
0.12093057
0.05938484
0.10783336
0.11897154
0.08691894
0.21481229
0.06225283
0.09915349
0.05947208
0.08093652
0.06726584
0.18877338
0.10356709
0.04841457
0.12677865
0.09879512
0.07787612
0.10315104
0.14364073
0.10506706
0.03147366
0.09705345
0.15381339
0.07549833
0.14029448
0.08836740
0.12951203
0.06791314
0.07490826
0.05628850
0.13567361
0.10796078
0.03188372
0.04223567
0.03722593
0.05697910
0.04654427
0.06651310
0.07871503
0.11090554
0.13681917
0.05896329
0.10017965
0.20628677
0.10132977
0.09029408
0.04448857
0.06003656
0.13803001
0.12068330
0.07411987
0.05801724
0.09558052
0.06302914
0.07221296
0.03891424
0.03674399
0.05889842
0.06460107
0.14865322
0.04949019
0.11885569
0.10464499
0.02958953
0.06965816
0.10174805
0.10128777
0.11013173
0.09841073
0.07961161
0.09990434
0.12786828
0.27198732
0.07608028
0.06778617
0.11696281
0.11471555
0.10748961
0.11033377
0.16666315
0.10570258
0.14302628
0.04446195
0.07903133
0.01640437
0.07182270
0.16655415
0.06588823
0.11495560
0.16008770
0.14663503
0.16623653
0.15499392