0.07788720
0.82171786
0.80994231
0.86700034
0.80748618
0.83952993
0.79926354
0.86687857
0.82844293
0.79864955
0.86025506
0.83948076
0.83664221
0.85361892
0.82916009
0.81043935
0.82418031
0.87108785
0.84757155
0.84535873
0.85753512
0.85245180
0.79557747
0.85005128
0.83024520
0.74161631
0.80150604
0.83583695
0.80939025
0.82111686
0.84577066
0.80762082
0.77109528
0.80639166
0.87177825
0.80262303
0.82406014
0.83765864
0.83909589
0.76500243
0.79967391
0.83047265
0.82402140
0.84813905
0.84542871
0.85250670
0.84297580
0.85986829
0.81767362
0.86708474
0.81492811
0.84883875
0.82089502
0.84528714
0.84825552
0.81475568
0.85764003
0.84622002
0.79652476
0.87148875
0.83609396
0.82953453
0.80969620
0.78745377
0.83968544
0.84531903
0.79868120
0.82708186
0.82707858
0.69721484
0.81486440
0.84114909
0.84486502
0.83205205
0.87469345
0.87911469
0.83615786
0.85267287
0.85551840
0.81859970
0.84234083
0.83282995
0.84930933
0.87826788
0.79181081
0.82948929
0.83170080
0.79360491
0.83678228
0.81023550
0.85577071
0.85577959
0.83951402
0.86572558
0.83598334
0.85590982
0.80029809
0.79775923
0.81499213
0.81703836
0.77652365