0.10072691
0.70146775
0.77057910
0.76375753
0.66478562
0.62489247
0.81237406
0.71557587
0.78282601
0.79060137
0.73317361
0.47727090
0.60053039
0.51616383
0.70610595
0.64723718
0.48714730
0.71458977
0.71158445
0.58765149
0.74045837
0.59646887
0.64724088
0.54432154
0.70984918
0.71393561
0.75818086
0.78627849
0.73470068
0.73303717
0.71290898
0.69640982
0.59652948
0.56973177
0.70050776
0.66230512
0.63015753
0.66004366
0.76731086
0.76120043
0.62565118
0.47809890
0.57860744
0.77966094
0.75644898
0.76678061
0.63244420
0.68218887
0.63661718
0.58476520
0.53800905
0.61854053
0.59586602
0.69474757
0.55043042
0.61378694
0.60125273
0.68232203
0.66534919
0.78033960
0.68159270
0.63467312
0.68672907
0.58487284
0.51944566
0.77273089
0.61472887
0.45726505
0.64907831
0.71165431
0.58053869
0.54578269
0.75961328
0.62522149
0.76564360
0.34124392
0.26145497
0.37041444
0.35873473
0.34257197
0.28418007
0.36966240
0.35663047
0.24782380
0.23960920
0.46169040
0.40101251
0.42983696
0.40341187
0.26788065
0.44441006
0.48597699
0.53706872
0.66935545
0.76355940
0.67456526
0.57192874
0.55580759
0.56932145
0.54154140
0.67152870