0.08586100
0.08755816
0.17207913
0.15686402
0.13719279
0.19001810
0.22517407
0.16172571
0.15591614
0.11352329
0.05605609
0.15068659
0.10895857
0.09526532
0.16838294
0.07022718
0.15920846
0.19618346
0.19557376
0.23644963
0.19700664
0.08972529
0.25137416
0.21677971
0.21971880
0.30573842
0.17483559
0.13005269
0.16347864
0.19850712
0.25160763
0.22927353
0.15277536
0.15947607
0.10884120
0.18226206
0.22775841
0.04884840
0.19496484
0.11956286
0.16376153
0.20431769
0.24252358
0.02464486
0.12880443
0.08113334
0.38065448
0.26623529
0.22838134
0.25060728
0.27149779
0.12090269
0.08407112
0.04228888
0.22951318
0.19487806
0.40797532
0.27823961
0.17723013
0.13935527
0.12388540
0.08457302
0.29513183
0.15787391
0.08811471
0.10280187
0.12326456
0.28876084
0.26680773
0.24868870
0.08037888
0.12186623
0.27348241
0.16909382
0.15935884
0.18797632
0.17354906
0.10715720
0.14516154
0.18499127
0.27552003
0.13313192
0.16722631
0.13858695
0.08355018
0.18798712
0.12222638
0.15087508
0.18561323
0.13507827
0.11589035
0.02781626
0.07054345
0.10724866
0.16934904
0.35485876
0.08738856
0.17890087
0.05801009
0.09780752
0.22303338