0.14674504
0.75341654
0.71432203
0.83865905
0.74438661
0.81275237
0.71647525
0.84544486
0.79440415
0.84535402
0.75783265
0.77561945
0.87579829
0.80219287
0.76149386
0.81319737
0.75037146
0.73079538
0.71292377
0.83710063
0.72527456
0.83247167
0.85225272
0.70954889
0.75156707
0.79756033
0.85388947
0.83980805
0.80773461
0.73145783
0.73175782
0.76028597
0.74963266
0.79602021
0.80076760
0.73930979
0.75404239
0.66949874
0.68505400
0.84611100
0.78528589
0.77518851
0.76488632
0.74585342
0.80932891
0.78279257
0.70365012
0.66852701
0.58723295
0.76425385
0.77338099
0.85607392
0.88384444
0.74579859
0.78377336
0.65821946
0.69577211
0.65007323
0.78720784
0.72367442
0.64609450
0.64652222
0.71539146
0.65628505
0.87537026
0.83229685
0.80544996
0.74435896
0.83101255
0.74229097
0.85128516
0.81422752
0.83335000
0.87570935
0.80758202
0.78125328
0.77349710
0.77987534
0.81960082
0.76425356
0.76684409
0.84759223
0.84770304
0.70067400
0.84490687
0.74205911
0.76900834
0.67691773
0.83743775
0.86503679
0.72979051
0.70222032
0.84495461
0.87924856
0.82812357
0.81582105
0.83557695
0.80008292
0.78671700
0.76413846
0.77222651