0.06718107
0.74743712
0.81310117
0.79979467
0.85959864
0.90932047
0.90610588
0.85757118
0.83724564
0.87997019
0.85448343
0.78004056
0.81472671
0.76973742
0.82787287
0.78811938
0.89992666
0.85736513
0.91262960
0.86913711
0.85344917
0.86226267
0.90801466
0.86021841
0.86900175
0.83415496
0.80183983
0.92724466
0.88283807
0.88898695
0.82739484
0.88367945
0.88057625
0.90088117
0.89929587
0.86395180
0.83752769
0.78361338
0.84475565
0.81138152
0.87974638
0.85611731
0.79096639
0.78474557
0.80132103
0.79164070
0.88646078
0.84611756
0.82896936
0.86905128
0.86015427
0.80261636
0.85633522
0.79995698
0.80488688
0.85483521
0.82711375
0.82249624
0.89574838
0.90362281
0.91326338
0.89501083
0.83304960
0.76770455
0.80589604
0.91404581
0.90821886
0.83411711
0.75492209
0.74037558
0.85190016
0.84188271
0.85382760
0.83012801
0.80742180
0.81520987
0.75751489
0.72852552
0.82222855
0.85788155
0.83150101
0.79555160
0.76993322
0.69617200
0.81173432
0.85582197
0.87033868
0.88215685
0.85995138
0.82843751
0.87224913
0.87771928
0.86807722
0.83715528
0.86915231
0.85698909
0.89147621
0.82323921
0.87402225
0.88795906
0.87113142