0.11377785
0.15922052
0.11245663
0.17048077
0.05332509
0.10255945
0.05928065
0.14537039
0.09726582
0.07019079
0.06668241
0.05898681
0.06174405
0.06432813
0.07476179
0.11620794
0.07942334
0.16011824
0.06048770
0.11845669
0.03095290
0.08181491
0.10521848
0.10590231
0.08756533
0.07381730
0.07829079
0.12377488
0.02373064
0.04258154
0.04750789
0.09277833
0.12019719
0.07267282
0.10308831
0.10747100
0.09233939
0.04229176
0.09881768
0.21726157
0.11814148
0.10042570
0.09044645
0.04664655
0.22021328
0.16580334
0.09242971
0.04908830
0.05607598
0.16438653
0.15094781
0.08728168
0.13235733
0.18510871
0.10946144
0.14765549
0.12044355
0.09949592
0.12517901
0.08192390
0.08018920
0.16284761
0.06424812
0.16023688
0.14345014
0.05075891
0.02207866
0.04645210
0.08187402
0.11958363
0.11304355
0.04706229
0.13215785
0.09386864
0.10161109
0.09884515
0.14255604
0.11491707
0.15963705
0.07017660
0.19416235
0.11309641
0.05093397
0.14695829
0.03071826
0.15443620
0.15665136
0.05679592
0.12545148
0.14208193
0.05174000
0.09801517
0.13893744
0.14373870
0.02580878
0.06513862
0.01664269
0.05114618
0.09568476
0.03761570
0.08173659