0.05321941
0.09880799
0.11912968
0.09823398
0.16739193
0.25683755
0.13039672
0.24728987
0.27557376
0.32009089
0.23035751
0.36090860
0.31774110
0.19137777
0.18270120
0.17166771
0.14924729
0.19743386
0.29928619
0.36626425
0.36107013
0.16415025
0.10281643
0.15280919
0.09548129
0.16847283
0.24072435
0.35685596
0.32435402
0.30128005
0.31936571
0.41466287
0.35652027
0.22400597
0.21016854
0.12314039
0.19723767
0.06148486
0.15802640
0.10166277
0.20233680
0.20094164
0.25449136
0.19850600
0.19118614
0.18808331
0.18183477
0.21367502
0.23023556
0.21319301
0.24679579
0.27879888
0.25961748
0.19124456
0.27258086
0.22825630
0.21981172
0.09443590
0.14804977
0.09990056
0.15482758
0.22183198
0.28553814
0.21336548
0.20098558
0.24859051
0.19959900
0.18033312
0.17921224
0.30001554
0.32874745
0.44141975
0.40448868
0.18372746
0.26810962
0.33352157
0.16267456
0.23586637
0.27180150
0.28684887
0.23030084
0.17625122
0.36952931
0.39467937
0.36499444
0.23447213
0.41895154
0.35279658
0.47201779
0.35286927
0.31597760
0.21154667
0.16475853
0.28963596
0.17527553
0.26548222
0.21557325
0.14499855
0.21872160
0.29717043
0.06392059