0.10557246
0.06126805
0.10598245
0.08311833
0.16150150
0.04285974
0.12150611
0.10987759
0.08717570
0.11588793
0.14218202
0.03052171
0.07880073
0.04250451
0.11271488
0.07493830
0.14296564
0.06844291
0.12116150
0.06664244
0.10953676
0.08189606
0.07631260
0.08217739
0.13083960
0.08970146
0.07827610
0.10247596
0.10536520
0.10911452
0.13049206
0.05053519
0.07948880
0.04177252
0.08747259
0.08680537
0.08238156
0.13580196
0.09212609
0.11398842
0.10128087
0.02994808
0.12086565
0.06615774
0.09632639
0.05503668
0.07476149
0.07500375
0.20302986
0.09335185
0.07810684
0.02828973
0.13161385
0.07800581
0.10645513
0.11499002
0.04755967
0.05573012
0.06077823
0.06942268
0.11041853
0.11470635
0.02881161
0.04637079
0.06203665
0.05287557
0.07610283
0.07242458
0.08487125
0.13819320
0.07280262
0.09588430
0.08789665
0.09386732
0.07541109
0.10446009
0.03668211
0.04680305
0.13388184
0.03542105
0.13500471
0.11974856
0.05481216
0.06224278
0.09062776
0.04268355
0.09963301
0.04529868
0.15589671
0.05043481
0.11095700
0.10680722
0.12284128
0.04893414
0.07444292
0.02971941
0.11017608
0.07525841
0.09675472
0.13487548
0.03533424