0.07852264
0.89024651
0.91559446
0.86055315
0.88083684
0.85948336
0.87889510
0.89253342
0.89379531
0.89321959
0.72587699
0.88278115
0.86103940
0.85481191
0.86421496
0.86880815
0.85761178
0.86485726
0.81169999
0.80460602
0.82626969
0.85882258
0.91405457
0.87074775
0.90041089
0.81768858
0.83392465
0.81355989
0.86540824
0.90038377
0.87722296
0.89255965
0.88142586
0.86380690
0.83880824
0.83514106
0.84452277
0.88154030
0.87033862
0.87877983
0.86343610
0.82564729
0.83162004
0.84921384
0.88911623
0.89078736
0.86860567
0.87248141
0.85724717
0.84700066
0.84488124
0.89412636
0.90781701
0.89655554
0.88693124
0.84423578
0.81225103
0.88428056
0.86453676
0.85560817
0.87992358
0.89443606
0.91139108
0.88795006
0.86845064
0.90208757
0.88863945
0.79214305
0.88481164
0.87137306
0.89433801
0.84335935
0.88605219
0.88464320
0.89502412
0.88911414
0.90542823
0.86321074
0.88102770
0.86704576
0.87254989
0.87538075
0.84360385
0.87982905
0.87245554
0.78757596
0.91117579
0.79829669
0.87720895
0.86935937
0.91028333
0.83515519
0.88413429
0.89220345
0.88941026
0.89479387
0.89745784
0.72655678
0.87415588
0.90300667
0.86535382