0.04015391
0.03880008
0.05427824
0.06840367
0.08412803
0.09698659
0.04210402
0.03976564
0.06575207
0.04234050
0.13562861
0.08561458
0.11892261
0.11313313
0.10157152
0.05613263
0.03611454
0.09841547
0.07405366
0.09284028
0.05661815
0.09010280
0.18664911
0.15825421
0.09973827
0.15891461
0.07727029
0.02971512
0.07034624
0.07394230
0.11288805
0.14724794
0.13737284
0.06943767
0.04279616
0.06842888
0.05015948
0.06453332
0.01791614
0.06934582
0.06734481
0.09346614
0.02794608
0.15804043
0.09013496
0.06253107
0.14681044
0.05949040
0.05270270
0.03469518
0.03610472
0.02198575
0.04239069
0.11598425
0.14726183
0.06010764
0.12606615
0.18992047
0.06945063
0.07413352
0.03152589
0.07466933
0.10597220
0.09945334
0.04971224
0.10546755
0.12409908
0.05242800
0.09544666
0.14858449
0.15611051
0.08452068
0.07637911
0.10079435
0.14366385
0.04064052
0.13413799
0.10393636
0.10333528
0.10169158
0.09969981
0.07747119
0.08146932
0.14440951
0.08736985
0.03526871
0.07327878
0.09572890
0.12817848
0.08469077
0.08255334
0.06230586
0.17882960
0.11762977
0.06992762
0.06614631
0.19307090
0.15394896
0.05351259
0.13040224
0.11847057