0.09471528
0.08472525
0.07260089
0.08565651
0.10991792
0.10939029
0.11953242
0.12594132
0.11441632
0.11703086
0.08925379
0.10290015
0.03295291
0.03468993
0.13269940
0.15774512
0.09976606
0.18562493
0.17982444
0.19619553
0.02252293
0.07370143
0.11070821
0.11260924
0.08581183
0.04964972
0.12520356
0.13421860
0.10989664
0.10634405
0.12777255
0.10878586
0.14911290
0.10244288
0.04223994
0.08470099
0.08973217
0.10644129
0.14464808
0.09269008
0.02874197
0.13903189
0.07136127
0.09671547
0.10695013
0.15870853
0.11101597
0.08547850
0.08647444
0.08699329
0.05848699
0.08065715
0.06230119
0.12741539
0.07262128
0.16902836
0.10338784
0.07880508
0.07293179
0.16912271
0.07047486
0.08749121
0.06724397
0.12959592
0.13254267
0.04628625
0.17090446
0.10841212
0.08918432
0.08650608
0.12540986
0.20179766
0.05365148
0.10718894
0.11087439
0.15370935
0.12992057
0.08364825
0.09222736
0.09313028
0.10299878
0.13649537
0.02094879
0.09060548
0.09511513
0.06415480
0.11664286
0.12030227
0.08431465
0.12133531
0.09260192
0.15190224
0.10079221
0.14810497
0.07625635
0.12455604
0.11265755
0.16436176
0.03466026
0.05206841
0.14567468