0.10973397
0.52302063
0.46682003
0.52781719
0.64845240
0.41329777
0.41323563
0.31113395
0.36833119
0.50760978
0.51931661
0.55693352
0.54309523
0.62924665
0.41788200
0.46763188
0.40598574
0.56979597
0.63354814
0.68899560
0.44203565
0.50005680
0.39711097
0.53479666
0.61271960
0.66194564
0.53461301
0.68544573
0.49946427
0.29782012
0.42388374
0.20425601
0.15788683
0.45591581
0.65386236
0.73667026
0.71599370
0.69748247
0.69567162
0.74553049
0.75785303
0.60693473
0.69485337
0.67141008
0.59472460
0.48176411
0.42216682
0.56922579
0.72658944
0.68113381
0.69360650
0.54850537
0.38544464
0.11652875
0.09105649
0.30097273
0.21930280
0.53758031
0.60702223
0.59522283
0.49218860
0.62352198
0.69386101
0.87148166
0.77479035
0.81900388
0.63738298
0.77261198
0.69209230
0.78293937
0.77849299
0.67494589
0.72422808
0.56011254
0.73983461
0.66461354
0.55665988
0.56139815
0.70797569
0.67881858
0.77605665
0.76148397
0.43746141
0.43884173
0.33282864
0.49464890
0.68542552
0.67610818
0.57090741
0.47320253
0.35373443
0.40406680
0.53682172
0.67813742
0.82342523
0.81143260
0.71168536
0.63850230
0.52986109
0.55123049
0.45547527