0.06884555
0.15526320
0.10447503
0.03308151
0.08115037
0.14260520
0.11047380
0.10893641
0.14873941
0.07042913
0.03247441
0.07729680
0.08156797
0.09451869
0.04545884
0.10454792
0.06171092
0.08068465
0.10485697
0.07087098
0.17671429
0.08329951
0.14106187
0.10711289
0.07548188
0.14280993
0.12009983
0.22891454
0.13058786
0.08312047
0.14979981
0.10407268
0.09694430
0.11705889
0.09613547
0.04328599
0.07760379
0.12167719
0.10064822
0.11089163
0.02397214
0.05171554
0.06704001
0.06369615
0.10501086
0.09034199
0.07009085
0.10233535
0.04241150
0.08342733
0.10275157
0.05040767
0.07809240
0.02922890
0.05246304
0.10111274
0.11816631
0.12216299
0.06876537
0.03297792
0.07389826
0.16893995
0.11107277
0.09092239
0.11202128
0.13545167
0.05374699
0.10407631
0.02782403
0.06961609
0.16763349
0.05148657
0.05776993
0.10858195
0.08467982
0.05883941
0.01308151
0.06412844
0.13816005
0.10457543
0.13636921
0.13330097
0.05499357
0.05591010
0.20434782
0.04570888
0.10671201
0.14832634
0.18965431
0.22026211
0.07563768
0.16702135
0.06837542
0.17002992
0.06703714
0.10641418
0.06802806
0.06960786
0.13561065
0.10920736
0.12811098