0.10303149
0.09285349
0.04685432
0.05779752
0.12683551
0.05649157
0.20534214
0.14590821
0.10451564
0.06265289
0.10255171
0.02213700
0.05269223
0.04112160
0.04482173
0.06202451
0.12817651
0.07707899
0.06866936
0.09214848
0.11277764
0.10187535
0.09592623
0.11045112
0.07705594
0.05844147
0.07307273
0.09156419
0.10980456
0.09544921
0.07950906
0.09914678
0.09428480
0.07859889
0.16859724
0.11654373
0.21085410
0.08969498
0.11522941
0.07806908
0.05179548
0.10306560
0.06697752
0.07569119
0.04991383
0.11550239
0.18465553
0.06263349
0.05365191
0.06065486
0.10201211
0.05349809
0.08267907
0.13878959
0.12568435
0.12198706
0.11719012
0.08138633
0.08521444
0.12529679
0.11035133
0.05215468
0.16478531
0.15180826
0.14263840
0.10018410
0.09862633
0.13252288
0.14136395
0.12524658
0.10627978
0.11816522
0.05191451
0.08606273
0.04358510
0.09730173
0.04894995
0.08447357
0.05800113
0.05588740
0.11853895
0.01078220
0.14806890
0.04055803
0.10084571
0.11446625
0.06905659
0.11679034
0.06966592
0.02777774
0.12389415
0.04658933
0.15013601
0.14410244
0.13747786
0.07927720
0.05795938
0.07317200
0.11340311
0.10554051
0.13595241