0.10072691
0.27293637
0.12128319
0.11876124
0.10464907
0.02160531
0.09097923
0.13380548
0.15976082
0.05625384
0.09361535
0.17194106
0.12830050
0.19018164
0.11647768
0.06849719
0.07777831
0.13746886
0.14863677
0.08947743
0.08518174
0.13419095
0.07516225
0.05300834
0.12284404
0.08417437
0.10700013
0.15290698
0.15936416
0.08373778
0.13115779
0.10712843
0.18688810
0.13544767
0.13451117
0.11610099
0.13778016
0.15247750
0.12103605
0.09498059
0.07308007
0.07050303
0.12510870
0.10814663
0.13725722
0.13052671
0.14099212
0.13659097
0.14688632
0.08334607
0.12405262
0.12226357
0.08499516
0.10746761
0.09781624
0.14739071
0.09902733
0.04135971
0.16107407
0.11008167
0.08417941
0.19298670
0.08256739
0.09229539
0.10153463
0.17342791
0.03670715
0.11855293
0.12016341
0.11525863
0.04177430
0.07024239
0.16843246
0.16046481
0.18158142
0.09710470
0.12243783
0.11210224
0.06073102
0.15953891
0.12328485
0.05109064
0.25932884
0.13035271
0.14910281
0.09807327
0.14275955
0.18463139
0.11098980
0.07976793
0.10674162
0.13567868
0.11477406
0.08591489
0.16733240
0.15386128
0.10485657
0.17827736
0.15772665
0.14354371
0.09281275