0.03719526
0.12585427
0.21259654
0.21635221
0.25955200
0.18997233
0.19340841
0.18651854
0.31247902
0.03961006
0.08914658
0.19786911
0.19096349
0.14278747
0.19075994
0.15879156
0.23021358
0.29332417
0.31829178
0.27762341
0.13961807
0.10426558
0.09799835
0.28312743
0.14565147
0.24253255
0.26215032
0.02448007
0.21485531
0.40231898
0.41586328
0.37287149
0.20267014
0.26406911
0.15125623
0.23208834
0.34134391
0.29747394
0.25970647
0.27075008
0.32643342
0.17860039
0.29593450
0.36726475
0.19476578
0.44989350
0.18418837
0.32615522
0.29418975
0.24452612
0.22293147
0.16210401
0.26581755
0.46032238
0.29871008
0.30245683
0.45715564
0.53272688
0.35888901
0.25715438
0.23332949
0.30333221
0.35894489
0.44459951
0.53676885
0.30213630
0.20099059
0.25594011
0.39911392
0.54329377
0.43874592
0.36128777
0.36943012
0.30359271
0.30558312
0.45638695
0.32683858
0.46190807
0.35241511
0.43389675
0.45773277
0.23712361
0.38360569
0.13009802
0.22271495
0.16631298
0.22170807
0.21849027
0.39013064
0.44671413
0.51347983
0.41612956
0.38469407
0.32768714
0.42438889
0.55093402
0.14544417
0.09475159
0.26888293
0.31197330
0.60658979