0.15928271
0.16599083
0.11005961
0.12311211
0.08831917
0.16374688
0.07889779
0.17348284
0.14319807
0.08908726
0.11610363
0.17929047
0.03687309
0.23755877
0.12692986
0.17388786
0.10861792
0.07749072
0.09857134
0.05988717
0.06851445
0.09166915
0.05464857
0.10308041
0.06901989
0.03663454
0.06691947
0.19137070
0.03441325
0.05765659
0.04633256
0.13080513
0.08406821
0.09025032
0.05630280
0.13693027
0.12121282
0.08357988
0.03132863
0.12040842
0.09940299
0.06957550
0.06440601
0.11404178
0.05263186
0.06155192
0.13084286
0.09775306
0.05663088
0.13216561
0.08192177
0.09778445
0.07453263
0.06182703
0.04795498
0.17552042
0.12343319
0.01412253
0.11341248
0.14323321
0.07337739
0.02663355
0.03151257
0.17453972
0.05997273
0.02829872
0.08240915
0.14418398
0.16235046
0.15094820
0.05725117
0.13095748
0.02845226
0.04882560
0.07659060
0.09696302
0.03127326
0.08013710
0.07228383
0.11602840
0.05537891
0.00969472
0.14677548
0.11200500
0.03202240
0.12430940
0.08650617
0.07999191
0.17426510
0.06819286
0.06775813
0.10889645
0.08537351
0.08071014
0.14054900
0.12815830
0.06962806
0.09756949
0.05225473
0.11837758
0.08910915