0.01929289
0.19070040
0.11321326
0.12008245
0.14125761
0.10261822
0.17221043
0.07340577
0.07636127
0.08892079
0.08352219
0.09211863
0.06612448
0.14540768
0.08436663
0.07227662
0.14723092
0.09785785
0.09811666
0.08802783
0.10811237
0.13644071
0.07214583
0.06029944
0.08342109
0.07410413
0.09467985
0.03707970
0.12647349
0.07230812
0.16115338
0.12664983
0.14969569
0.11106157
0.07548057
0.06734893
0.11932292
0.13923521
0.17067425
0.01274805
0.02656613
0.12296800
0.08211049
0.16051325
0.02093066
0.08239245
0.09501329
0.07651795
0.11934096
0.02005461
0.10185018
0.08263550
0.10997504
0.10544905
0.05234722
0.12494497
0.04679948
0.20459393
0.04542949
0.13649499
0.10918852
0.10256843
0.09482809
0.11613549
0.11980250
0.06640599
0.06100773
0.13354194
0.16743499
0.14109737
0.05836430
0.08570299
0.09105761
0.11988605
0.04972581
0.05707506
0.16576909
0.06621008
0.04021442
0.11264166
0.08386070
0.14554666
0.11748613
0.13632569
0.11494602
0.05838046
0.08043222
0.13863304
0.06523246
0.08551475
0.09812383
0.05094628
0.06896510
0.09266499
0.07474339
0.04491074
0.06353124
0.11806682
0.06899419
0.09893857
0.10280126