0.07788720
0.13935435
0.09853282
0.05550792
0.15138672
0.07184134
0.03107255
0.03030851
0.05025957
0.12984677
0.13417740
0.05592110
0.03386150
0.08570331
0.07470793
0.04028784
0.06312244
0.05414578
0.09459218
0.15532449
0.05182240
0.05369680
0.15916041
0.08099410
0.09998922
0.07418482
0.08037665
0.12221511
0.12857120
0.11974443
0.10933862
0.15641735
0.13954619
0.06551169
0.18568602
0.15305603
0.05572307
0.05873382
0.11674838
0.10538376
0.09233644
0.08564060
0.07515933
0.14401537
0.14842300
0.09561443
0.18113516
0.05911971
0.10526115
0.08334537
0.05897357
0.07694899
0.09814791
0.07719378
0.06781718
0.05089287
0.15650077
0.14294091
0.03780773
0.07095278
0.12583369
0.10402708
0.12212618
0.12456321
0.09484131
0.11376394
0.04025136
0.14794202
0.05671325
0.10073876
0.04400321
0.01216430
0.07847857
0.08686966
0.08194291
0.11808042
0.04920831
0.09769364
0.06014132
0.06632593
0.07300758
0.09618872
0.14767188
0.08213827
0.15252557
0.08028276
0.06133702
0.05660780
0.02772460
0.11044509
0.03886397
0.08323108
0.10958373
0.04122055
0.10199229
0.09686696
0.09230605
0.07485122
0.06472893
0.06816661
0.17144127