0.07878611
0.94645125
0.93069458
0.93840128
0.93335557
0.92751348
0.95296317
0.95939308
0.94164938
0.92512107
0.94313133
0.93235016
0.92678893
0.92901778
0.93644065
0.93411207
0.93461794
0.91648972
0.93706512
0.90996277
0.93980336
0.93489194
0.90629983
0.93202817
0.92046982
0.92382401
0.90917635
0.95510316
0.93448859
0.94451690
0.94377357
0.93771827
0.93150663
0.93350732
0.93887949
0.94789392
0.93611658
0.94275618
0.94410825
0.91448236
0.93800354
0.93785751
0.94202667
0.91352427
0.94511789
0.93472749
0.94790047
0.91040474
0.94075173
0.92915064
0.92950517
0.93785208
0.92077136
0.93125069
0.92146730
0.92022330
0.91449797
0.91950774
0.93489671
0.91366279
0.92069656
0.90248024
0.94099563
0.92890310
0.89997917
0.93422157
0.92672610
0.94357073
0.92732054
0.94631279
0.91878623
0.93849128
0.93200219
0.93196887
0.93241739
0.91851532
0.94824320
0.94616282
0.93303537
0.92835969
0.94873124
0.93187052
0.93480921
0.93971634
0.93562406
0.93722743
0.92984164
0.94126648
0.91963309
0.93384951
0.93739998
0.93328893
0.92982924
0.93580854
0.90449160
0.91342431
0.87318975
0.88352233
0.92276436
0.91941381
0.91725832