0.04015391
0.09841787
0.11068469
0.21882832
0.10882115
0.06150342
0.12568597
0.04392292
0.07595446
0.22621562
0.10731771
0.20690745
0.09517521
0.06746186
0.09647118
0.08875981
0.12149876
0.16852812
0.12340140
0.14954147
0.09702829
0.11897387
0.12582667
0.08158758
0.08515708
0.15030730
0.05470318
0.27543539
0.17114872
0.11508543
0.21566792
0.08351475
0.04591337
0.16664594
0.19775410
0.13155313
0.07562833
0.12730090
0.11787616
0.10782957
0.08615886
0.24928439
0.06237289
0.09368917
0.10360762
0.06836906
0.11009441
0.11833691
0.09123576
0.13473351
0.09319299
0.09417529
0.20386197
0.16523795
0.12240690
0.02068708
0.10896983
0.21432459
0.10872663
0.03290827
0.03497246
0.10490454
0.11867655
0.24141072
0.14651388
0.07652182
0.04947574
0.15333408
0.09992074
0.14359432
0.16210105
0.10505125
0.08165166
0.24470291
0.06129231
0.09416179
0.05509197
0.08537031
0.10975818
0.18367277
0.14190036
0.13286160
0.13673395
0.04047845
0.05590140
0.10681394
0.17704929
0.10445747
0.05858023
0.15396307
0.16891123
0.14670606
0.06776454
0.13506255
0.10617243
0.05565585
0.06982916
0.07611214
0.05185911
0.11161777
0.14293915