0.09753011
0.08173852
0.08650917
0.08123767
0.27949497
0.05876817
0.10680544
0.18981053
0.06083922
0.18064137
0.05034724
0.14770690
0.14915380
0.10897129
0.07218678
0.09677390
0.13370353
0.20067383
0.16187063
0.07413759
0.07156137
0.15916230
0.07992360
0.05202817
0.13980912
0.17925939
0.14312306
0.13757853
0.17588805
0.07611846
0.02418501
0.17304459
0.17059876
0.17652574
0.04108843
0.03615271
0.04677723
0.05923788
0.02830795
0.09293637
0.11307940
0.12372521
0.03640126
0.12395579
0.20399985
0.09369582
0.16913652
0.08817969
0.01566478
0.12113923
0.18982649
0.04139115
0.06243040
0.15543966
0.10988187
0.09883333
0.09996264
0.12073209
0.05086127
0.04282648
0.04861898
0.20953135
0.14810069
0.15313844
0.09553764
0.10215071
0.15184551
0.11163919
0.08943204
0.14386828
0.12765689
0.12813823
0.12371483
0.12532662
0.11753780
0.05915937
0.18658258
0.14937635
0.18186407
0.11569331
0.10780001
0.11795503
0.25394401
0.10014597
0.07455478
0.15220317
0.13838422
0.04102609
0.13940874
0.13079104
0.13427013
0.10121819
0.23554173
0.18245724
0.16738285
0.19311696
0.07808062
0.12756445
0.14340325
0.15868032
0.09213608