0.17097370
0.10692037
0.21345063
0.19587627
0.21288565
0.20233427
0.03667680
0.20892723
0.11591854
0.06683469
0.17333651
0.14043398
0.20642009
0.18793720
0.14068829
0.26420674
0.13530505
0.17573227
0.19376341
0.18365212
0.24643496
0.24505171
0.15271220
0.12257423
0.12075908
0.12002661
0.18803054
0.27962062
0.16940282
0.21614729
0.14111805
0.13498031
0.18449578
0.13439365
0.15291503
0.14303079
0.19296703
0.17598902
0.24017616
0.23554963
0.23495552
0.13058972
0.10445643
0.19893447
0.19908687
0.15640673
0.10632695
0.14307004
0.19167641
0.11321194
0.23374657
0.14194988
0.11194049
0.15719375
0.13206112
0.18220532
0.07092018
0.21818487
0.22329980
0.21983631
0.29505929
0.23372096
0.23255861
0.21385916
0.23166329
0.14575286
0.23521022
0.13305508
0.17400730
0.17680588
0.20143183
0.06322952
0.23689759
0.06767752
0.20604715
0.19107503
0.14704332
0.20422171
0.29382035
0.17202650
0.07612099
0.19346911
0.16770501
0.11456212
0.17234454
0.17953207
0.21368517
0.18264374
0.19752160
0.15901557
0.38758254
0.14850138
0.20700882
0.13437103
0.18169430
0.24018641
0.05907503
0.06484795
0.11420951
0.11322337
0.14135374