0.09256493
0.88240224
0.87332267
0.83007503
0.86042696
0.87387466
0.92472768
0.89963150
0.92012441
0.91052508
0.90550351
0.84966058
0.89431417
0.88585353
0.81884813
0.86926889
0.88593507
0.89842361
0.88164377
0.89706862
0.89125252
0.88670188
0.91374016
0.90549135
0.87946326
0.84787774
0.77011114
0.80873764
0.85368258
0.88864237
0.86449051
0.86734313
0.92279160
0.90145242
0.88040054
0.91832042
0.89311701
0.90761030
0.89773476
0.90311021
0.85438734
0.88471514
0.85553664
0.85736829
0.87074828
0.90575868
0.88736254
0.89889884
0.89618468
0.87039042
0.89398474
0.86865407
0.81829351
0.89317918
0.88019645
0.85122347
0.87436056
0.88685971
0.89962959
0.86134267
0.89617836
0.86913526
0.80846763
0.89931375
0.87647384
0.81559670
0.89696199
0.90656525
0.88671052
0.81838530
0.90392286
0.87356812
0.86925066
0.90493506
0.86012679
0.90875590
0.89365929
0.87456411
0.85521013
0.89979804
0.92090833
0.90575743
0.88934839
0.76662278
0.62436849
0.70297402
0.88312018
0.84559584
0.88437891
0.83838797
0.83981967
0.88270670
0.79212075
0.72832799
0.73771036
0.86979759
0.89434111
0.83041108
0.69199675
0.90277207
0.85280716