0.08153112
0.83111441
0.73970473
0.77519637
0.82946867
0.82943422
0.84714293
0.88466799
0.87472379
0.89491534
0.86650056
0.89974433
0.87958848
0.90185517
0.89464295
0.87602091
0.88854241
0.87934160
0.85524511
0.84270072
0.87954503
0.88604444
0.86455017
0.89949554
0.86172646
0.82721448
0.84412193
0.86329484
0.88320851
0.78720808
0.81729364
0.87289107
0.80219054
0.85199898
0.88414109
0.87197030
0.88115335
0.88415647
0.89255434
0.87539560
0.78715819
0.82981890
0.85000318
0.83168882
0.80843103
0.76637769
0.77356607
0.83727175
0.82748187
0.81692177
0.87538737
0.75690264
0.73763710
0.85184878
0.75953948
0.84028542
0.85829699
0.85517228
0.89221346
0.91758752
0.90150523
0.91677332
0.84293097
0.81428015
0.90510207
0.87527406
0.82246989
0.56379259
0.75420058
0.83175391
0.86515379
0.85548836
0.83645135
0.85879308
0.86620790
0.87350827
0.88972741
0.82775462
0.84236151
0.82365638
0.87095588
0.88816470
0.83636749
0.72667593
0.75440305
0.84614050
0.83554512
0.81302285
0.79913515
0.80975807
0.81672043
0.82343328
0.81309056
0.81694061
0.76500535
0.86158526
0.75978792
0.86617351
0.65682518
0.76142555
0.72807050