0.13953310
0.09896152
0.06899171
0.11277072
0.11039217
0.05319718
0.03221934
0.07118350
0.10651979
0.06492931
0.08933745
0.10109250
0.13867016
0.07123704
0.04590060
0.08327146
0.11937029
0.05898501
0.12995577
0.23297364
0.06310259
0.03438099
0.10176060
0.06267646
0.10173211
0.13673671
0.13164784
0.07151223
0.08392194
0.13476235
0.06505715
0.04514185
0.07279619
0.05160872
0.04155749
0.12473530
0.02617989
0.01090099
0.06464489
0.17847587
0.04339473
0.16295801
0.15215041
0.13953367
0.13016571
0.05557897
0.09268229
0.07247442
0.08318258
0.09177393
0.24074560
0.08366136
0.07924170
0.03470073
0.04849950
0.08713082
0.09233385
0.09600399
0.03752685
0.11611103
0.10156254
0.05736554
0.06972468
0.07975142
0.05292943
0.08165290
0.08126999
0.05939610
0.14173371
0.07975797
0.15517177
0.11112670
0.13370645
0.06498013
0.13001995
0.07440236
0.03133520
0.09030791
0.11166900
0.12620601
0.13651431
0.05334251
0.09346128
0.13897502
0.06965616
0.09033730
0.01171462
0.12565121
0.06719157
0.05727765
0.07812029
0.17179742
0.08057232
0.05988009
0.07612696
0.07135814
0.08621498
0.09477939
0.04618389
0.04765760
0.04939543