0.13948847
0.24704939
0.16311781
0.16800144
0.13368419
0.07057919
0.11337166
0.05692692
0.15150131
0.14458103
0.10767640
0.13266356
0.09703469
0.11682768
0.05684311
0.04349176
0.11058529
0.10355754
0.08416186
0.22776663
0.18973768
0.05359260
0.08897606
0.04041540
0.06698170
0.10657258
0.06308051
0.12153038
0.04979000
0.10945031
0.03687093
0.07194810
0.07370667
0.13468452
0.18114251
0.11066423
0.12681520
0.08624918
0.05189567
0.02955345
0.12481886
0.10383227
0.13328813
0.05005783
0.07512143
0.07482281
0.10260946
0.14032596
0.12983975
0.09474681
0.09505130
0.06902602
0.20697878
0.15223767
0.07065687
0.06032407
0.04314630
0.08527716
0.07792448
0.12691411
0.12958099
0.05879034
0.11851966
0.09318762
0.05730882
0.10277908
0.10502697
0.14387022
0.03322291
0.18810849
0.11121230
0.11522724
0.14941336
0.14282233
0.10117613
0.10473262
0.09678518
0.09992617
0.06749585
0.06987421
0.17034815
0.08889600
0.10719939
0.06948684
0.15614660
0.08326750
0.08808204
0.07404944
0.12348243
0.14693514
0.07636484
0.11595029
0.14907190
0.15503432
0.15581413
0.10386017
0.14110447
0.06018029
0.13614455
0.16257186
0.08464807