0.07251303
0.06017330
0.11337908
0.06990168
0.08469376
0.10010014
0.11787098
0.08920054
0.04415328
0.11055515
0.12847817
0.09705340
0.06227512
0.06205805
0.13899693
0.04594871
0.17065603
0.04899924
0.11426223
0.09719487
0.03184079
0.11590542
0.06224242
0.22254243
0.05129401
0.03685097
0.07954041
0.09661800
0.04790974
0.06572184
0.03223758
0.08589786
0.07405104
0.10373549
0.07000626
0.06110504
0.05900910
0.12361095
0.15402135
0.06325665
0.12947632
0.05910015
0.08607131
0.05002269
0.15080726
0.03589663
0.13711773
0.07457619
0.13651004
0.07756260
0.00349303
0.16044876
0.03635786
0.05448225
0.20076761
0.15415628
0.10229409
0.11047608
0.06847190
0.09322943
0.07811919
0.09883355
0.10559910
0.04822215
0.07689995
0.09663041
0.14090298
0.06518634
0.13601321
0.10324476
0.10662518
0.08324844
0.04890843
0.09977379
0.12206169
0.06990650
0.11135466
0.14572382
0.01563817
0.11803877
0.11002177
0.05670260
0.10745291
0.12378730
0.08773964
0.12611680
0.09265419
0.02665351
0.09548184
0.02281366
0.16240305
0.08179846
0.02139405
0.05590470
0.14843732
0.06395955
0.08703032
0.10802835
0.08028899
0.16552998
0.10030276