0.10194013
0.09928239
0.10196982
0.08407154
0.06148848
0.04615926
0.05855589
0.23762169
0.07950773
0.04831632
0.06318959
0.09203268
0.12208577
0.06036422
0.11021595
0.18846422
0.04410938
0.07506537
0.05046655
0.10092149
0.15041320
0.10139310
0.03626383
0.11421479
0.04833525
0.05377658
0.12883885
0.04359988
0.15614896
0.15647797
0.05856376
0.10446699
0.06265820
0.12286994
0.03672674
0.01831541
0.04346481
0.11180313
0.02707375
0.10756893
0.04912666
0.05328117
0.11667188
0.04172300
0.09468207
0.05944880
0.10192850
0.04574308
0.08878402
0.02689875
0.10557915
0.04026357
0.12925261
0.10541011
0.06486728
0.09255639
0.04745812
0.07704610
0.13136482
0.03048286
0.01869155
0.07146636
0.09995045
0.07185199
0.07749491
0.12028865
0.09520303
0.07282887
0.08168039
0.19356546
0.10158812
0.14442828
0.02825021
0.01371407
0.06014484
0.09738974
0.09700847
0.03842226
0.10047549
0.07258266
0.02735769
0.14223227
0.15725382
0.14466244
0.07736205
0.05143551
0.07776412
0.15763348
0.14974335
0.12374615
0.10924783
0.04383370
0.06598428
0.06764803
0.17425360
0.09860318
0.07850373
0.10028220
0.06798738
0.19088301
0.07150456