0.15018468
0.14060952
0.20617342
0.08733985
0.21585798
0.19278637
0.39154255
0.22160317
0.34678406
0.35245645
0.33396232
0.32405061
0.30992234
0.31519008
0.27545941
0.18341728
0.20412417
0.09516662
0.06467676
0.14659537
0.17895946
0.17578137
0.11692190
0.25253794
0.11925574
0.29842043
0.36947903
0.28455788
0.33333722
0.22146025
0.20514712
0.17255777
0.24180236
0.23120165
0.19861445
0.08829927
0.17407683
0.12833729
0.02383065
0.15412487
0.11272348
0.15401208
0.23601347
0.23976117
0.15662035
0.15092269
0.20386991
0.16585179
0.17501421
0.31866682
0.21828896
0.23877148
0.19960813
0.08940081
0.17834058
0.15101324
0.17218676
0.26251879
0.17941977
0.16285671
0.09566513
0.25941223
0.28348085
0.25315273
0.39231154
0.31199473
0.16385046
0.17456445
0.19035119
0.07050125
0.09306983
0.19217062
0.22263956
0.31461215
0.21125877
0.31719771
0.33780646
0.21125914
0.25076911
0.31110477
0.39411440
0.34249374
0.32976386
0.28108156
0.10336869
0.09246367
0.18823452
0.16038994
0.14828885
0.22678891
0.24172297
0.14994380
0.30602399
0.26822168
0.14473079
0.12947206
0.19983158
0.18225804
0.12772228
0.12431069
0.24725834