0.04789208
0.08335474
0.12109981
0.09080388
0.05730014
0.16248521
0.10908291
0.09010626
0.05173518
0.08555903
0.12794077
0.06044026
0.11246456
0.11061332
0.10895409
0.11231396
0.08036862
0.25829753
0.15412630
0.15252991
0.05271940
0.05132321
0.12556472
0.11048643
0.08300925
0.10801046
0.10921006
0.03748887
0.07062804
0.11299354
0.06483059
0.18066391
0.11397284
0.08807543
0.21817413
0.11143188
0.15720981
0.12611634
0.08946966
0.13365489
0.09013051
0.08464303
0.08199844
0.09706879
0.11862583
0.06851597
0.09119852
0.07866819
0.07972594
0.10454880
0.05914598
0.10895817
0.06953543
0.06198551
0.07807200
0.16388437
0.10327557
0.06003743
0.10352686
0.15525435
0.10892452
0.09726661
0.08731351
0.08853824
0.08629659
0.10298563
0.04735507
0.05302312
0.06216959
0.03189934
0.11059041
0.13401237
0.08302011
0.12274459
0.15972982
0.06592086
0.06113991
0.05403987
0.10131513
0.12296145
0.03932285
0.10849601
0.04015107
0.04145813
0.10051405
0.11235556
0.12003411
0.13726835
0.04828586
0.06442923
0.02835643
0.08252552
0.12677927
0.10969970
0.13907504
0.13019912
0.09379008
0.05796201
0.12000127
0.07464686
0.09299560