0.14674504
0.06536534
0.08248571
0.12360859
0.14944251
0.05898292
0.07435790
0.07306961
0.09912995
0.07278264
0.07965283
0.08314715
0.14858760
0.17192492
0.09094058
0.11169291
0.14693975
0.06228106
0.04639615
0.08099674
0.11097828
0.11439728
0.03031488
0.03578009
0.07660032
0.01862258
0.09496924
0.04150993
0.08719645
0.10662589
0.08983725
0.12270301
0.08763769
0.11088385
0.16046156
0.08638451
0.06215001
0.04154093
0.12027363
0.14952561
0.08180556
0.09305197
0.11169986
0.07783211
0.09111687
0.08096388
0.08743037
0.14612684
0.02825375
0.10129496
0.03092407
0.07944075
0.13192897
0.04571604
0.15498990
0.05976129
0.11935882
0.04318018
0.05371318
0.13315083
0.09676962
0.10265990
0.07745872
0.09366912
0.03634392
0.04094606
0.06171091
0.07561676
0.08605082
0.05216550
0.10680100
0.05999570
0.08661810
0.09290565
0.10088012
0.07462467
0.08289795
0.12731329
0.15250230
0.08104216
0.09696215
0.15159173
0.13601772
0.16292672
0.10253124
0.14153156
0.08182041
0.09152339
0.08580852
0.04255977
0.08163262
0.12951961
0.15321495
0.09917521
0.16402933
0.12570949
0.10160890
0.07492463
0.09361022
0.20285295
0.09533364