0.08236460
0.09881755
0.03898101
0.09194445
0.09630518
0.06621516
0.09842672
0.10410017
0.10645155
0.12404050
0.08114236
0.08963115
0.08210411
0.10237639
0.08569776
0.05577004
0.13737100
0.06247916
0.04685077
0.08192582
0.07861035
0.10910882
0.11321387
0.11221156
0.04653705
0.17086487
0.02248852
0.09465807
0.07874885
0.03897019
0.10113172
0.06816418
0.13823129
0.11650422
0.11597925
0.14337395
0.07800914
0.09577175
0.12411568
0.17516203
0.10372741
0.06560009
0.10114186
0.12332480
0.05262611
0.11370768
0.14802910
0.15338130
0.08581727
0.17970267
0.04562145
0.04044400
0.14949375
0.20474118
0.08148666
0.05540521
0.04608952
0.08550126
0.08137597
0.12907240
0.13484824
0.14098766
0.15384792
0.09131057
0.04499623
0.13906425
0.06313574
0.11127207
0.08011635
0.05131212
0.11950450
0.04582577
0.17215186
0.06415845
0.06425449
0.12197061
0.06306289
0.06754019
0.08584265
0.06627131
0.09756783
0.08656251
0.13543002
0.06447209
0.05719030
0.21624993
0.11626280
0.09008840
0.13960996
0.09005800
0.03253394
0.05291930
0.08875708
0.22868460
0.15573181
0.08437683
0.08533549
0.09084044
0.08516894
0.06910054
0.13099796