0.17855704
0.18907195
0.24789818
0.15915395
0.20861842
0.07490370
0.15216506
0.15741016
0.18891940
0.21116664
0.15587009
0.16102795
0.23303917
0.11675109
0.21692690
0.10982428
0.24164720
0.16134730
0.23267013
0.14868890
0.19376698
0.15365300
0.21732990
0.10616521
0.17857893
0.27085403
0.07249625
0.13451095
0.16356006
0.16133270
0.07913610
0.13318801
0.08629001
0.32083434
0.13549301
0.15338811
0.19757304
0.11314897
0.11018164
0.09635510
0.15656544
0.18490641
0.17924780
0.33895382
0.13433148
0.21736583
0.25851703
0.34333837
0.23452362
0.36856079
0.23548189
0.08863067
0.17280453
0.18060257
0.22492798
0.28048864
0.15251976
0.08576681
0.13386026
0.14198446
0.03157998
0.20289446
0.21879777
0.18704171
0.21846943
0.13361028
0.25565463
0.06070825
0.25507724
0.16016693
0.19529390
0.12948996
0.05916578
0.13522476
0.19806063
0.16600703
0.19770575
0.16463953
0.13314429
0.17283773
0.11879502
0.19209124
0.05494004
0.04432485
0.17120162
0.21817121
0.17107348
0.14948739
0.17784566
0.13781573
0.23251267
0.13787004
0.22529738
0.08606042
0.16305746
0.12270627
0.10896668
0.22282630
0.06784163
0.11746752
0.08726311