0.05071247
0.04735593
0.26200238
0.24820785
0.09981868
0.12638080
0.08872227
0.23222256
0.20039281
0.21390207
0.15600388
0.18431875
0.10236052
0.04809326
0.05403123
0.05781169
0.13911384
0.25568524
0.25840476
0.05276629
0.19094588
0.20608164
0.18372998
0.19169167
0.08286993
0.08716361
0.11763339
0.19142860
0.27647635
0.08562870
0.20326605
0.06193463
0.24791929
0.08980237
0.14331555
0.21044034
0.24979796
0.19122866
0.05908676
0.22212790
0.17801589
0.13053097
0.13547289
0.28262216
0.15933819
0.08971796
0.11959403
0.10983960
0.11435809
0.08690970
0.17311518
0.14430122
0.04526825
0.16272809
0.22718920
0.11495185
0.10201254
0.05184637
0.07661675
0.10748713
0.15848574
0.08160197
0.21624887
0.31638122
0.19641978
0.26667210
0.20730314
0.09042355
0.15358464
0.07947427
0.10920195
0.04860347
0.18165246
0.20123447
0.20270918
0.08168106
0.14849113
0.02498138
0.11583309
0.21790257
0.18376659
0.10113993
0.21122992
0.20311993
0.10035256
0.16944326
0.05527799
0.16181153
0.03086419
0.18265627
0.17170084
0.16337427
0.14730157
0.03533061
0.29454544
0.09237384
0.08246191
0.20087498
0.16129386
0.12615670
0.24056837