0.07874878
0.24151464
0.12042979
0.17159218
0.21068507
0.11201488
0.32106921
0.35010797
0.22973646
0.16984788
0.05038474
0.15117185
0.13523144
0.25440511
0.23615542
0.07750162
0.19222115
0.31826296
0.24186215
0.27545899
0.17797236
0.28221539
0.12821573
0.14892799
0.12941280
0.14814928
0.10540628
0.11915230
0.19029120
0.17227064
0.23664908
0.11849726
0.11127420
0.04571928
0.14711310
0.41688854
0.23074588
0.26883715
0.22302255
0.28388694
0.36412162
0.23560032
0.32394972
0.29068515
0.29484436
0.28411916
0.10511089
0.10823449
0.17289896
0.19138868
0.24254628
0.11621425
0.08204432
0.09153492
0.14928843
0.23399250
0.24246283
0.23546845
0.04664346
0.18278009
0.23291978
0.19465849
0.15228947
0.20429067
0.17007345
0.24489143
0.22672537
0.15232733
0.13643618
0.17828473
0.11132861
0.16995458
0.13285914
0.35352695
0.38158607
0.44959018
0.23076050
0.31293756
0.28922766
0.33463162
0.23158869
0.05969851
0.16285649
0.17877887
0.38083023
0.31183648
0.31505492
0.35925290
0.24667078
0.32702601
0.20656218
0.21595816
0.15550269
0.08628523
0.27675956
0.36245698
0.36363026
0.21673289
0.25433093
0.32918236
0.27984667