0.09254986
0.52204251
0.81690329
0.80335593
0.82042372
0.77099365
0.80051827
0.75646460
0.78170502
0.84287179
0.70803499
0.79795319
0.78423643
0.84643435
0.79380506
0.75400651
0.78884757
0.77845246
0.81675494
0.82365090
0.83837426
0.69983804
0.77941751
0.82449365
0.82865024
0.83253646
0.84254885
0.78897333
0.76205140
0.82589883
0.85302055
0.69472796
0.77391893
0.79284453
0.86011541
0.72170174
0.66324508
0.82321966
0.81587374
0.77098852
0.87759119
0.81362456
0.83747900
0.86338609
0.86003166
0.81446570
0.83165878
0.83761674
0.85809809
0.85187078
0.79774344
0.82545477
0.83592856
0.81258398
0.74258834
0.75790101
0.79440713
0.78399086
0.88339651
0.69244057
0.76782995
0.85381055
0.90119433
0.71509498
0.75736618
0.72235590
0.79248399
0.84386575
0.81512964
0.73227358
0.81367403
0.84065598
0.85960692
0.80246305
0.79941809
0.73216665
0.87310380
0.79832464
0.76280898
0.79926109
0.72552592
0.67013925
0.62872076
0.77918726
0.75878525
0.78662622
0.82469183
0.80666572
0.74384618
0.77860379
0.83026278
0.73590285
0.62215090
0.73689216
0.74193186
0.82347792
0.56080025
0.45009038
0.55211008
0.65618443
0.80699706