0.16837636
0.15207833
0.11439870
0.10988317
0.16644691
0.16062607
0.14458829
0.29625535
0.30144984
0.21288243
0.17051378
0.16626318
0.10059538
0.20184100
0.31047770
0.23909685
0.13049960
0.21323186
0.29623783
0.25192705
0.28668693
0.31328803
0.31616458
0.38116637
0.37796366
0.49782246
0.52195215
0.51112348
0.35682988
0.25901967
0.25242496
0.32941434
0.29421222
0.24777386
0.18815686
0.17631511
0.15235546
0.20100754
0.18516247
0.20088753
0.18300515
0.21149014
0.24948917
0.27281725
0.17256619
0.11299033
0.06030917
0.17976302
0.37402859
0.27275279
0.12137611
0.23968998
0.21094941
0.08820577
0.24224147
0.15477663
0.25648400
0.21562129
0.08172815
0.04935347
0.16712503
0.05944587
0.22937956
0.17426607
0.10362618
0.22112054
0.23281354
0.40262398
0.31426528
0.17073932
0.19714609
0.26363900
0.26618838
0.23181723
0.15711352
0.31825715
0.33853477
0.26723668
0.33288178
0.32482338
0.29311478
0.46594876
0.44907424
0.49199811
0.20263217
0.12478389
0.09774151
0.14035690
0.22199643
0.24888462
0.27140233
0.18895429
0.17931229
0.09653375
0.18588290
0.17962494
0.19370461
0.08913945
0.16876590
0.42889196
0.46442711