0.10194013
0.20176177
0.08566028
0.03482440
0.14095753
0.14239484
0.21444707
0.11945770
0.15108341
0.08863501
0.05079830
0.12124199
0.16311143
0.05588983
0.17108583
0.08257474
0.07201414
0.06485007
0.11963923
0.19164112
0.20616546
0.16163191
0.12394674
0.12768169
0.12488201
0.18303934
0.12409428
0.06343006
0.09500057
0.12008166
0.16805704
0.03860195
0.12091330
0.08688238
0.25151947
0.13829096
0.18921156
0.05779753
0.08822474
0.07204413
0.10752025
0.10548584
0.15717082
0.10725451
0.12142655
0.13986649
0.09402279
0.11982765
0.09762433
0.13711172
0.12249563
0.16193245
0.07583436
0.07728007
0.04619062
0.14895710
0.12641279
0.19534737
0.09369987
0.18948676
0.11395919
0.11003910
0.09674722
0.20556626
0.12234176
0.11792892
0.11424654
0.08509573
0.15821975
0.14064413
0.16813348
0.09337062
0.19456443
0.16887793
0.18568668
0.10182047
0.07996948
0.14185685
0.16382070
0.13327648
0.13761503
0.17186576
0.10801359
0.11323569
0.09016003
0.11423241
0.09776755
0.21564101
0.12884788
0.16694571
0.14877202
0.06165947
0.13514072
0.14867550
0.07924581
0.05215493
0.19538885
0.15922102
0.14300555
0.06925280
0.12392864