0.13413607
0.06788617
0.06191218
0.08082947
0.00303473
0.02940929
0.14129232
0.08773481
0.12466052
0.10565051
0.10948406
0.10282068
0.07528122
0.06227454
0.09210233
0.13326120
0.06523952
0.12831648
0.06171574
0.22030015
0.13551044
0.07653525
0.08564201
0.10674203
0.04457766
0.08905908
0.17263901
0.09638973
0.09462114
0.17947811
0.04805006
0.09363917
0.08829195
0.05701901
0.07949024
0.13322552
0.11619700
0.05879293
0.07136333
0.08256321
0.07336318
0.05620128
0.06298973
0.05646079
0.14397620
0.09052363
0.05988626
0.10966763
0.05055062
0.13442253
0.10474897
0.05476426
0.14485265
0.08210061
0.02661386
0.08085061
0.15550068
0.08076931
0.07067875
0.03789539
0.05546764
0.15815938
0.21466309
0.11397790
0.04451817
0.12493460
0.09057532
0.06674876
0.04764315
0.07871389
0.08055017
0.13009271
0.13840984
0.19973570
0.06708954
0.01519199
0.04791722
0.09584232
0.03714727
0.16236652
0.07835583
0.08370168
0.04337244
0.10767353
0.07342918
0.14931037
0.09896780
0.08335464
0.09261686
0.11129780
0.01942112
0.05140663
0.08784565
0.07393145
0.08493344
0.06212815
0.09043244
0.12660989
0.11509499
0.09940269
0.18382376