0.05071247
0.18522829
0.23181972
0.06056324
0.15201059
0.12906906
0.22507697
0.17133892
0.15316883
0.16532044
0.21566266
0.14950123
0.15311137
0.16388670
0.14993228
0.22186662
0.36335385
0.31728572
0.30963826
0.20349054
0.34099197
0.28816688
0.14300695
0.24817324
0.21306998
0.33907056
0.35199058
0.31204018
0.16287090
0.16734260
0.09612861
0.16060565
0.20045324
0.12636963
0.21761101
0.24825607
0.22917993
0.24294381
0.21143085
0.19396719
0.26567885
0.19278640
0.18026300
0.15310718
0.12643768
0.27627519
0.06487532
0.17278892
0.13055727
0.17662606
0.21092305
0.15632714
0.09319718
0.22979935
0.28584948
0.17115642
0.14175011
0.28988695
0.32677060
0.31715742
0.24722128
0.23605226
0.01518610
0.08744407
0.23428854
0.29323986
0.25041559
0.21516438
0.16846418
0.19461133
0.22182240
0.13845317
0.16071805
0.13922654
0.14264005
0.08769192
0.10751276
0.16044825
0.32346386
0.26707211
0.25056612
0.26610076
0.18466035
0.35692558
0.25692239
0.28094214
0.22861530
0.27885535
0.28200233
0.18821424
0.25756446
0.29464644
0.23615879
0.22977449
0.13747551
0.22162057
0.20346659
0.24141571
0.31872785
0.17573002
0.09904299