0.07551902
0.12307350
0.04283584
0.09664191
0.09978554
0.14969197
0.04082552
0.02502038
0.08185390
0.10006186
0.04954791
0.07668485
0.08255284
0.04257188
0.12732507
0.05542990
0.15080358
0.17050621
0.02071434
0.06918311
0.07035773
0.04715035
0.07023957
0.08225146
0.05763187
0.04819965
0.06967798
0.14551251
0.14010866
0.14417028
0.07377823
0.03084235
0.07521835
0.08659990
0.05980184
0.06919215
0.10973526
0.02069066
0.07386683
0.03159628
0.08300748
0.10168739
0.05176052
0.07839294
0.07748284
0.09526858
0.05187537
0.14478314
0.13612895
0.08230114
0.10549755
0.21130344
0.14295027
0.04181203
0.04037113
0.02583649
0.04960293
0.06801485
0.08503173
0.08927581
0.06933424
0.09978941
0.10411869
0.11189950
0.03031446
0.10931432
0.10100457
0.07836902
0.08233122
0.05737422
0.08977523
0.05222779
0.18817206
0.05889098
0.07322221
0.11005450
0.12963648
0.02539482
0.10529998
0.12264904
0.11231936
0.07136908
0.14436325
0.08859598
0.11443472
0.10240889
0.10791451
0.09261525
0.06387171
0.05132487
0.08970714
0.07081106
0.11609799
0.02588093
0.12358461
0.08610711
0.09717546
0.13362634
0.10867009
0.07540898
0.05821526